layers/pop/HTI_pop.asc
NCOLS 500 
NROWS 376 
XLLCORNER -74.6 
YLLCORNER 17.9 
CELLSIZE 0.00606666666666658 
NODATA_value -9999 
[rows 74 to 110 of 376, columns 252 to 335 of 500]
167 167 167 167 164 156 150 147 147 147 147 147 148 148 148 148 148 148 172 210 238 243 243 243 243 251 260 268 268 268 268 268 269 270 271 271 271 271 271 252 237 229 229 229 229 236 304 347 368 368 368 368 369 374 377 378 378 378 378 378 378 378 378 378 378 378 372 360 356 355 355 355 355 299 227 198 195 195 195 195 194 193 192 192
167 167 167 167 164 156 150 147 147 147 147 147 148 148 148 148 148 148 172 210 238 243 243 243 243 251 260 268 268 268 268 268 269 270 271 271 271 271 271 252 237 229 229 229 229 236 304 347 368 368 368 368 369 374 377 378 378 378 378 378 378 378 378 378 378 378 372 360 356 355 355 355 355 299 227 198 195 195 195 195 194 193 192 192
167 167 167 167 164 156 150 147 147 147 147 147 148 148 148 148 148 148 172 210 238 243 243 243 243 251 260 268 268 268 268 268 269 270 271 271 271 271 271 252 237 229 229 229 229 236 304 347 368 368 368 368 369 374 377 378 378 378 378 378 378 378 378 378 378 378 372 360 356 355 355 355 355 299 227 198 195 195 195 195 194 193 192 192
164 164 164 164 162 153 147 144 144 144 144 144 145 145 145 145 145 145 166 201 227 231 231 231 231 239 249 256 257 257 257 257 257 257 258 258 258 258 258 238 224 216 216 216 216 224 294 338 361 361 361 361 363 372 376 378 378 378 378 378 378 378 378 378 378 378 372 362 358 357 357 357 357 300 226 196 193 193 193 193 192 191 190 190
153 153 153 153 150 142 134 131 131 131 131 132 132 132 132 132 132 132 146 167 183 186 186 186 186 195 206 213 214 214 214 214 211 208 207 207 207 207 207 188 174 166 166 166 166 175 256 307 333 333 333 333 338 361 373 378 378 378 378 378 378 378 378 378 378 378 374 368 366 365 365 365 365 303 222 189 186 186 186 186 184 183 182 182
144 144 144 144 141 132 125 122 122 122 122 122 122 122 122 122 122 122 128 139 147 148 148 148 148 157 169 178 178 178 178 178 173 168 165 165 165 165 165 146 133 125 125 125 125 135 225 282 310 310 310 310 318 352 370 378 378 378 378 378 378 378 378 378 378 378 376 373 372 372 372 372 372 305 218 183 179 179 179 179 177 176 175 175
139 139 139 139 136 127 120 117 117 117 117 117 117 117 117 117 117 117 120 126 129 130 130 130 130 140 152 161 161 161 161 161 155 149 145 145 145 145 145 126 113 105 105 105 105 115 210 269 299 299 299 299 309 348 369 378 378 378 378 378 378 378 378 378 378 378 377 376 375 375 375 375 375 306 216 180 176 176 176 176 174 173 172 172
139 139 139 139 136 127 120 117 117 117 117 117 117 117 117 117 117 117 120 126 129 130 130 130 130 140 152 161 161 161 161 161 155 149 145 145 145 145 145 126 113 105 105 105 105 115 210 269 299 299 299 299 309 348 369 378 378 378 378 378 378 378 378 378 378 378 377 376 375 375 375 375 375 306 216 180 176 176 176 176 174 173 172 172
139 139 139 139 136 127 120 117 117 117 117 117 117 117 117 117 117 117 120 126 129 130 130 130 130 140 152 161 161 161 161 161 155 149 145 145 145 145 145 126 113 105 105 105 105 115 210 269 299 299 299 299 309 348 369 378 378 378 378 378 378 378 378 378 378 378 377 376 375 375 375 375 375 306 216 180 176 176 176 176 174 173 172 172
139 139 139 139 136 127 120 117 117 117 117 117 117 117 117 117 117 117 120 126 129 130 130 130 130 140 152 161 161 161 161 161 155 149 145 145 145 145 145 126 113 105 105 105 105 115 210 269 299 299 299 299 309 348 369 378 378 378 378 378 378 378 378 378 378 378 377 376 375 375 375 375 375 306 216 180 176 176 176 176 174 173 172 172
135 135 135 135 133 126 120 117 117 117 117 117 117 117 117 117 117 117 120 124 127 128 128 128 128 136 145 152 153 153 153 153 147 142 138 138 138 138 138 123 111 105 105 105 105 115 209 268 297 297 297 297 307 347 369 378 378 378 378 378 378 378 378 378 378 378 377 376 376 376 376 376 376 309 222 187 183 183 183 183 178 174 172 172
126 126 126 126 125 121 118 117 117 117 117 117 117 117 117 117 117 117 118 120 123 123 123 123 123 125 129 132 132 132 132 132 127 124 122 122 122 122 122 113 107 104 104 104 104 114 206 263 292 292 292 292 302 345 368 378 378 378 378 378 378 378 378 378 378 378 378 377 377 377 377 377 377 315 236 203 199 199 199 199 187 176 172 172
119 119 119 119 118 118 117 117 117 117 117 117 117 117 117 117 117 117 117 118 118 119 119 119 119 118 117 116 116 116 116 116 113 110 109 109 109 109 109 106 105 104 104 104 104 114 203 259 288 288 288 288 298 344 368 378 378 378 378 378 378 378 378 378 378 378 378 378 378 378 378 378 378 320 246 215 212 212 212 212 194 178 172 172
116 116 116 116 116 117 117 117 117 117 117 117 117 117 117 117 117 117 117 117 117 117 117 117 117 115 112 110 110 110 110 110 108 105 104 104 104 104 104 104 104 104 104 104 104 114 203 258 286 286 286 286 297 343 367 378 378 378 378 378 378 378 378 378 378 378 378 378 378 378 378 378 378 322 249 219 216 216 216 216 197 179 172 172
116 116 116 116 116 117 117 117 117 117 117 117 117 117 117 117 117 117 117 117 117 117 117 117 117 115 112 110 110 110 110 110 108 105 104 104 104 104 104 104 104 104 104 104 104 114 203 258 286 286 286 286 297 343 367 378 378 378 378 378 378 378 378 378 378 378 378 378 378 378 378 378 378 322 249 219 216 216 216 216 197 179 172 172
116 116 116 116 116 117 117 117 117 117 117 117 117 117 117 117 117 117 117 117 117 117 117 117 117 115 112 110 110 110 110 110 108 105 104 104 104 104 104 104 104 104 104 104 104 114 203 258 286 286 286 286 297 343 367 378 378 378 378 378 378 378 378 378 378 378 378 378 378 378 378 378 378 322 249 219 216 216 216 216 197 179 172 172
116 116 116 116 116 117 117 117 117 117 117 117 117 117 117 117 117 117 117 117 117 117 117 117 117 115 112 110 110 110 110 110 108 105 104 104 104 104 104 104 104 104 104 104 104 114 203 258 286 286 286 286 297 343 367 378 378 378 378 378 378 378 378 378 378 378 378 378 378 378 378 378 378 322 249 219 216 216 216 216 197 179 172 172
116 116 116 116 117 117 117 117 117 117 117 117 117 117 117 117 117 117 117 117 117 117 117 117 117 115 113 112 112 112 112 112 109 106 104 104 104 104 104 104 104 104 104 104 104 112 186 232 255 255 255 255 269 326 356 370 370 370 370 371 375 377 378 378 378 378 378 378 378 378 378 378 378 325 256 227 224 224 224 224 205 187 180 180
117 117 117 117 117 117 117 117 117 117 117 117 117 117 117 117 117 117 117 117 117 117 117 117 117 116 115 114 114 114 114 114 110 107 105 105 105 105 105 104 104 104 104 104 104 109 155 184 199 199 199 199 218 296 336 354 354 354 354 359 370 375 377 377 377 377 377 378 378 378 378 378 378 330 267 242 239 239 239 239 219 201 193 193
117 117 117 117 117 117 117 117 117 117 117 117 117 117 117 117 117 117 117 117 117 117 117 117 117 116 116 116 116 116 116 116 111 108 105 105 105 105 105 104 104 104 104 104 104 107 133 150 158 158 158 158 180 273 322 343 343 343 343 350 367 374 376 376 376 376 377 377 378 378 378 378 378 334 276 252 250 250 250 250 230 211 203 203
117 117 117 117 117 117 117 117 117 117 117 117 117 117 117 117 117 117 117 117 117 117 117 117 117 116 116 116 116 116 116 116 112 108 105 105 105 105 105 104 104 104 104 104 104 106 128 142 149 149 149 149 172 268 319 341 341 341 341 348 366 373 376 376 376 376 376 377 378 378 378 378 378 334 278 255 252 252 252 252 232 213 205 205
117 117 117 117 117 117 117 117 117 117 117 117 117 117 117 117 117 117 117 117 117 117 117 117 117 116 116 116 116 116 116 116 112 108 105 105 105 105 105 104 104 104 104 104 104 106 128 142 149 149 149 149 172 268 319 341 341 341 341 348 366 373 376 376 376 376 376 377 378 378 378 378 378 334 278 255 252 252 252 252 232 213 205 205
117 117 117 117 117 117 117 117 117 117 117 117 117 117 117 117 117 117 117 117 117 117 117 117 117 116 116 116 116 116 116 116 112 108 105 105 105 105 105 104 104 104 104 104 104 106 128 142 149 149 149 149 172 268 319 341 341 341 341 348 366 373 376 376 376 376 376 377 378 378 378 378 378 334 278 255 252 252 252 252 232 213 205 205
117 117 117 117 117 117 117 117 117 117 117 117 117 117 117 117 117 117 117 117 117 117 117 117 117 116 116 116 116 116 116 116 112 108 105 105 105 105 105 104 104 104 104 104 104 106 128 142 149 149 149 149 172 268 319 341 341 341 341 348 366 373 376 376 376 376 376 377 378 378 378 378 378 334 278 255 252 252 252 252 232 213 205 205
117 117 117 117 117 117 117 117 117 117 117 117 117 117 117 117 117 117 117 117 117 117 117 117 117 116 116 116 116 116 116 116 112 108 105 105 105 105 105 104 104 104 104 104 104 106 121 131 136 136 136 136 155 233 274 292 292 292 292 299 318 326 328 328 328 328 331 335 337 338 338 338 338 304 260 242 240 240 240 240 225 212 206 206
-9999 -9999 -9999 -9999 -9999 -9999 -9999 -9999 -9999 -9999 -9999 -9999 117 117 117 117 117 117 117 117 117 117 117 117 117 116 116 116 116 116 116 116 112 108 105 105 105 105 105 104 104 104 104 104 104 105 112 116 117 117 117 117 131 185 214 226 226 226 226 233 253 261 264 264 264 264 269 279 282 283 283 283 283 262 235 224 223 223 223 223 216 211 208 208
-9999 -9999 -9999 -9999 -9999 -9999 -9999 -9999 -9999 -9999 -9999 -9999 117 117 117 117 117 117 117 117 117 117 117 117 117 116 116 116 116 116 116 116 112 108 105 105 105 105 105 104 104 104 104 104 104 104 105 105 105 105 105 105 114 151 171 179 179 179 179 187 207 216 219 219 219 219 226 238 243 244 244 244 244 233 218 212 211 211 211 211 211 210 210 210
-9999 -9999 -9999 -9999 -9999 -9999 -9999 -9999 -9999 -9999 -9999 -9999 117 117 117 117 117 117 117 117 117 117 117 117 117 116 116 116 116 116 116 116 112 108 105 105 105 105 105 104 104 104 104 104 104 104 104 104 104 104 104 104 113 148 167 175 175 175 175 183 203 212 215 215 215 215 222 235 240 241 241 241 241 230 216 211 210 210 210 210 210 210 210 210
-9999 -9999 -9999 -9999 -9999 -9999 -9999 -9999 -9999 -9999 -9999 -9999 117 117 117 117 117 117 117 117 117 117 117 117 117 116 116 116 116 116 116 116 112 108 105 105 105 105 105 104 104 104 104 104 104 104 104 104 104 104 104 104 113 148 167 175 175 175 175 183 203 212 215 215 215 215 222 235 240 241 241 241 241 230 216 211 210 210 210 210 210 210 210 210
-9999 -9999 -9999 -9999 -9999 -9999 -9999 -9999 -9999 -9999 -9999 -9999 117 117 117 117 117 117 117 117 117 117 117 117 117 116 116 116 116 116 116 116 112 108 105 105 105 105 105 104 104 104 104 104 104 104 104 104 104 104 104 104 113 148 167 175 175 175 175 183 203 212 215 215 215 215 222 235 240 241 241 241 241 230 216 211 210 210 210 210 210 210 210 210
-9999 -9999 -9999 -9999 -9999 -9999 -9999 -9999 -9999 -9999 -9999 -9999 117 117 117 117 117 117 117 117 117 117 117 117 117 116 116 116 116 116 116 116 112 108 105 105 105 105 105 104 104 104 104 104 104 104 104 104 104 104 104 104 113 148 167 175 175 175 175 183 203 212 215 215 215 215 222 235 240 241 241 241 241 230 216 211 210 210 210 210 210 210 210 210
-9999 -9999 -9999 -9999 -9999 -9999 -9999 -9999 -9999 -9999 -9999 -9999 -9999 -9999 -9999 -9999 -9999 -9999 -9999 -9999 -9999 -9999 -9999 -9999 -9999 115 114 113 113 113 113 113 110 107 104 104 104 104 104 104 104 104 104 104 104 104 106 107 107 107 107 107 117 156 177 187 187 187 187 192 205 211 213 213 213 213 218 226 229 229 229 229 229 223 214 210 210 210 210 210 210 211 211 211
-9999 -9999 -9999 -9999 -9999 -9999 -9999 -9999 -9999 -9999 -9999 -9999 -9999 -9999 -9999 -9999 -9999 -9999 -9999 -9999 -9999 -9999 -9999 -9999 -9999 111 111 110 110 110 110 110 108 106 104 104 104 104 104 104 104 104 104 104 104 104 108 110 111 111 111 111 122 165 188 198 198 198 198 201 208 210 211 211 211 211 213 216 217 218 218 218 218 215 212 210 210 210 210 210 211 212 212 212
-9999 -9999 -9999 -9999 -9999 -9999 -9999 -9999 -9999 -9999 -9999 -9999 -9999 -9999 -9999 -9999 -9999 -9999 -9999 -9999 -9999 -9999 -9999 -9999 -9999 108 108 108 108 108 108 108 106 105 104 104 104 104 104 104 104 104 104 104 104 105 110 113 114 114 114 114 125 171 195 206 206 206 206 207 209 210 210 210 210 210 210 210 210 210 210 210 210 210 210 210 210 210 210 210 211 212 213 213
-9999 -9999 -9999 -9999 -9999 -9999 -9999 -9999 -9999 -9999 -9999 -9999 -9999 -9999 -9999 -9999 -9999 -9999 -9999 -9999 -9999 -9999 -9999 -9999 -9999 108 108 108 108 108 108 108 106 105 104 104 104 104 104 104 104 104 104 104 104 105 110 113 114 114 114 114 125 171 195 206 206 206 206 207 209 210 210 210 210 210 210 210 210 210 210 210 210 210 210 210 210 210 210 210 211 212 213 213
-9999 -9999 -9999 -9999 -9999 -9999 -9999 -9999 -9999 -9999 -9999 -9999 -9999 -9999 -9999 -9999 -9999 -9999 -9999 -9999 -9999 -9999 -9999 -9999 -9999 108 108 108 108 108 108 108 106 105 104 104 104 104 104 104 104 104 104 104 104 105 110 113 114 114 114 114 125 171 195 206 206 206 206 207 209 210 210 210 210 210 210 210 210 210 210 210 210 210 210 210 210 210 210 210 211 212 213 213
-9999 -9999 -9999 -9999 -9999 -9999 -9999 -9999 -9999 -9999 -9999 -9999 -9999 -9999 -9999 -9999 -9999 -9999 -9999 -9999 -9999 -9999 -9999 -9999 -9999 108 108 108 108 108 108 108 106 105 104 104 104 104 104 104 104 104 104 104 104 105 110 113 114 114 114 114 125 171 195 206 206 206 206 207 209 210 210 210 210 210 210 210 210 210 210 210 210 210 210 210 210 210 210 210 211 212 213 213
