layers/pop/HTI_pop.asc
NCOLS 500 
NROWS 376 
XLLCORNER -74.6 
YLLCORNER 17.9 
CELLSIZE 0.00606666666666658 
NODATA_value -9999 
[rows 296 to 332 of 376, columns 252 to 335 of 500]
377 377 377 377 380 389 396 399 399 399 399 398 395 392 391 391 391 391 392 392 392 392 392 392 392 394 397 399 399 399 399 399 400 400 401 401 401 401 401 419 433 440 440 440 440 448 518 562 584 584 584 584 578 555 543 537 537 537 537 500 399 358 342 342 342 342 313 261 239 234 234 234 234 234 234 234 234 234 234 234 233 233 233 233
377 377 377 377 380 388 395 398 398 398 398 391 376 364 360 360 360 360 361 362 363 363 363 363 363 371 382 389 390 390 390 390 393 395 397 397 397 397 397 410 419 424 424 424 424 432 503 548 570 570 570 570 566 549 539 535 535 535 535 504 419 384 371 371 371 371 333 266 238 231 231 231 231 230 230 230 229 229 229 229 229 228 228 228
377 377 377 377 380 388 394 397 397 397 397 382 348 322 314 314 314 314 316 318 320 320 320 320 320 338 359 375 376 376 376 376 382 388 392 392 392 392 392 396 399 401 401 401 401 409 482 527 550 550 550 550 548 539 534 532 532 532 532 509 448 423 413 413 413 413 363 272 236 227 227 227 227 226 224 223 223 223 223 223 222 221 220 220
377 377 377 377 380 388 394 397 397 397 397 382 348 322 314 314 314 314 316 318 320 320 320 320 320 338 359 375 376 376 376 376 382 388 392 392 392 392 392 396 399 401 401 401 401 409 482 527 550 550 550 550 548 539 534 532 532 532 532 509 448 423 413 413 413 413 363 272 236 227 227 227 227 226 224 223 223 223 223 223 222 221 220 220
377 377 377 377 380 388 394 397 397 397 397 382 348 322 314 314 314 314 316 318 320 320 320 320 320 338 359 375 376 376 376 376 382 388 392 392 392 392 392 396 399 401 401 401 401 409 482 527 550 550 550 550 548 539 534 532 532 532 532 509 448 423 413 413 413 413 363 272 236 227 227 227 227 226 224 223 223 223 223 223 222 221 220 220
377 377 377 377 380 388 394 397 397 397 397 382 348 322 314 314 314 314 316 318 320 320 320 320 320 338 359 375 376 376 376 376 382 388 392 392 392 392 392 396 399 401 401 401 401 409 482 527 550 550 550 550 548 539 534 532 532 532 532 509 448 423 413 413 413 413 363 272 236 227 227 227 227 226 224 223 223 223 223 223 222 221 220 220
377 377 377 377 380 388 394 397 397 397 397 382 348 322 314 314 314 314 316 318 320 320 320 320 320 338 359 375 376 376 376 376 382 388 392 392 392 392 392 396 399 401 401 401 401 409 482 527 550 550 550 550 548 539 534 532 532 532 532 509 448 423 413 413 413 413 363 272 236 227 227 227 227 226 224 223 223 223 223 223 222 221 220 220
338 338 338 338 340 347 352 354 354 354 354 340 310 286 279 279 279 279 281 283 284 285 285 285 285 300 318 332 332 332 332 332 337 342 346 346 346 346 346 359 369 374 374 374 374 382 448 490 511 511 511 511 509 502 498 496 496 496 496 475 418 395 386 386 386 386 342 263 230 223 223 223 223 223 223 222 222 222 222 222 221 220 220 220
233 233 233 233 233 235 236 236 236 236 236 227 207 191 186 186 186 186 187 188 188 189 189 189 189 196 206 213 213 213 213 213 216 218 220 220 220 220 220 257 285 301 301 301 301 307 358 390 406 406 406 406 406 402 400 399 399 399 399 382 338 320 314 314 314 314 286 237 216 212 212 212 212 215 218 220 220 220 220 220 220 219 219 219
121 121 121 121 120 116 113 112 112 112 112 107 97 89 87 87 87 87 87 87 87 87 87 87 87 87 87 87 87 87 87 87 87 87 87 87 87 87 87 150 197 224 224 224 224 228 263 285 296 296 296 296 296 296 296 296 296 296 296 285 254 242 237 237 237 237 227 209 202 200 200 200 200 206 214 218 218 218 218 218 218 218 218 218
121 121 121 121 120 116 113 112 112 112 112 107 97 89 87 87 87 87 87 87 87 87 87 87 87 87 87 87 87 87 87 87 87 87 87 87 87 87 87 150 197 224 224 224 224 228 263 285 296 296 296 296 296 296 296 296 296 296 296 285 254 242 237 237 237 237 227 209 202 200 200 200 200 206 214 218 218 218 218 218 218 218 218 218
121 121 121 121 120 116 113 112 112 112 112 107 97 89 87 87 87 87 87 87 87 87 87 87 87 87 87 87 87 87 87 87 87 87 87 87 87 87 87 150 197 224 224 224 224 228 263 285 296 296 296 296 296 296 296 296 296 296 296 285 254 242 237 237 237 237 227 209 202 200 200 200 200 206 214 218 218 218 218 218 218 218 218 218
121 121 121 121 120 116 113 112 112 112 112 107 97 89 87 87 87 87 87 87 87 87 87 87 87 87 87 87 87 87 87 87 87 87 87 87 87 87 87 150 197 224 224 224 224 228 263 285 296 296 296 296 296 296 296 296 296 296 296 285 254 242 237 237 237 237 227 209 202 200 200 200 200 206 214 218 218 218 218 218 218 218 218 218
120 120 120 120 119 115 113 111 111 111 111 107 97 89 87 87 87 87 87 87 87 87 87 87 87 87 87 87 87 87 87 87 87 87 87 87 87 87 87 151 197 224 224 224 224 228 263 285 296 296 296 296 296 296 296 296 296 296 296 284 253 241 236 236 236 236 226 208 201 199 199 199 199 205 214 217 218 218 218 218 218 218 218 218
111 111 111 111 111 109 107 106 106 106 106 103 95 89 87 87 87 87 87 87 87 87 87 87 87 87 87 87 87 87 87 87 87 87 87 87 87 87 87 152 200 227 227 227 227 231 265 286 296 296 296 296 296 296 296 296 296 296 296 283 248 235 230 230 230 230 220 202 195 193 193 193 193 201 211 214 215 215 215 215 216 217 218 218
87 87 87 87 88 91 92 93 93 93 93 92 89 88 87 87 87 87 87 87 87 87 87 87 87 87 87 87 87 87 87 87 87 87 87 87 87 87 87 156 207 236 236 236 236 239 268 287 296 296 296 296 296 296 296 296 296 296 296 279 235 217 211 211 211 211 201 185 178 177 177 177 177 187 201 207 207 207 207 207 212 216 218 218
69 69 69 69 71 77 81 83 83 83 83 84 85 87 87 87 87 87 87 87 87 87 87 87 87 87 87 87 87 87 87 87 87 87 87 87 87 87 87 159 212 243 243 243 243 246 271 288 296 296 296 296 296 296 296 296 296 296 296 277 225 204 196 196 196 196 188 172 166 164 164 164 164 177 194 201 202 202 202 202 209 215 218 218
69 69 69 69 71 77 81 83 83 83 83 84 85 87 87 87 87 87 87 87 87 87 87 87 87 87 87 87 87 87 87 87 87 87 87 87 87 87 87 159 212 243 243 243 243 246 271 288 296 296 296 296 296 296 296 296 296 296 296 277 225 204 196 196 196 196 188 172 166 164 164 164 164 177 194 201 202 202 202 202 209 215 218 218
69 69 69 69 71 77 81 83 83 83 83 84 85 87 87 87 87 87 87 87 87 87 87 87 87 87 87 87 87 87 87 87 87 87 87 87 87 87 87 159 212 243 243 243 243 246 271 288 296 296 296 296 296 296 296 296 296 296 296 277 225 204 196 196 196 196 188 172 166 164 164 164 164 177 194 201 202 202 202 202 209 215 218 218
69 69 69 69 71 77 81 83 83 83 83 84 85 87 87 87 87 87 87 87 87 87 87 87 87 87 87 87 87 87 87 87 87 87 87 87 87 87 87 159 212 243 243 243 243 246 271 288 296 296 296 296 296 296 296 296 296 296 296 277 225 204 196 196 196 196 188 172 166 164 164 164 164 177 194 201 202 202 202 202 209 215 218 218
69 69 69 69 71 76 81 83 83 83 83 83 85 87 87 87 87 87 87 87 87 87 87 87 87 87 87 87 87 87 87 87 88 89 90 90 90 90 90 161 215 245 245 245 245 248 272 288 296 296 296 296 296 296 296 296 296 296 296 277 227 207 199 199 199 199 190 174 167 166 166 166 166 178 195 202 203 203 203 203 209 215 218 218
69 69 69 69 70 75 79 81 81 81 81 82 84 86 87 87 87 87 87 87 87 87 87 87 87 87 87 87 87 87 87 87 92 97 100 100 100 100 100 171 224 255 255 255 255 257 277 290 296 296 296 296 296 296 296 296 296 296 296 280 236 218 212 212 212 212 201 183 175 173 173 173 173 184 198 204 205 205 205 205 210 216 218 218
69 69 69 69 70 73 75 77 77 77 77 78 82 86 87 87 87 87 87 87 87 87 87 87 87 87 87 87 87 87 87 87 103 118 127 127 127 127 127 198 250 280 280 280 280 281 289 294 296 296 296 296 296 296 296 296 296 296 296 286 260 250 246 246 246 246 232 207 196 194 194 194 194 199 207 210 210 210 210 210 214 217 218 218
69 69 69 69 70 72 73 74 74 74 74 76 81 86 87 87 87 87 87 87 87 87 87 87 87 87 87 87 87 87 87 87 109 129 142 142 142 142 142 212 264 294 294 294 294 294 295 296 296 296 296 296 296 296 296 296 296 296 296 290 273 266 264 264 264 264 248 219 208 205 205 205 205 208 211 213 213 213 213 213 215 217 218 218
69 69 69 69 70 72 73 74 74 74 74 76 81 86 87 87 87 87 87 87 87 87 87 87 87 87 87 87 87 87 87 87 109 129 142 142 142 142 142 212 264 294 294 294 294 294 295 296 296 296 296 296 296 296 296 296 296 296 296 290 273 266 264 264 264 264 248 219 208 205 205 205 205 208 211 213 213 213 213 213 215 217 218 218
69 69 69 69 70 72 73 74 74 74 74 76 81 86 87 87 87 87 87 87 87 87 87 87 87 87 87 87 87 87 87 87 109 129 142 142 142 142 142 212 264 294 294 294 294 294 295 296 296 296 296 296 296 296 296 296 296 296 296 290 273 266 264 264 264 264 248 219 208 205 205 205 205 208 211 213 213 213 213 213 215 217 218 218
69 69 69 69 70 72 73 74 74 74 74 76 81 86 87 87 87 87 87 87 87 87 87 87 87 87 87 87 87 87 87 87 109 129 142 142 142 142 142 212 264 294 294 294 294 294 295 296 296 296 296 296 296 296 296 296 296 296 296 290 273 266 264 264 264 264 248 219 208 205 205 205 205 208 211 213 213 213 213 213 215 217 218 218
69 69 69 69 70 72 73 74 74 74 74 76 81 86 87 87 87 87 87 87 87 87 87 87 87 87 87 87 87 87 87 87 107 127 139 139 139 139 139 207 257 286 286 286 286 286 291 294 295 295 295 295 295 296 296 296 296 296 296 290 274 268 265 265 265 265 249 221 209 206 206 206 206 209 212 213 213 213 213 213 215 217 218 218
69 69 69 69 69 71 72 73 73 73 73 76 81 86 87 87 87 87 87 87 87 87 87 87 87 87 87 87 87 87 87 87 104 120 131 131 131 131 131 193 238 264 264 264 264 266 280 289 294 294 294 294 294 295 296 296 296 296 296 291 277 271 269 269 269 269 253 224 212 209 209 209 209 211 213 214 214 214 214 214 216 217 218 218
69 69 69 69 69 70 71 72 72 72 72 74 81 86 87 87 87 87 87 87 87 87 87 87 87 87 87 87 87 87 87 87 96 104 109 109 109 109 109 155 188 208 208 208 208 212 251 276 289 289 289 289 290 293 295 296 296 296 296 293 284 280 279 279 279 279 262 231 219 216 216 216 216 216 217 217 217 217 217 217 217 218 218 218
69 69 69 69 69 70 71 71 71 71 71 74 80 85 87 87 87 87 87 87 87 87 87 87 87 87 87 87 87 87 87 87 93 98 101 101 101 101 101 141 170 187 187 187 187 192 241 272 287 287 287 287 288 292 295 296 296 296 296 293 286 283 282 282 282 282 265 233 221 218 218 218 218 218 218 218 218 218 218 218 218 218 218 218
69 69 69 69 69 70 71 71 71 71 71 74 80 85 87 87 87 87 87 87 87 87 87 87 87 87 87 87 87 87 87 87 93 98 101 101 101 101 101 141 170 187 187 187 187 192 241 272 287 287 287 287 288 292 295 296 296 296 296 293 286 283 282 282 282 282 265 233 221 218 218 218 218 218 218 218 218 218 218 218 218 218 218 218
69 69 69 69 69 70 71 71 71 71 71 74 80 85 87 87 87 87 87 87 87 87 87 87 87 87 87 87 87 87 87 87 93 98 101 101 101 101 101 141 170 187 187 187 187 192 241 272 287 287 287 287 288 292 295 296 296 296 296 293 286 283 282 282 282 282 265 233 221 218 218 218 218 218 218 218 218 218 218 218 218 218 218 218
69 69 69 69 69 70 71 71 71 71 71 74 80 85 87 87 87 87 87 87 87 87 87 87 87 87 87 87 87 87 87 87 93 98 101 101 101 101 101 141 170 187 187 187 187 192 241 272 287 287 287 287 288 292 295 296 296 296 296 293 286 283 282 282 282 282 265 233 221 218 218 218 218 218 218 218 218 218 218 218 218 218 218 218
69 69 69 69 69 70 71 71 71 71 71 74 81 86 87 87 87 87 87 87 87 87 87 87 87 87 87 87 87 87 87 87 92 96 99 99 99 99 99 135 161 176 176 176 176 181 229 259 275 275 275 275 277 288 294 296 296 296 296 293 286 283 282 282 282 282 265 233 221 218 218 218 218 218 218 218 218 218 218 218 218 218 218 218
69 69 69 69 69 70 71 71 71 71 71 75 82 86 87 87 87 87 87 87 87 87 87 87 87 87 87 87 87 87 87 87 90 94 96 96 96 96 96 121 140 151 151 151 151 156 202 231 246 246 246 246 252 277 290 296 296 296 296 294 287 283 282 282 282 282 265 233 221 218 218 218 218 218 218 218 218 218 218 218 218 218 218 218
-9999 -9999 -9999 -9999 -9999 -9999 -9999 -9999 -9999 -9999 -9999 -9999 86 87 87 87 87 87 87 87 87 87 87 87 87 87 87 87 87 87 87 87 88 88 89 89 89 89 89 93 97 99 99 99 99 104 147 174 187 187 187 187 201 255 284 296 296 296 296 295 -9999 -9999 -9999 -9999 -9999 -9999 -9999 -9999 -9999 -9999 -9999 -9999 -9999 -9999 -9999 -9999 -9999 -9999 -9999 -9999 -9999 -9999 -9999 -9999
