layers/pop/HTI_pop.asc
NCOLS 500 
NROWS 376 
XLLCORNER -74.6 
YLLCORNER 17.9 
CELLSIZE 0.00606666666666658 
NODATA_value -9999 
[rows 296 to 332 of 376, columns 168 to 251 of 500]
221 221 221 221 219 203 173 150 150 150 150 149 143 130 124 124 124 124 123 122 120 120 120 120 120 120 121 123 123 123 123 123 123 123 123 123 123 123 123 124 124 125 125 125 125 125 125 124 123 123 123 123 125 173 230 273 273 273 273 278 307 339 359 359 359 359 360 363 368 370 370 370 370 370 370 372 374 376 376 376 376 376 376 377
211 211 211 211 210 197 173 154 154 154 154 152 143 125 115 115 115 115 114 110 103 101 101 101 101 102 105 110 111 111 111 111 111 112 113 113 113 113 113 114 116 118 118 118 118 118 117 115 113 113 113 113 114 157 206 244 244 244 244 248 274 304 321 321 321 321 324 334 345 350 350 350 350 350 351 359 367 373 373 373 373 373 375 376
197 197 197 197 196 188 172 160 160 160 160 157 144 117 103 103 103 103 100 92 77 72 72 72 72 75 81 91 93 93 93 93 94 96 98 98 98 98 98 100 104 108 108 108 108 108 105 102 98 98 98 98 99 133 171 201 201 201 201 205 227 252 267 267 267 267 273 292 312 321 321 321 321 321 322 339 356 368 368 368 368 369 372 375
197 197 197 197 196 188 172 160 160 160 160 157 144 117 103 103 103 103 100 92 77 72 72 72 72 75 81 91 93 93 93 93 94 96 98 98 98 98 98 100 104 108 108 108 108 108 105 102 98 98 98 98 99 133 171 201 201 201 201 205 227 252 267 267 267 267 273 292 312 321 321 321 321 321 322 339 356 368 368 368 368 369 372 375
197 197 197 197 196 188 172 160 160 160 160 157 144 117 103 103 103 103 100 92 77 72 72 72 72 75 81 91 93 93 93 93 94 96 98 98 98 98 98 100 104 108 108 108 108 108 105 102 98 98 98 98 99 133 171 201 201 201 201 205 227 252 267 267 267 267 273 292 312 321 321 321 321 321 322 339 356 368 368 368 368 369 372 375
197 197 197 197 196 188 172 160 160 160 160 157 144 117 103 103 103 103 100 92 77 72 72 72 72 75 81 91 93 93 93 93 94 96 98 98 98 98 98 100 104 108 108 108 108 108 105 102 98 98 98 98 99 133 171 201 201 201 201 205 227 252 267 267 267 267 273 292 312 321 321 321 321 321 322 339 356 368 368 368 368 369 372 375
197 197 197 197 196 188 172 160 160 160 160 157 144 117 103 103 103 103 100 92 77 72 72 72 72 75 81 91 93 93 93 93 94 96 98 98 98 98 98 100 104 108 108 108 108 108 105 102 98 98 98 98 99 133 171 201 201 201 201 205 227 252 267 267 267 267 273 292 312 321 321 321 321 321 322 339 356 368 368 368 368 369 372 375
197 197 197 197 196 189 176 166 166 166 166 163 151 129 117 117 117 117 114 104 87 81 81 81 81 82 84 88 89 89 89 89 90 91 93 94 94 94 94 96 98 102 102 102 102 102 100 96 94 94 94 94 95 123 156 181 181 181 181 184 203 224 237 237 237 237 242 258 275 283 283 283 283 283 284 299 313 323 323 323 323 324 330 335
197 197 197 197 197 193 186 181 181 181 181 180 174 162 156 156 156 156 151 138 113 103 103 103 103 100 93 82 79 79 79 79 80 80 82 82 82 82 82 83 84 86 86 86 86 86 85 83 82 82 82 82 82 97 113 126 126 126 126 128 138 149 155 155 155 155 158 166 175 179 179 179 179 179 179 188 197 203 203 203 203 205 216 227
197 197 197 197 197 197 197 197 197 197 197 197 197 197 197 197 197 197 190 173 140 127 127 127 127 119 102 76 69 69 69 69 69 69 69 69 69 69 69 69 69 69 69 69 69 69 69 69 69 69 69 69 69 69 69 69 69 69 69 69 69 69 69 69 69 69 69 69 69 69 69 69 69 69 69 71 73 75 75 75 75 78 96 112
197 197 197 197 197 197 197 197 197 197 197 197 197 197 197 197 197 197 190 173 140 127 127 127 127 119 102 76 69 69 69 69 69 69 69 69 69 69 69 69 69 69 69 69 69 69 69 69 69 69 69 69 69 69 69 69 69 69 69 69 69 69 69 69 69 69 69 69 69 69 69 69 69 69 69 71 73 75 75 75 75 78 96 112
197 197 197 197 197 197 197 197 197 197 197 197 197 197 197 197 197 197 190 173 140 127 127 127 127 119 102 76 69 69 69 69 69 69 69 69 69 69 69 69 69 69 69 69 69 69 69 69 69 69 69 69 69 69 69 69 69 69 69 69 69 69 69 69 69 69 69 69 69 69 69 69 69 69 69 71 73 75 75 75 75 78 96 112
197 197 197 197 197 197 197 197 197 197 197 197 197 197 197 197 197 197 190 173 140 127 127 127 127 119 102 76 69 69 69 69 69 69 69 69 69 69 69 69 69 69 69 69 69 69 69 69 69 69 69 69 69 69 69 69 69 69 69 69 69 69 69 69 69 69 69 69 69 69 69 69 69 69 69 71 73 75 75 75 75 78 96 112
197 197 197 197 197 197 197 197 197 197 197 197 197 197 197 197 197 197 191 173 140 128 128 128 128 120 103 76 69 69 69 69 69 69 69 69 69 69 69 69 69 69 69 69 69 69 69 69 69 69 69 69 69 69 69 69 69 69 69 69 69 69 69 69 69 69 69 69 69 69 69 69 69 69 69 71 73 75 75 75 75 78 95 111
197 197 197 197 197 197 197 197 197 197 197 197 197 197 197 197 197 197 191 175 146 134 134 134 134 126 107 76 69 69 69 69 69 69 69 69 69 69 69 69 69 69 69 69 69 69 69 69 69 69 69 69 69 69 69 69 69 69 69 69 69 69 69 69 69 69 69 69 69 69 69 69 69 69 69 71 73 74 74 74 74 77 91 104
197 197 197 197 197 197 197 197 197 197 197 197 197 197 197 197 197 197 193 182 161 153 153 153 153 142 117 78 69 69 69 69 69 69 69 69 69 69 69 69 69 69 69 69 69 69 69 69 69 69 69 69 69 69 69 69 69 69 69 69 69 69 69 69 69 69 69 69 69 69 69 69 69 69 69 70 71 71 71 71 71 72 78 84
197 197 197 197 197 197 197 197 197 197 197 197 197 197 197 197 197 197 194 187 172 167 167 167 167 154 125 80 69 69 69 69 69 69 69 69 69 69 69 69 69 69 69 69 69 69 69 69 69 69 69 69 69 69 69 69 69 69 69 69 69 69 69 69 69 69 69 69 69 69 69 69 69 69 69 69 69 69 69 69 69 69 69 69
197 197 197 197 197 197 197 197 197 197 197 197 197 197 197 197 197 197 194 187 172 167 167 167 167 154 125 80 69 69 69 69 69 69 69 69 69 69 69 69 69 69 69 69 69 69 69 69 69 69 69 69 69 69 69 69 69 69 69 69 69 69 69 69 69 69 69 69 69 69 69 69 69 69 69 69 69 69 69 69 69 69 69 69
197 197 197 197 197 197 197 197 197 197 197 197 197 197 197 197 197 197 194 187 172 167 167 167 167 154 125 80 69 69 69 69 69 69 69 69 69 69 69 69 69 69 69 69 69 69 69 69 69 69 69 69 69 69 69 69 69 69 69 69 69 69 69 69 69 69 69 69 69 69 69 69 69 69 69 69 69 69 69 69 69 69 69 69
197 197 197 197 197 197 197 197 197 197 197 197 197 197 197 197 197 197 194 187 172 167 167 167 167 154 125 80 69 69 69 69 69 69 69 69 69 69 69 69 69 69 69 69 69 69 69 69 69 69 69 69 69 69 69 69 69 69 69 69 69 69 69 69 69 69 69 69 69 69 69 69 69 69 69 69 69 69 69 69 69 69 69 69
197 197 197 197 197 197 197 197 197 197 197 197 197 197 197 197 197 197 194 185 169 162 162 162 162 150 123 79 69 69 69 69 69 69 69 69 69 69 69 69 69 69 69 69 69 69 69 69 69 69 69 69 69 69 69 69 69 69 69 69 69 69 69 69 69 69 69 69 69 69 69 69 69 69 69 69 69 69 69 69 69 69 69 69
197 197 197 197 197 197 197 197 197 197 197 197 197 197 197 197 197 197 192 179 154 144 144 144 144 134 113 78 69 69 69 69 69 69 69 69 69 69 69 69 69 69 69 69 69 69 69 69 69 69 69 69 69 69 69 69 69 69 69 69 69 69 69 69 69 69 69 69 69 69 69 69 69 69 69 69 69 69 69 69 69 69 69 69
197 197 197 197 197 197 197 197 197 197 197 197 197 197 197 197 197 197 187 162 113 95 95 95 95 92 84 72 69 69 69 69 69 69 69 69 69 69 69 69 69 69 69 69 69 69 69 69 69 69 69 69 69 69 69 69 69 69 69 69 69 69 69 69 69 69 69 69 69 69 69 69 69 69 69 69 69 69 69 69 69 69 69 69
197 197 197 197 197 197 197 197 197 197 197 197 197 197 197 197 197 197 185 153 92 69 69 69 69 69 69 69 69 69 69 69 69 69 69 69 69 69 69 69 69 69 69 69 69 69 69 69 69 69 69 69 69 69 69 69 69 69 69 69 69 69 69 69 69 69 69 69 69 69 69 69 69 69 69 69 69 69 69 69 69 69 69 69
197 197 197 197 197 197 197 197 197 197 197 197 197 197 197 197 197 197 185 153 92 69 69 69 69 69 69 69 69 69 69 69 69 69 69 69 69 69 69 69 69 69 69 69 69 69 69 69 69 69 69 69 69 69 69 69 69 69 69 69 69 69 69 69 69 69 69 69 69 69 69 69 69 69 69 69 69 69 69 69 69 69 69 69
197 197 197 197 197 197 197 197 197 197 197 197 197 197 197 197 197 197 185 153 92 69 69 69 69 69 69 69 69 69 69 69 69 69 69 69 69 69 69 69 69 69 69 69 69 69 69 69 69 69 69 69 69 69 69 69 69 69 69 69 69 69 69 69 69 69 69 69 69 69 69 69 69 69 69 69 69 69 69 69 69 69 69 69
197 197 197 197 197 197 197 197 197 197 197 197 197 197 197 197 197 197 185 153 92 69 69 69 69 69 69 69 69 69 69 69 69 69 69 69 69 69 69 69 69 69 69 69 69 69 69 69 69 69 69 69 69 69 69 69 69 69 69 69 69 69 69 69 69 69 69 69 69 69 69 69 69 69 69 69 69 69 69 69 69 69 69 69
197 197 197 197 197 197 197 197 197 197 197 197 197 197 197 197 197 197 185 153 92 69 69 69 69 69 69 69 69 69 69 69 69 69 69 69 69 69 69 69 69 69 69 69 69 69 69 69 69 69 69 69 69 69 69 69 69 69 69 69 69 69 69 69 69 69 69 69 69 69 69 69 69 69 69 69 69 69 69 69 69 69 69 69
197 197 197 197 197 197 197 197 197 197 197 197 197 197 197 197 197 197 185 153 92 69 69 69 69 69 69 69 69 69 69 69 69 69 69 69 69 69 69 69 69 69 69 69 69 69 69 69 69 69 69 69 69 69 69 69 69 69 69 69 69 69 69 69 69 69 69 69 69 69 69 69 69 69 69 69 69 69 69 69 69 69 69 69
-9999 -9999 -9999 -9999 -9999 -9999 -9999 -9999 -9999 -9999 -9999 -9999 -9999 -9999 -9999 -9999 -9999 -9999 -9999 -9999 -9999 -9999 -9999 -9999 -9999 -9999 -9999 -9999 -9999 -9999 -9999 -9999 -9999 -9999 -9999 -9999 -9999 -9999 -9999 -9999 -9999 -9999 -9999 -9999 -9999 -9999 -9999 -9999 -9999 -9999 -9999 -9999 -9999 -9999 -9999 -9999 -9999 -9999 -9999 -9999 -9999 -9999 -9999 -9999 -9999 -9999 -9999 -9999 69 69 69 69 69 69 69 69 69 69 69 69 69 69 69 69
-9999 -9999 -9999 -9999 -9999 -9999 -9999 -9999 -9999 -9999 -9999 -9999 -9999 -9999 -9999 -9999 -9999 -9999 -9999 -9999 -9999 -9999 -9999 -9999 -9999 -9999 -9999 -9999 -9999 -9999 -9999 -9999 -9999 -9999 -9999 -9999 -9999 -9999 -9999 -9999 -9999 -9999 -9999 -9999 -9999 -9999 -9999 -9999 -9999 -9999 -9999 -9999 -9999 -9999 -9999 -9999 -9999 -9999 -9999 -9999 -9999 -9999 -9999 -9999 -9999 -9999 -9999 -9999 69 69 69 69 69 69 69 69 69 69 69 69 69 69 69 69
-9999 -9999 -9999 -9999 -9999 -9999 -9999 -9999 -9999 -9999 -9999 -9999 -9999 -9999 -9999 -9999 -9999 -9999 -9999 -9999 -9999 -9999 -9999 -9999 -9999 -9999 -9999 -9999 -9999 -9999 -9999 -9999 -9999 -9999 -9999 -9999 -9999 -9999 -9999 -9999 -9999 -9999 -9999 -9999 -9999 -9999 -9999 -9999 -9999 -9999 -9999 -9999 -9999 -9999 -9999 -9999 -9999 -9999 -9999 -9999 -9999 -9999 -9999 -9999 -9999 -9999 -9999 -9999 69 69 69 69 69 69 69 69 69 69 69 69 69 69 69 69
-9999 -9999 -9999 -9999 -9999 -9999 -9999 -9999 -9999 -9999 -9999 -9999 -9999 -9999 -9999 -9999 -9999 -9999 -9999 -9999 -9999 -9999 -9999 -9999 -9999 -9999 -9999 -9999 -9999 -9999 -9999 -9999 -9999 -9999 -9999 -9999 -9999 -9999 -9999 -9999 -9999 -9999 -9999 -9999 -9999 -9999 -9999 -9999 -9999 -9999 -9999 -9999 -9999 -9999 -9999 -9999 -9999 -9999 -9999 -9999 -9999 -9999 -9999 -9999 -9999 -9999 -9999 -9999 69 69 69 69 69 69 69 69 69 69 69 69 69 69 69 69
-9999 -9999 -9999 -9999 -9999 -9999 -9999 -9999 -9999 -9999 -9999 -9999 -9999 -9999 -9999 -9999 -9999 -9999 -9999 -9999 -9999 -9999 -9999 -9999 -9999 -9999 -9999 -9999 -9999 -9999 -9999 -9999 -9999 -9999 -9999 -9999 -9999 -9999 -9999 -9999 -9999 -9999 -9999 -9999 -9999 -9999 -9999 -9999 -9999 -9999 -9999 -9999 -9999 -9999 -9999 -9999 -9999 -9999 -9999 -9999 -9999 -9999 -9999 -9999 -9999 -9999 -9999 -9999 69 69 69 69 69 69 69 69 69 69 69 69 69 69 69 69
-9999 -9999 -9999 -9999 -9999 -9999 -9999 -9999 -9999 -9999 -9999 -9999 -9999 -9999 -9999 -9999 -9999 -9999 -9999 -9999 -9999 -9999 -9999 -9999 -9999 -9999 -9999 -9999 -9999 -9999 -9999 -9999 -9999 -9999 -9999 -9999 -9999 -9999 -9999 -9999 -9999 -9999 -9999 -9999 -9999 -9999 -9999 -9999 -9999 -9999 -9999 -9999 -9999 -9999 -9999 -9999 -9999 -9999 -9999 -9999 -9999 -9999 -9999 -9999 -9999 -9999 -9999 -9999 69 69 69 69 69 69 69 69 69 69 69 69 69 69 69 69
-9999 -9999 -9999 -9999 -9999 -9999 -9999 -9999 -9999 -9999 -9999 -9999 -9999 -9999 -9999 -9999 -9999 -9999 -9999 -9999 -9999 -9999 -9999 -9999 -9999 -9999 -9999 -9999 -9999 -9999 -9999 -9999 -9999 -9999 -9999 -9999 -9999 -9999 -9999 -9999 -9999 -9999 -9999 -9999 -9999 -9999 -9999 -9999 -9999 -9999 -9999 -9999 -9999 -9999 -9999 -9999 -9999 -9999 -9999 -9999 -9999 -9999 -9999 -9999 -9999 -9999 -9999 -9999 69 69 69 69 69 69 69 69 69 69 69 69 69 69 69 69
-9999 -9999 -9999 -9999 -9999 -9999 -9999 -9999 -9999 -9999 -9999 -9999 -9999 -9999 -9999 -9999 -9999 -9999 -9999 -9999 -9999 -9999 -9999 -9999 -9999 -9999 -9999 -9999 -9999 -9999 -9999 -9999 -9999 -9999 -9999 -9999 -9999 -9999 -9999 -9999 -9999 -9999 -9999 -9999 -9999 -9999 -9999 -9999 -9999 -9999 -9999 -9999 -9999 -9999 -9999 -9999 -9999 -9999 -9999 -9999 -9999 -9999 -9999 -9999 -9999 -9999 -9999 -9999 -9999 -9999 -9999 -9999 -9999 -9999 -9999 -9999 -9999 -9999 -9999 -9999 -9999 -9999 -9999 -9999
