layers/pop/HTI_pop.asc
NCOLS 500 
NROWS 376 
XLLCORNER -74.6 
YLLCORNER 17.9 
CELLSIZE 0.00606666666666658 
NODATA_value -9999 
[rows 74 to 110 of 376, columns 336 to 419 of 500]
192 192 192 193 193 193 193 193 193 193 204 208 210 210 210 210 228 339 380 393 393 393 393 376 320 307 302 302 302 302 279 228 220 217 217 217 217 217 217 217 217 217 217 217 287 359 369 370 370 370 370 1060 1549 1607 1607 1607 1607 1607 1414 1324 1315 1315 1315 1315 1239 377 112 94 94 94 94 94 94 94 94 94 94 94 89 76 76 76 76 76
192 192 192 193 193 193 193 193 193 193 204 208 210 210 210 210 228 339 380 393 393 393 393 376 320 307 302 302 302 302 279 228 220 217 217 217 217 217 217 217 217 217 217 217 287 359 369 370 370 370 370 1060 1549 1607 1607 1607 1607 1607 1414 1324 1315 1315 1315 1315 1239 377 112 94 94 94 94 94 94 94 94 94 94 94 89 76 76 76 76 76
192 192 192 193 193 193 193 193 193 193 204 208 210 210 210 210 228 339 380 393 393 393 393 376 320 307 302 302 302 302 279 228 220 217 217 217 217 217 217 217 217 217 217 217 287 359 369 370 370 370 370 1060 1549 1607 1607 1607 1607 1607 1414 1324 1315 1315 1315 1315 1239 377 112 94 94 94 94 94 94 94 94 94 94 94 89 76 76 76 76 76
190 190 190 190 191 191 191 191 191 191 200 205 206 206 206 206 224 331 371 384 384 384 384 370 321 309 305 305 305 305 285 238 231 229 229 229 229 231 235 236 236 236 236 236 290 346 354 354 354 354 354 982 1427 1480 1480 1480 1480 1480 1301 1217 1209 1209 1209 1209 1140 353 110 94 94 94 94 94 94 94 94 94 94 94 89 73 73 73 73 73
182 182 182 182 182 182 182 182 182 182 188 190 191 191 191 191 206 302 338 350 350 350 350 344 324 319 318 318 318 318 306 279 275 273 273 273 273 285 303 306 306 306 306 306 300 294 294 294 294 294 294 688 968 1001 1001 1001 1001 1001 872 812 806 806 806 806 762 259 104 94 94 94 94 94 94 94 94 94 94 94 86 63 62 62 62 62
175 175 175 175 175 175 175 175 175 175 177 178 178 178 178 178 192 278 310 321 321 321 321 322 327 328 328 328 328 328 323 313 311 310 310 310 310 330 360 364 365 365 365 365 309 251 243 243 243 243 243 443 585 602 602 602 602 602 515 475 471 471 471 471 448 182 100 94 94 94 94 94 94 94 94 94 94 94 83 53 53 53 53 53
172 172 172 172 172 172 172 172 172 172 172 172 172 172 172 172 185 267 297 307 307 307 307 312 328 332 333 333 333 333 332 329 328 328 328 328 328 352 387 392 393 393 393 393 313 231 220 219 219 219 219 328 405 414 414 414 414 414 347 316 313 313 313 313 299 145 97 94 94 94 94 94 94 94 94 94 94 94 82 49 48 48 48 48
172 172 172 172 172 172 172 172 172 172 172 172 172 172 172 172 185 267 297 307 307 307 307 312 328 332 333 333 333 333 332 329 328 328 328 328 328 352 387 392 393 393 393 393 313 231 220 219 219 219 219 328 405 414 414 414 414 414 347 316 313 313 313 313 299 145 97 94 94 94 94 94 94 94 94 94 94 94 82 49 48 48 48 48
172 172 172 172 172 172 172 172 172 172 172 172 172 172 172 172 185 267 297 307 307 307 307 312 328 332 333 333 333 333 332 329 328 328 328 328 328 352 387 392 393 393 393 393 313 231 220 219 219 219 219 328 405 414 414 414 414 414 347 316 313 313 313 313 299 145 97 94 94 94 94 94 94 94 94 94 94 94 82 49 48 48 48 48
172 172 172 172 172 172 172 172 172 172 172 172 172 172 172 172 185 267 297 307 307 307 307 312 328 332 333 333 333 333 332 329 328 328 328 328 328 352 387 392 393 393 393 393 313 231 220 219 219 219 219 328 405 414 414 414 414 414 347 316 313 313 313 313 299 145 97 94 94 94 94 94 94 94 94 94 94 94 82 49 48 48 48 48
172 172 172 172 172 172 172 172 172 172 182 187 189 189 189 189 202 282 312 321 321 321 321 323 331 333 334 334 334 334 335 338 338 338 338 338 338 361 394 399 400 400 400 400 320 237 225 225 225 225 225 312 374 382 382 382 382 382 324 297 294 294 294 294 282 141 97 94 94 94 94 94 95 95 95 95 95 95 84 52 51 51 51 51
172 172 172 172 172 172 172 172 172 173 208 225 231 231 231 231 243 320 348 357 357 357 357 353 340 337 336 336 336 336 343 360 362 363 363 363 363 383 412 416 416 416 416 416 335 252 240 239 239 239 239 274 298 302 302 302 302 302 266 249 247 247 247 247 238 130 96 94 94 94 94 94 97 97 97 97 97 97 88 61 60 60 60 60
172 172 172 172 172 172 172 172 172 174 227 254 263 263 263 263 275 348 375 384 384 384 384 375 347 340 338 338 338 338 350 376 381 382 382 382 382 399 425 429 429 429 429 429 347 262 251 250 250 250 250 245 241 241 241 241 241 241 222 213 212 212 212 212 205 121 96 94 94 94 94 95 98 98 98 98 98 98 90 67 67 67 67 67
172 172 172 172 172 172 172 172 172 174 234 264 274 274 274 274 286 358 385 393 393 393 393 383 350 342 339 339 339 339 352 382 387 389 389 389 389 405 430 433 434 434 434 434 351 266 255 254 254 254 254 235 221 220 220 220 220 220 207 201 200 200 200 200 193 118 95 94 94 94 94 95 98 99 99 99 99 99 91 69 69 69 69 69
172 172 172 172 172 172 172 172 172 174 234 264 274 274 274 274 286 358 385 393 393 393 393 383 350 342 339 339 339 339 352 382 387 389 389 389 389 405 430 433 434 434 434 434 351 266 255 254 254 254 254 235 221 220 220 220 220 220 207 201 200 200 200 200 193 118 95 94 94 94 94 95 98 99 99 99 99 99 91 69 69 69 69 69
172 172 172 172 172 172 172 172 172 174 234 264 274 274 274 274 286 358 385 393 393 393 393 383 350 342 339 339 339 339 352 382 387 389 389 389 389 405 430 433 434 434 434 434 351 266 255 254 254 254 254 235 221 220 220 220 220 220 207 201 200 200 200 200 193 118 95 94 94 94 94 95 98 99 99 99 99 99 91 69 69 69 69 69
172 172 172 172 172 172 172 172 172 174 234 264 274 274 274 274 286 358 385 393 393 393 393 383 350 342 339 339 339 339 352 382 387 389 389 389 389 405 430 433 434 434 434 434 351 266 255 254 254 254 254 235 221 220 220 220 220 220 207 201 200 200 200 200 193 118 95 94 94 94 94 95 98 99 99 99 99 99 91 69 69 69 69 69
180 180 180 185 188 190 190 190 190 192 267 305 317 317 317 317 325 375 394 400 400 400 400 388 351 342 339 339 339 339 350 375 379 380 380 380 380 399 428 433 434 434 434 434 348 260 248 247 247 247 247 234 224 223 223 223 223 223 213 208 208 208 208 208 201 129 107 106 106 106 106 108 118 120 120 120 120 120 110 82 81 81 81 81
193 193 193 208 218 221 221 221 221 225 327 377 395 395 395 395 396 406 410 411 411 411 411 398 354 343 339 339 339 339 346 362 364 364 364 364 364 389 426 432 433 433 433 433 343 250 236 236 236 236 236 232 229 229 229 229 229 229 224 221 221 221 221 221 216 148 128 126 126 126 126 131 154 157 157 157 157 157 143 103 102 102 102 102
203 203 203 224 239 244 244 244 244 248 370 430 451 451 451 451 448 428 421 419 419 419 419 404 355 343 339 339 339 339 343 351 353 353 353 353 353 382 425 431 432 432 432 432 338 241 228 227 227 227 227 230 233 233 233 233 233 233 232 231 231 231 231 231 225 162 142 141 141 141 141 148 179 184 184 184 184 184 167 120 118 118 118 118
205 205 205 228 243 249 249 249 249 253 379 442 463 463 463 463 459 433 424 421 421 421 421 406 355 343 339 339 339 339 342 349 351 351 351 351 351 380 424 431 432 432 432 432 337 240 226 225 225 225 225 230 233 234 234 234 234 234 233 233 233 233 233 233 227 165 145 144 144 144 144 151 185 190 190 190 190 190 173 123 122 122 122 122
205 205 205 228 243 249 249 249 249 253 379 442 463 463 463 463 459 433 424 421 421 421 421 406 355 343 339 339 339 339 342 349 351 351 351 351 351 380 424 431 432 432 432 432 337 240 226 225 225 225 225 230 233 234 234 234 234 234 233 233 233 233 233 233 227 165 145 144 144 144 144 151 185 190 190 190 190 190 173 123 122 122 122 122
205 205 205 228 243 249 249 249 249 253 379 442 463 463 463 463 459 433 424 421 421 421 421 406 355 343 339 339 339 339 342 349 351 351 351 351 351 380 424 431 432 432 432 432 337 240 226 225 225 225 225 230 233 234 234 234 234 234 233 233 233 233 233 233 227 165 145 144 144 144 144 151 185 190 190 190 190 190 173 123 122 122 122 122
205 205 205 228 243 249 249 249 249 253 379 442 463 463 463 463 459 433 424 421 421 421 421 406 355 343 339 339 339 339 342 349 351 351 351 351 351 380 424 431 432 432 432 432 337 240 226 225 225 225 225 230 233 234 234 234 234 234 233 233 233 233 233 233 227 165 145 144 144 144 144 151 185 190 190 190 190 190 173 123 122 122 122 122
206 206 206 226 239 244 244 244 244 247 359 415 434 434 434 434 434 434 434 433 433 433 433 420 374 363 360 360 360 360 356 349 348 348 348 348 348 380 428 435 436 436 436 436 384 330 322 322 322 322 322 299 282 281 281 281 281 281 277 275 275 275 275 275 271 229 216 215 215 215 215 218 232 235 235 235 235 234 212 150 149 149 149 149
208 208 208 223 233 237 237 237 237 240 333 379 394 394 394 394 400 434 447 451 451 451 451 439 400 391 388 388 388 388 376 350 346 344 344 344 344 380 433 441 442 442 442 442 447 453 454 454 454 454 454 392 349 344 344 344 344 344 336 332 331 331 331 331 330 316 312 312 312 312 312 309 297 295 295 295 295 295 266 187 185 185 185 185
210 210 210 221 229 231 231 231 231 234 314 353 366 366 366 366 376 434 456 463 463 463 463 453 418 410 407 407 407 407 390 351 344 342 342 342 342 380 436 444 446 446 446 446 492 540 546 547 547 547 547 459 396 389 389 389 389 389 378 372 371 371 371 371 372 378 380 380 380 380 380 373 343 338 338 338 338 338 305 213 211 211 211 211
210 210 210 221 229 231 231 231 231 234 312 351 364 364 364 364 374 434 457 464 464 464 464 454 420 412 409 409 409 409 391 351 344 342 342 342 342 380 436 445 446 446 446 446 496 547 555 555 555 555 555 464 400 393 393 393 393 393 381 376 375 375 375 375 376 384 386 386 386 386 386 379 347 342 342 342 342 341 308 215 213 213 213 213
210 210 210 221 229 231 231 231 231 234 312 351 364 364 364 364 374 434 457 464 464 464 464 454 420 412 409 409 409 409 391 351 344 342 342 342 342 380 436 445 446 446 446 446 496 547 555 555 555 555 555 464 400 393 393 393 393 393 381 376 375 375 375 375 376 384 386 386 386 386 386 379 347 342 342 342 342 341 308 215 213 213 213 213
210 210 210 221 229 231 231 231 231 234 312 351 364 364 364 364 374 434 457 464 464 464 464 454 420 412 409 409 409 409 391 351 344 342 342 342 342 380 436 445 446 446 446 446 496 547 555 555 555 555 555 464 400 393 393 393 393 393 381 376 375 375 375 375 376 384 386 386 386 386 386 379 347 342 342 342 342 341 308 215 213 213 213 213
210 210 210 221 229 231 231 231 231 234 312 351 364 364 364 364 374 434 457 464 464 464 464 454 420 412 409 409 409 409 391 351 344 342 342 342 342 380 436 445 446 446 446 446 496 547 555 555 555 555 555 464 400 393 393 393 393 393 381 376 375 375 375 375 376 384 386 386 386 386 386 379 347 342 342 342 342 341 308 215 213 213 213 213
211 211 211 218 223 225 225 225 225 226 276 301 309 309 309 309 317 365 383 389 389 389 389 382 356 350 349 349 349 349 335 305 300 298 298 298 298 350 427 438 440 440 440 440 501 564 573 573 573 573 573 513 471 466 466 466 466 466 409 383 380 380 380 380 381 385 386 386 386 386 386 381 361 358 358 358 358 357 328 247 245 245 245 245
212 212 212 215 217 218 218 218 218 219 239 249 252 252 252 252 258 293 307 311 311 311 311 306 290 287 285 285 285 285 277 257 254 253 253 253 253 318 416 431 433 433 433 433 507 582 592 593 593 593 593 564 544 541 541 541 541 541 439 390 386 386 386 386 386 386 386 386 386 386 386 384 375 374 374 374 374 374 349 280 279 279 279 279
213 213 213 214 214 214 214 214 214 214 214 214 214 214 214 214 218 245 255 258 258 258 258 255 246 244 243 243 243 243 237 225 223 222 222 222 222 297 409 426 429 429 429 429 510 594 605 606 606 606 606 598 593 592 592 592 592 592 458 396 390 390 390 390 390 387 386 386 386 386 386 386 385 385 385 385 385 384 363 302 301 301 301 301
213 213 213 214 214 214 214 214 214 214 214 214 214 214 214 214 218 245 255 258 258 258 258 255 246 244 243 243 243 243 237 225 223 222 222 222 222 297 409 426 429 429 429 429 510 594 605 606 606 606 606 598 593 592 592 592 592 592 458 396 390 390 390 390 390 387 386 386 386 386 386 386 385 385 385 385 385 384 363 302 301 301 301 301
213 213 213 214 214 214 214 214 214 214 214 214 214 214 214 214 218 245 255 258 258 258 258 255 246 244 243 243 243 243 237 225 223 222 222 222 222 297 409 426 429 429 429 429 510 594 605 606 606 606 606 598 593 592 592 592 592 592 458 396 390 390 390 390 390 387 386 386 386 386 386 386 385 385 385 385 385 384 363 302 301 301 301 301
213 213 213 214 214 214 214 214 214 214 214 214 214 214 214 214 218 245 255 258 258 258 258 255 246 244 243 243 243 243 237 225 223 222 222 222 222 297 409 426 429 429 429 429 510 594 605 606 606 606 606 598 593 592 592 592 592 592 458 396 390 390 390 390 390 387 386 386 386 386 386 386 385 385 385 385 385 384 363 302 301 301 301 301
