outputgeo/cholera.asc
ncols         372
nrows         276
xllcorner     -74.6
yllcorner     17.9
cellsize      0.00833333333333332
NODATA_value  -9999
[rows 150 to 179 of 276, columns 268 to 334 of 372]
5.38398E-1 5.4847E-1 5.49677E-1 5.34763E-1 5.56901E-1 5.97099E-1 5.49677E-1 5.40818E-1 5.18977E-1 5.13704E-1 4.72934E-1 4.66189E-1 4.61748E-1 4.53698E-1 4.43142E-1 4.57085E-1 4.94626E-1 4.9625E-1 4.79549E-1 4.91785E-1 4.83468E-1 4.8237E-1 4.90973E-1 4.84949E-1 4.81502E-1 4.90973E-1 4.94221E-1 4.85251E-1 4.77597E-1 4.72396E-1 4.76513E-1 4.71097E-1 4.71313E-1 4.53384E-1 4.47576E-1 3.97096E-1 3.81396E-1 3.75467E-1 3.83448E-1 3.86741E-1 3.89424E-1 3.97304E-1 4.35148E-1 4.43282E-1 4.4908E-1 4.40195E-1 4.4546E-1 4.46304E-1 4.55391E-1 4.54121E-1 4.65892E-1 4.73736E-1 4.82565E-1 4.81762E-1 4.97874E-1 4.91379E-1 4.79353E-1 4.90601E-1 4.91807E-1 4.8819E-1 4.8136E-1 4.63658E-1 4.5878E-1 4.54544E-1 4.51371E-1 4.4757E-1 4.45671E-1
5.28698E-1 5.38801E-1 5.44848E-1 5.41625E-1 5.2546E-1 5.46459E-1 5.97099E-1 5.50079E-1 5.40415E-1 5.12893E-1 4.7093E-1 4.6196E-1 4.58144E-1 4.4947E-1 4.36203E-1 4.31381E-1 4.73696E-1 5.08023E-1 5.0437E-1 4.8237E-1 4.71963E-1 4.77164E-1 4.83742E-1 4.95032E-1 4.93409E-1 4.93815E-1 4.87727E-1 4.97468E-1 4.9828E-1 4.89756E-1 4.83468E-1 4.97468E-1 4.97874E-1 4.88944E-1 4.60285E-1 4.33013E-1 4.01473E-1 3.76895E-1 3.79552E-1 3.80781E-1 3.83037E-1 3.9481E-1 4.00847E-1 4.41781E-1 4.53384E-1 4.40826E-1 4.52851E-1 4.61112E-1 4.68926E-1 4.73736E-1 4.73335E-1 4.80959E-1 4.84172E-1 4.7534E-1 5.03964E-1 4.97874E-1 4.84975E-1 4.89798E-1 4.86181E-1 4.7534E-1 4.70529E-1 4.65892E-1 4.62173E-1 4.56237E-1 4.5116E-1 4.48625E-1 4.43563E-1
5.13704E-1 5.29912E-1 5.27079E-1 5.3759E-1 5.31934E-1 5.40012E-1 5.40818E-1 5.54095E-1 5.97099E-1 5.51284E-1 5.41625E-1 5.32743E-1 5.10053E-1 4.87321E-1 4.78899E-1 4.6439E-1 4.65254E-1 4.93003E-1 5.02746E-1 4.79115E-1 4.85854E-1 4.84647E-1 4.802E-1 4.82587E-1 4.85854E-1 4.98686E-1 4.90162E-1 4.79332E-1 4.93409E-1 5.12082E-1 4.84345E-1 4.90162E-1 4.97468E-1 5.0437E-1 4.89756E-1 4.60717E-1 4.45213E-1 3.97096E-1 3.86741E-1 3.80166E-1 3.85093E-1 3.90457E-1 4.00638E-1 4.38783E-1 4.68932E-1 4.66119E-1 4.70447E-1 4.93815E-1 4.72533E-1 4.72533E-1 4.84975E-1 4.72533E-1 4.86181E-1 4.97874E-1 4.99498E-1 4.9828E-1 4.83368E-1 4.9422E-1 4.84975E-1 4.80557E-1 4.7855E-1 4.72132E-1 4.63021E-1 4.56449E-1 4.56449E-1 3.76857E-1 4.49892E-1
4.83238E-1 5.14921E-1 5.17355E-1 5.26269E-1 5.36783E-1 5.46861E-1 5.37187E-1 5.45251E-1 5.40012E-1 5.55298E-1 5.56901E-1 5.54496E-1 5.46459E-1 5.39608E-1 5.41222E-1 5.13299E-1 4.8651E-1 4.92597E-1 5.14921E-1 4.89756E-1 5.07617E-1 4.93003E-1 4.80417E-1 4.81936E-1 4.59839E-1 4.90162E-1 5.064E-1 4.93815E-1 4.85552E-1 5.08429E-1 5.05182E-1 5.05994E-1 5.13704E-1 5.16138E-1 5.15327E-1 4.90162E-1 4.6785E-1 4.51231E-1 4.05238E-1 3.94602E-1 3.92528E-1 4.03145E-1 4.40924E-1 4.78682E-1 5.12487E-1 4.67201E-1 4.71746E-1 4.9625E-1 4.79353E-1 4.74137E-1 4.86181E-1 4.7133E-1 4.89798E-1 4.87788E-1 4.8136E-1 5.0031E-1 5.20784E-1 4.95024E-1 4.90601E-1 4.8136E-1 4.7534E-1 4.66485E-1 4.60264E-1 4.60476E-1 3.88825E-1 3.81515E-1 3.82449E-1
4.64173E-1 4.86156E-1 5.05588E-1 5.18166E-1 5.31125E-1 5.35975E-1 5.42431E-1 5.49275E-1 5.18571E-1 5.25055E-1 5.42028E-1 5.46056E-1 5.52489E-1 5.47264E-1 5.35577E-1 5.47264E-1 5.32338E-1 5.08429E-1 5.30721E-1 5.064E-1 5.05994E-1 4.82153E-1 4.8651E-1 4.6196E-1 4.50103E-1 4.79549E-1 4.97874E-1 5.11676E-1 5.16138E-1 5.19787E-1 5.18166E-1 5.18166E-1 5.23435E-1 5.25055E-1 5.27889E-1 5.17355E-1 4.87321E-1 4.69581E-1 4.52738E-1 4.566E-1 4.44569E-1 4.72534E-1 4.8237E-1 5.33902E-1 5.20193E-1 5.0065E-1 4.58144E-1 4.87386E-1 4.88592E-1 4.73736E-1 4.90199E-1 4.91405E-1 4.89798E-1 4.82163E-1 4.88592E-1 5.18321E-1 5.26118E-1 4.9623E-1 4.87788E-1 4.75741E-1 4.65595E-1 4.64083E-1 4.64083E-1 4.67725E-1 4.7093E-1 3.89954E-1 4.61324E-1
4.65254E-1 4.69148E-1 4.7153E-1 4.93409E-1 5.12487E-1 5.2546E-1 5.35571E-1 5.39608E-1 5.39205E-1 5.43237E-1 5.48068E-1 5.14516E-1 5.13299E-1 5.29507E-1 5.27968E-1 5.33576E-1 5.50882E-1 5.44043E-1 5.37187E-1 5.27079E-1 5.16544E-1 5.16138E-1 4.75646E-1 4.60717E-1 4.70664E-1 4.8935E-1 4.9625E-1 5.04776E-1 5.08835E-1 5.10053E-1 5.25865E-1 4.33366E-1 5.25055E-1 5.30721E-1 5.35975E-1 5.31125E-1 5.2546E-1 5.14921E-1 4.95438E-1 5.08461E-1 5.12082E-1 5.20193E-1 5.19787E-1 5.10053E-1 4.92303E-1 4.86967E-1 5.10516E-1 4.91807E-1 5.24067E-1 4.86984E-1 4.91003E-1 4.8377E-1 4.80959E-1 4.86984E-1 4.9422E-1 5.28168E-1 4.93818E-1 4.82967E-1 4.73335E-1 4.75741E-1 4.72934E-1 4.66189E-1 4.68526E-1 4.76945E-1 4.73335E-1 4.6196E-1 4.56873E-1
4.05238E-1 4.43711E-1 4.69148E-1 4.80851E-1 4.94626E-1 5.13704E-1 5.19787E-1 5.21814E-1 5.2465E-1 5.35975E-1 5.3153E-1 5.38801E-1 5.27079E-1 5.15733E-1 5.24245E-1 5.29507E-1 5.46056E-1 5.51284E-1 5.46459E-1 5.37994E-1 5.35167E-1 5.28698E-1 5.14921E-1 4.8237E-1 4.74563E-1 4.82587E-1 5.05994E-1 5.07617E-1 5.01528E-1 5.10458E-1 5.15733E-1 4.32227E-1 4.33745E-1 5.33955E-1 5.35571E-1 5.18977E-1 4.79332E-1 4.81285E-1 4.68283E-1 4.83468E-1 5.26528E-1 5.18977E-1 4.98686E-1 4.63741E-1 4.59637E-1 4.51794E-1 4.76945E-1 4.97034E-1 4.86984E-1 4.88994E-1 5.24477E-1 5.16268E-1 5.17089E-1 5.28987E-1 5.30216E-1 4.9623E-1 4.8819E-1 4.82967E-1 4.86181E-1 4.82565E-1 4.72132E-1 4.66782E-1 4.79754E-1 4.76945E-1 4.72533E-1 4.60052E-1 4.57085E-1
3.64126E-1 3.97512E-1 4.52092E-1 4.69798E-1 4.75863E-1 4.82804E-1 4.88133E-1 4.82153E-1 4.94626E-1 5.08023E-1 5.16949E-1 5.17355E-1 5.08429E-1 4.84949E-1 4.83238E-1 4.9625E-1 5.29912E-1 5.48068E-1 5.50882E-1 5.49677E-1 5.46459E-1 5.37994E-1 5.34359E-1 5.25055E-1 5.10864E-1 5.08023E-1 5.25865E-1 5.27079E-1 5.25055E-1 5.12487E-1 5.13704E-1 5.27889E-1 5.37994E-1 5.39205E-1 5.36379E-1 5.25055E-1 4.79332E-1 4.38783E-1 4.00638E-1 4.34294E-1 4.82804E-1 5.15733E-1 4.82804E-1 4.63309E-1 4.88746E-1 4.73736E-1 4.86984E-1 5.30216E-1 5.18321E-1 5.05727E-1 5.04917E-1 5.03299E-1 5.01275E-1 5.10582E-1 5.09773E-1 5.22836E-1 4.8819E-1 4.92209E-1 4.80557E-1 4.7534E-1 4.80959E-1 4.84975E-1 4.86181E-1 4.80959E-1 4.74939E-1 4.65595E-1 4.57508E-1
3.26242E-1 3.5016E-1 3.9668E-1 4.60069E-1 4.58342E-1 4.66119E-1 4.63309E-1 4.47791E-1 4.57695E-1 4.5403E-1 4.71746E-1 4.7218E-1 4.802E-1 4.58774E-1 4.63309E-1 4.7608E-1 5.05182E-1 5.2546E-1 5.35571E-1 5.42431E-1 5.30773E-1 5.27567E-1 5.26364E-1 5.21148E-1 5.35167E-1 5.28698E-1 5.16138E-1 5.2465E-1 5.14921E-1 5.11676E-1 5.21409E-1 5.05076E-1 5.19141E-1 5.34359E-1 5.29507E-1 5.27484E-1 4.94221E-1 4.38783E-1 3.80781E-1 3.78938E-1 4.53384E-1 5.0437E-1 4.98686E-1 4.74129E-1 4.67201E-1 4.75646E-1 5.01883E-1 5.21605E-1 5.28168E-1 5.30216E-1 5.24477E-1 5.23657E-1 5.23657E-1 5.23657E-1 5.30626E-1 4.97436E-1 5.18166E-1 5.13704E-1 4.90601E-1 4.91807E-1 4.91003E-1 4.87386E-1 4.8819E-1 4.79353E-1 4.74538E-1 4.68926E-1 4.59839E-1
3.00266E-1 3.31613E-1 3.70184E-1 3.91492E-1 4.34721E-1 4.03773E-1 3.90251E-1 3.73635E-1 3.77507E-1 3.89424E-1 4.00013E-1 4.34507E-1 4.56617E-1 4.48005E-1 4.41996E-1 4.55323E-1 4.6439E-1 4.88538E-1 5.18571E-1 5.06685E-1 5.21951E-1 5.4847E-1 5.48873E-1 5.46056E-1 5.44043E-1 5.35571E-1 5.33147E-1 5.36783E-1 5.13518E-1 5.28698E-1 5.21409E-1 4.98241E-1 5.37187E-1 5.3759E-1 5.27079E-1 4.29951E-1 4.19749E-1 3.66689E-1 3.76691E-1 3.61514E-1 4.021E-1 4.72829E-1 4.79766E-1 4.75646E-1 4.78248E-1 4.79983E-1 4.73263E-1 4.87412E-1 4.81285E-1 5.21195E-1 5.27348E-1 4.98643E-1 4.98643E-1 5.31445E-1 4.99045E-1 5.00251E-1 5.12893E-1 5.0437E-1 4.88592E-1 4.83368E-1 4.78149E-1 4.82163E-1 4.83368E-1 4.82163E-1 4.78149E-1 4.7133E-1 4.6387E-1
3.31613E-1 3.52934E-1 3.58311E-1 3.72619E-1 3.80986E-1 3.80576E-1 3.76487E-1 3.61715E-1 3.45429E-1 3.36641E-1 3.37029E-1 3.57712E-1 3.85093E-1 3.9668E-1 4.01891E-1 4.31307E-1 4.41567E-1 4.62013E-1 4.81285E-1 5.12893E-1 5.08695E-1 5.36783E-1 5.47666E-1 5.48873E-1 5.48068E-1 5.44043E-1 5.40818E-1 5.46861E-1 5.25562E-1 5.17936E-1 5.08293E-1 5.0588E-1 5.1874E-1 5.19141E-1 5.13919E-1 5.09499E-1 4.21256E-1 3.84695E-1 4.29816E-1 3.49567E-1 3.6292E-1 3.87772E-1 4.3216E-1 4.47791E-1 4.63957E-1 4.75863E-1 4.83468E-1 4.93409E-1 4.89756E-1 4.86967E-1 5.19964E-1 4.95426E-1 4.98643E-1 4.99447E-1 4.99045E-1 4.9623E-1 4.87386E-1 4.82163E-1 4.82163E-1 4.79754E-1 4.7133E-1 4.76142E-1 4.74137E-1 4.80959E-1 4.78951E-1 4.68526E-1 4.84949E-1
3.42683E-1 3.52934E-1 3.66141E-1 3.77507E-1 3.84476E-1 3.89424E-1 3.92528E-1 3.91492E-1 3.76487E-1 3.35107E-1 3.23234E-1 3.46609E-1 3.47988E-1 3.57712E-1 3.70995E-1 3.85505E-1 4.31733E-1 4.49295E-1 4.5748E-1 4.80851E-1 5.11676E-1 5.26674E-1 5.34359E-1 5.44043E-1 5.48873E-1 5.46459E-1 5.46459E-1 5.46459E-1 5.27166E-1 5.19944E-1 5.16732E-1 5.13518E-1 5.14321E-1 5.22754E-1 5.17936E-1 5.12714E-1 5.05478E-1 4.8819E-1 4.55323E-1 3.59511E-1 3.24716E-1 3.34316E-1 3.45626E-1 3.73025E-1 3.95017E-1 4.40924E-1 4.59853E-1 4.77597E-1 4.97062E-1 4.99904E-1 4.87727E-1 4.92209E-1 4.93013E-1 4.91807E-1 4.85779E-1 4.83368E-1 4.84975E-1 4.95844E-1 4.93815E-1 4.91379E-1 4.74538E-1 4.69727E-1 4.67376E-1 4.65595E-1 4.66485E-1 4.60052E-1 4.61536E-1
3.50952E-1 3.60311E-1 3.39168E-1 3.42096E-1 3.56514E-1 3.72212E-1 3.85299E-1 3.91492E-1 3.95848E-1 3.70387E-1 3.58301E-1 3.4937E-1 3.20159E-1 3.09103E-1 3.16764E-1 3.37029E-1 3.68969E-1 3.9481E-1 4.29603E-1 4.53815E-1 4.88538E-1 5.22219E-1 5.2465E-1 5.12312E-1 5.23957E-1 5.27968E-1 5.26364E-1 5.40012E-1 5.44446E-1 5.44446E-1 5.44446E-1 5.22754E-1 5.22754E-1 5.22754E-1 5.40012E-1 5.37994E-1 5.32743E-1 5.20193E-1 4.65471E-1 3.96888E-1 3.53132E-1 3.05403E-1 3.17328E-1 3.41705E-1 3.6715E-1 3.85093E-1 4.05448E-1 4.4994E-1 4.83742E-1 5.06806E-1 5.14921E-1 4.85779E-1 4.88994E-1 4.86984E-1 5.02746E-1 4.97874E-1 4.95844E-1 4.90568E-1 4.85854E-1 4.83021E-1 4.81936E-1 4.81285E-1 4.77814E-1 4.59627E-1 4.60264E-1 4.57085E-1 4.55602E-1
3.70184E-1 3.49172E-1 3.29882E-1 3.08547E-1 3.04298E-1 3.25097E-1 3.53529E-1 3.74449E-1 3.9668E-1 3.95225E-1 3.96056E-1 3.78325E-1 3.59111E-1 3.4151E-1 3.32384E-1 3.40533E-1 3.64931E-1 3.75264E-1 3.97512E-1 4.4908E-1 4.802E-1 5.13704E-1 5.29507E-1 5.36783E-1 5.17535E-1 5.1191E-1 5.11508E-1 5.1633E-1 5.22353E-1 5.42028E-1 5.20747E-1 5.23155E-1 5.20747E-1 5.13116E-1 5.26674E-1 5.32338E-1 5.35975E-1 5.14921E-1 4.75863E-1 4.59853E-1 4.3344E-1 3.63724E-1 3.16764E-1 3.1208E-1 3.23573E-1 3.46609E-1 3.78529E-1 4.06705E-1 4.68715E-1 4.9828E-1 5.09647E-1 4.86915E-1 4.92597E-1 4.93409E-1 4.82153E-1 4.77164E-1 4.74996E-1 4.73913E-1 4.65687E-1 4.6785E-1 4.7543E-1 4.73263E-1 4.66768E-1 4.69798E-1 4.52006E-1 4.45882E-1 4.65254E-1
3.34509E-1 2.95359E-1 2.95687E-1 2.8693E-1 2.92294E-1 3.10776E-1 3.27007E-1 3.57911E-1 3.82627E-1 3.97929E-1 3.98762E-1 4.01682E-1 3.96264E-1 3.76079E-1 3.65334E-1 3.97512E-1 4.28538E-1 4.3344E-1 4.42424E-1 4.64173E-1 4.87321E-1 5.15327E-1 5.19787E-1 5.30721E-1 5.23029E-1 4.94622E-1 4.91003E-1 5.02262E-1 5.09097E-1 5.1633E-1 5.13919E-1 5.13116E-1 5.06685E-1 5.03468E-1 5.01055E-1 5.29912E-1 5.3153E-1 5.18166E-1 4.73479E-1 4.67633E-1 4.54892E-1 4.39211E-1 3.89837E-1 3.33156E-1 3.01546E-1 3.0966E-1 3.4151E-1 3.75467E-1 4.39853E-1 4.77814E-1 5.03964E-1 5.01934E-1 4.95844E-1 4.87321E-1 4.80851E-1 4.82153E-1 4.78031E-1 4.74129E-1 4.70664E-1 4.62877E-1 4.60285E-1 4.62877E-1 4.63525E-1 4.62877E-1 4.62013E-1 4.58558E-1 4.61149E-1
3.85711E-1 3.25097E-1 2.81098E-1 2.94997E-1 2.9699E-1 3.0966E-1 3.26242E-1 3.4151E-1 3.68767E-1 3.90251E-1 4.01056E-1 3.98345E-1 4.328E-1 4.46501E-1 4.47361E-1 4.54892E-1 3.62472E-1 4.59206E-1 4.64606E-1 4.79983E-1 4.92191E-1 4.95032E-1 4.93815E-1 5.16544E-1 5.19382E-1 5.01528E-1 4.99498E-1 4.91807E-1 4.97838E-1 5.2546E-1 5.34763E-1 5.25055E-1 4.83368E-1 4.80557E-1 4.99849E-1 5.26674E-1 5.2465E-1 5.28293E-1 4.9828E-1 4.68715E-1 4.53384E-1 4.57695E-1 4.40067E-1 4.01473E-1 3.72822E-1 3.33543E-1 3.19214E-1 3.53331E-1 3.86741E-1 4.56617E-1 4.83742E-1 4.91379E-1 4.88944E-1 3.92337E-1 4.7543E-1 4.65254E-1 4.57695E-1 4.41781E-1 4.37285E-1 4.31947E-1 3.89424E-1 3.92735E-1 4.30881E-1 3.96888E-1 3.94187E-1 4.00221E-1 3.98762E-1
4.328E-1 3.86123E-1 3.3509E-1 3.16012E-1 3.10218E-1 2.88354E-1 3.00814E-1 3.48185E-1 3.49567E-1 3.65939E-1 3.93979E-1 4.01473E-1 4.29603E-1 4.38355E-1 4.48435E-1 4.63093E-1 3.82823E-1 4.7673E-1 4.81936E-1 4.81936E-1 4.802E-1 4.84043E-1 4.97468E-1 5.03152E-1 5.04776E-1 5.08835E-1 5.15327E-1 5.01055E-1 5.11508E-1 5.28698E-1 5.33551E-1 5.27484E-1 4.97838E-1 4.96632E-1 4.91405E-1 5.16544E-1 5.22624E-1 5.24245E-1 5.2546E-1 4.9828E-1 4.69798E-1 4.79983E-1 4.51016E-1 4.63309E-1 4.44355E-1 3.75264E-1 3.472E-1 3.80781E-1 4.00221E-1 4.65254E-1 4.46716E-1 4.34721E-1 4.63741E-1 3.66138E-1 4.00638E-1 3.84065E-1 3.80986E-1 3.69981E-1 3.82421E-1 3.89424E-1 3.68969E-1 3.68564E-1 3.99179E-1 3.64126E-1 3.39168E-1 3.37612E-1 3.37612E-1
3.87772E-1 3.8963E-1 3.74042E-1 3.54921E-1 3.20538E-1 2.89247E-1 2.90499E-1 3.28922E-1 3.6816E-1 3.79552E-1 3.85505E-1 3.20843E-1 3.51751E-1 3.6028E-1 4.5403E-1 3.72961E-1 3.77229E-1 3.77601E-1 4.71963E-1 4.79115E-1 4.64083E-1 4.79353E-1 4.89396E-1 4.95024E-1 5.17355E-1 5.19382E-1 5.25865E-1 5.29507E-1 5.19382E-1 5.17355E-1 5.31125E-1 5.33147E-1 5.28293E-1 5.03468E-1 4.94622E-1 4.89396E-1 5.11676E-1 5.19382E-1 5.26269E-1 5.1776E-1 5.11676E-1 4.99904E-1 4.8651E-1 4.80851E-1 4.66768E-1 4.4221E-1 3.88597E-1 4.40067E-1 4.60717E-1 4.73479E-1 4.52954E-1 3.20326E-1 3.49408E-1 2.9719E-1 3.38001E-1 3.11894E-1 3.2873E-1 3.33736E-1 3.63121E-1 3.91285E-1 3.57312E-1 3.58711E-1 3.97929E-1 3.70995E-1 3.35283E-1 3.13014E-1 3.0966E-1
4.32587E-1 3.81806E-1 3.52934E-1 3.81191E-1 3.47594E-1 2.97898E-1 2.9699E-1 3.12267E-1 3.37393E-1 3.55949E-1 3.77916E-1 3.23955E-1 3.54644E-1 3.60097E-1 3.64853E-1 3.68529E-1 3.71297E-1 3.73517E-1 4.65687E-1 4.73046E-1 4.7218E-1 4.56026E-1 4.88592E-1 4.95426E-1 4.92209E-1 5.18977E-1 5.21409E-1 5.13299E-1 5.13299E-1 5.24245E-1 5.07087E-1 5.25055E-1 5.08293E-1 5.04272E-1 5.00653E-1 4.9422E-1 5.05182E-1 5.15733E-1 5.22624E-1 5.21409E-1 5.18571E-1 5.12082E-1 5.0437E-1 4.96656E-1 4.92597E-1 4.79766E-1 4.67417E-1 4.69581E-1 4.79549E-1 4.7088E-1 4.35575E-1 3.73432E-1 3.65939E-1 3.50754E-1 3.21674E-1 2.99536E-1 3.0118E-1 3.0762E-1 3.33349E-1 3.77712E-1 3.60512E-1 2.95819E-1 3.36237E-1 3.77916E-1 3.37029E-1 3.08732E-1 3.01912E-1
3.90457E-1 3.60311E-1 3.91285E-1 3.96888E-1 3.68767E-1 3.51546E-1 3.55717E-1 3.64931E-1 3.73838E-1 3.55558E-1 3.56928E-1 3.87025E-1 4.13059E-1 3.54644E-1 4.44784E-1 4.4865E-1 4.55108E-1 4.66336E-1 4.7543E-1 4.84345E-1 4.74538E-1 4.79754E-1 4.83368E-1 4.87788E-1 4.87788E-1 5.07212E-1 4.86582E-1 4.86181E-1 4.93416E-1 5.02664E-1 4.99045E-1 5.1411E-1 4.95426E-1 5.00251E-1 4.92611E-1 4.91807E-1 5.08023E-1 5.04776E-1 5.12082E-1 5.16138E-1 5.1776E-1 5.14921E-1 5.10458E-1 5.07617E-1 5.03558E-1 5.0031E-1 4.95844E-1 4.8237E-1 4.66336E-1 4.3643E-1 3.72822E-1 3.46609E-1 3.33156E-1 3.30074E-1 3.20348E-1 3.18459E-1 3.11521E-1 3.03747E-1 3.06141E-1 3.47003E-1 3.31999E-1 3.38584E-1 3.22338E-1 3.79961E-1 3.54126E-1 3.16012E-1 2.30581E-1
4.58774E-1 4.38997E-1 4.01265E-1 3.45626E-1 3.31228E-1 3.2586E-1 3.29306E-1 3.53927E-1 3.72619E-1 3.64209E-1 3.70159E-1 3.94602E-1 3.91699E-1 4.05448E-1 4.30455E-1 4.39639E-1 4.54461E-1 4.62445E-1 4.53274E-1 4.802E-1 4.84949E-1 4.86915E-1 4.94221E-1 4.99498E-1 5.03964E-1 4.7855E-1 4.81762E-1 4.88592E-1 4.91003E-1 4.93416E-1 4.93818E-1 5.1127E-1 4.91405E-1 4.96632E-1 4.95828E-1 4.88994E-1 5.0234E-1 4.93003E-1 5.0031E-1 5.1127E-1 5.11676E-1 5.09647E-1 5.09241E-1 5.04776E-1 4.95844E-1 4.96656E-1 4.9625E-1 4.90162E-1 4.71097E-1 4.35362E-1 3.85917E-1 3.71806E-1 3.53132E-1 3.32384E-1 3.1827E-1 3.20348E-1 3.23003E-1 3.22813E-1 3.03196E-1 2.8693E-1 2.8427E-1 2.90678E-1 3.18459E-1 3.30843E-1 3.46019E-1 2.56821E-1 2.3579E-1
4.82587E-1 4.79549E-1 4.40282E-1 3.65939E-1 3.23573E-1 3.15636E-1 3.32963E-1 3.39948E-1 3.51461E-1 3.68569E-1 3.59283E-1 3.50878E-1 3.72619E-1 3.86741E-1 3.85093E-1 4.02518E-1 4.46716E-1 4.38303E-1 4.43563E-1 4.49892E-1 4.68715E-1 4.72613E-1 4.75863E-1 4.84345E-1 4.95844E-1 4.94626E-1 4.77346E-1 4.76544E-1 4.79754E-1 4.85779E-1 4.86984E-1 5.03964E-1 5.06806E-1 4.87788E-1 4.92209E-1 4.92611E-1 5.05588E-1 4.93003E-1 5.03964E-1 5.08023E-1 5.00716E-1 4.79983E-1 4.71313E-1 4.68932E-1 4.62445E-1 4.66768E-1 4.62877E-1 4.78682E-1 4.84043E-1 4.69798E-1 4.41353E-1 4.4414E-1 3.95433E-1 3.55717E-1 3.42096E-1 3.45036E-1 3.3839E-1 3.37223E-1 3.21674E-1 3.02645E-1 2.94275E-1 2.82329E-1 2.9352E-1 2.84447E-1 2.91934E-1 2.91755E-1 2.95687E-1
4.79353E-1 4.77597E-1 4.69798E-1 4.36858E-1 3.77916E-1 3.48975E-1 3.86123E-1 3.96056E-1 3.77351E-1 3.92528E-1 3.8963E-1 3.76487E-1 3.66948E-1 3.55717E-1 3.77507E-1 4.02309E-1 4.30242E-1 4.02518E-1 4.19489E-1 4.29079E-1 4.33895E-1 4.52954E-1 4.59637E-1 4.59853E-1 4.79115E-1 4.83468E-1 4.82587E-1 4.86915E-1 4.7534E-1 4.76544E-1 4.93815E-1 4.92191E-1 4.7534E-1 4.80959E-1 4.7855E-1 4.82967E-1 4.77747E-1 4.7534E-1 4.99498E-1 5.02746E-1 4.96656E-1 4.60933E-1 4.36217E-1 4.03145E-1 3.95433E-1 3.96264E-1 4.00847E-1 4.07125E-1 4.44784E-1 4.69798E-1 4.73696E-1 4.70014E-1 4.38569E-1 3.96888E-1 3.88185E-1 3.80576E-1 3.79757E-1 3.6292E-1 3.29306E-1 3.13388E-1 3.0688E-1 3.00449E-1 3.01546E-1 3.07991E-1 2.96083E-1 2.93914E-1 2.93554E-1
4.55602E-1 4.37673E-1 4.41781E-1 4.53815E-1 4.38355E-1 4.31947E-1 3.91285E-1 3.79347E-1 3.87978E-1 3.90871E-1 3.98553E-1 3.87772E-1 3.55717E-1 3.51546E-1 3.50754E-1 3.84887E-1 3.96264E-1 3.8427E-1 3.86123E-1 3.75548E-1 3.85811E-1 3.86418E-1 4.1513E-1 4.38569E-1 4.58127E-1 4.71746E-1 4.7673E-1 4.73109E-1 4.62597E-1 4.61324E-1 4.60264E-1 4.59839E-1 4.6196E-1 4.65892E-1 4.62173E-1 4.74538E-1 4.85552E-1 4.79115E-1 4.85854E-1 4.91785E-1 4.95032E-1 4.79115E-1 4.68932E-1 4.52738E-1 4.43068E-1 3.89217E-1 3.56514E-1 3.46215E-1 3.63523E-1 3.88804E-1 4.00847E-1 4.3152E-1 4.4951E-1 4.51877E-1 4.52954E-1 4.41996E-1 4.42424E-1 4.38569E-1 4.36003E-1 4.02936E-1 3.89837E-1 3.78529E-1 3.62317E-1 3.58311E-1 3.68767E-1 3.54324E-1 3.37806E-1
4.69234E-1 4.39985E-1 4.1845E-1 4.22193E-1 4.42639E-1 4.41996E-1 4.41567E-1 4.29177E-1 3.95433E-1 3.91078E-1 3.7655E-1 3.69761E-1 3.66342E-1 3.45626E-1 3.54921E-1 3.75264E-1 3.58111E-1 3.70792E-1 3.65737E-1 3.69171E-1 3.81396E-1 3.7812E-1 3.85299E-1 4.04401E-1 4.43926E-1 4.53815E-1 4.54246E-1 4.55919E-1 4.64288E-1 4.49047E-1 4.50737E-1 4.42721E-1 4.49681E-1 4.78465E-1 4.77381E-1 4.61324E-1 4.58144E-1 4.46304E-1 4.70447E-1 4.79983E-1 4.81719E-1 4.81936E-1 4.81068E-1 4.75213E-1 4.59135E-1 4.35858E-1 3.72122E-1 3.20749E-1 3.18082E-1 3.26242E-1 3.3509E-1 3.5016E-1 3.50754E-1 3.54523E-1 3.87566E-1 4.06076E-1 4.30242E-1 4.28538E-1 4.38355E-1 4.41781E-1 4.40924E-1 4.40282E-1 4.36003E-1 4.35148E-1 4.2939E-1 4.06076E-1 3.85917E-1
4.8307E-1 4.54634E-1 4.37558E-1 4.16374E-1 3.87025E-1 4.04191E-1 4.34721E-1 4.40496E-1 4.33227E-1 3.86123E-1 3.61113E-1 3.42757E-1 3.47397E-1 3.42096E-1 3.55717E-1 3.61113E-1 3.58511E-1 3.57512E-1 3.67554E-1 3.53728E-1 3.50556E-1 3.59711E-1 3.76691E-1 3.86535E-1 3.95433E-1 4.31947E-1 4.0461E-1 4.35646E-1 4.39853E-1 4.27198E-1 4.28243E-1 4.54677E-1 4.66119E-1 4.69581E-1 4.63741E-1 4.35153E-1 4.21152E-1 4.12852E-1 4.51662E-1 4.55754E-1 4.59637E-1 4.6785E-1 4.71746E-1 4.69365E-1 4.43068E-1 3.97888E-1 3.76979E-1 3.44717E-1 3.28155E-1 2.53961E-1 2.41137E-1 3.02645E-1 2.99901E-1 3.00631E-1 3.20538E-1 3.31999E-1 3.45822E-1 3.5016E-1 3.69374E-1 3.714E-1 3.87978E-1 3.90871E-1 3.82421E-1 3.82473E-1 3.84515E-1 3.97512E-1 3.95848E-1
5.40012E-1 5.08429E-1 4.83238E-1 4.54332E-1 4.38513E-1 4.34294E-1 4.31947E-1 4.33227E-1 4.34294E-1 4.0043E-1 3.67554E-1 3.38973E-1 3.15636E-1 3.12827E-1 3.32577E-1 3.49963E-1 3.60913E-1 3.714E-1 3.73838E-1 3.84476E-1 3.58311E-1 3.6292E-1 3.72009E-1 3.78325E-1 3.93357E-1 3.96056E-1 3.80986E-1 3.87153E-1 3.75467E-1 3.91492E-1 4.2939E-1 4.25111E-1 4.36413E-1 4.30753E-1 3.95848E-1 3.46019E-1 3.2969E-1 3.34703E-1 3.52824E-1 3.89837E-1 4.31947E-1 4.50586E-1 4.63093E-1 4.52523E-1 4.56832E-1 4.49725E-1 4.41567E-1 3.18949E-1 3.12451E-1 3.08216E-1 2.69248E-1 3.02278E-1 2.85155E-1 2.89213E-1 2.8353E-1 2.89213E-1 2.89068E-1 3.05035E-1 3.01729E-1 2.99536E-1 3.31763E-1 3.18495E-1 3.15689E-1 3.30806E-1 3.27943E-1 3.47258E-1 3.44522E-1
5.27567E-1 5.19141E-1 5.25055E-1 5.01528E-1 4.7153E-1 4.42639E-1 4.03982E-1 3.92735E-1 3.96264E-1 3.88849E-1 3.74948E-1 3.60913E-1 3.19403E-1 3.1208E-1 3.24335E-1 3.48777E-1 3.73838E-1 3.79552E-1 3.68362E-1 3.81601E-1 3.92113E-1 3.80986E-1 3.79347E-1 3.77507E-1 3.8901E-1 3.85299E-1 3.60311E-1 3.5016E-1 3.56315E-1 3.71806E-1 3.74449E-1 3.77507E-1 3.91699E-1 3.81396E-1 3.27964E-1 3.10404E-1 3.03947E-1 2.87943E-1 2.85499E-1 2.94817E-1 3.24168E-1 3.90871E-1 3.85609E-1 3.69165E-1 3.4913E-1 3.43937E-1 3.5214E-1 3.12961E-1 3.97267E-1 3.98302E-1 3.95433E-1 3.59111E-1 3.20916E-1 3.05219E-1 2.81801E-1 2.8212E-1 2.28697E-1 2.8212E-1 2.31622E-1 2.25797E-1 2.80714E-1 2.96411E-1 2.82681E-1 2.94963E-1 2.89159E-1 2.90517E-1 3.10672E-1
6.24693E-1 5.34377E-1 5.44446E-1 5.27889E-1 4.83742E-1 4.64173E-1 4.36858E-1 3.97096E-1 3.94602E-1 4.0461E-1 3.7695E-1 3.81191E-1 3.69171E-1 3.54722E-1 3.25288E-1 3.56116E-1 3.79143E-1 3.84682E-1 3.84887E-1 3.63222E-1 3.79359E-1 4.14094E-1 3.57516E-1 3.57712E-1 3.73228E-1 3.79347E-1 3.68767E-1 3.51744E-1 3.44447E-1 3.49567E-1 3.50754E-1 3.26416E-1 3.55717E-1 3.52339E-1 3.44643E-1 3.21184E-1 3.00168E-1 2.82549E-1 2.90824E-1 2.30233E-1 2.9032E-1 3.2137E-1 3.47774E-1 3.41407E-1 3.11412E-1 3.04783E-1 3.05957E-1 3.1457E-1 3.34642E-1 3.71718E-1 3.83698E-1 3.69779E-1 3.71603E-1 3.5512E-1 3.30459E-1 2.98233E-1 2.85204E-1 2.23285E-1 2.11096E-1 2.19778E-1 2.19629E-1 2.14021E-1 2.09093E-1 1.98851E-1 1.95767E-1 1.96249E-1 2.10234E-1
6.29583E-1 6.27329E-1 5.80148E-1 5.34777E-1 5.37994E-1 4.99904E-1 4.7153E-1 4.45213E-1 4.34721E-1 4.43926E-1 4.46287E-1 4.05867E-1 3.84065E-1 3.74653E-1 3.63322E-1 3.47791E-1 3.78529E-1 3.95848E-1 3.92321E-1 3.9564E-1 3.94602E-1 3.80364E-1 3.85204E-1 3.32261E-1 3.87772E-1 4.05029E-1 3.97512E-1 3.65737E-1 3.48975E-1 3.44447E-1 3.59311E-1 3.56732E-1 3.5263E-1 3.66783E-1 3.4913E-1 3.22488E-1 2.94107E-1 2.82459E-1 2.83707E-1 2.98625E-1 3.46671E-1 3.41213E-1 3.38348E-1 3.53551E-1 3.23383E-1 3.05219E-1 3.00997E-1 2.86439E-1 2.83096E-1 3.11042E-1 3.47846E-1 3.60093E-1 3.26042E-1 3.28896E-1 3.37612E-1 3.35989E-1 3.046E-1 2.82108E-1 2.15883E-1 2.22322E-1 2.95506E-1 2.84414E-1 2.20897E-1 2.03572E-1 1.79354E-1 1.68008E-1 1.72872E-1
