outputgeo/cholera.asc
ncols         372
nrows         276
xllcorner     -74.6
yllcorner     17.9
cellsize      0.00833333333333332
NODATA_value  -9999
[rows 210 to 239 of 276, columns 67 to 133 of 372]
3.78325E-1 3.76283E-1 3.81806E-1 3.61113E-1 3.73025E-1 3.73635E-1 3.52339E-1 3.34316E-1 3.50556E-1 3.53927E-1 3.58111E-1 3.66544E-1 3.72212E-1 3.80986E-1 3.81601E-1 3.70387E-1 3.77099E-1 3.86741E-1 3.97096E-1 4.03145E-1 4.28538E-1 4.04191E-1 4.31094E-1 3.95017E-1 3.73228E-1 3.69779E-1 3.80166E-1 3.80166E-1 3.70995E-1 3.5512E-1 3.45822E-1 3.43859E-1 3.43271E-1 3.72619E-1 3.83243E-1 3.98762E-1 4.38997E-1 4.328E-1 4.30242E-1 4.65471E-1 4.65038E-1 4.59637E-1 5.17355E-1 5.49677E-1 4.66552E-1 4.2939E-1 4.34294E-1 3.8427E-1 3.86535E-1 3.79552E-1 3.61715E-1 3.61715E-1 3.72822E-1 4.34507E-1 4.53169E-1 4.5403E-1 4.60069E-1 4.65254E-1 4.60717E-1 4.4994E-1 4.59637E-1 4.68499E-1 4.63957E-1 4.5597E-1 4.01265E-1 4.30881E-1 4.60285E-1
3.46019E-1 3.40143E-1 3.42487E-1 3.57712E-1 3.48975E-1 3.64126E-1 3.63724E-1 3.60913E-1 3.62719E-1 3.58311E-1 3.41314E-1 3.48975E-1 3.50358E-1 3.58311E-1 3.48383E-1 3.48383E-1 3.59911E-1 3.75264E-1 3.83654E-1 3.70184E-1 3.59511E-1 3.66141E-1 4.0461E-1 4.0043E-1 3.94602E-1 3.95017E-1 3.80576E-1 3.46412E-1 3.1827E-1 3.10776E-1 3.03563E-1 3.0725E-1 3.36641E-1 3.5016E-1 3.51348E-1 3.77712E-1 3.83654E-1 4.68715E-1 4.81936E-1 4.90568E-1 4.79115E-1 5.26269E-1 5.43237E-1 4.72613E-1 4.03564E-1 3.89837E-1 3.81191E-1 3.68969E-1 3.74856E-1 3.91285E-1 3.9772E-1 4.01265E-1 4.3216E-1 4.58774E-1 4.58127E-1 4.48865E-1 4.40067E-1 4.54892E-1 4.67417E-1 4.67633E-1 4.57048E-1 4.68499E-1 4.67201E-1 4.67417E-1 4.50801E-1 4.61581E-1 4.76513E-1
3.47003E-1 3.03931E-1 3.05035E-1 3.03563E-1 3.03563E-1 3.35865E-1 3.13388E-1 3.19403E-1 3.30843E-1 3.4858E-1 3.48383E-1 3.29498E-1 3.08917E-1 3.11148E-1 3.23954E-1 3.40533E-1 3.50754E-1 3.56913E-1 3.45233E-1 3.3839E-1 3.44251E-1 3.40533E-1 3.53331E-1 3.43271E-1 3.32963E-1 3.48777E-1 3.25094E-1 2.99718E-1 2.98079E-1 3.05957E-1 2.97898E-1 2.91934E-1 3.10776E-1 3.38779E-1 3.6816E-1 3.81396E-1 4.38997E-1 4.59421E-1 4.72396E-1 3.97304E-1 3.9315E-1 4.60717E-1 4.99092E-1 4.4865E-1 3.91699E-1 3.76079E-1 3.63121E-1 4.02518E-1 4.41353E-1 4.55108E-1 4.5899E-1 4.58774E-1 4.59206E-1 4.63309E-1 4.63525E-1 4.59421E-1 4.38355E-1 4.54461E-1 4.52954E-1 4.54892E-1 4.68932E-1 4.73913E-1 4.79549E-1 4.78031E-1 4.75646E-1 4.78248E-1 4.81502E-1
3.45036E-1 3.1059E-1 3.44251E-1 2.53212E-1 3.27964E-1 2.88711E-1 2.87641E-1 2.8693E-1 2.86041E-1 2.95721E-1 3.03379E-1 3.1208E-1 3.1059E-1 2.97534E-1 3.09103E-1 3.29882E-1 3.50754E-1 3.33349E-1 3.35283E-1 3.43467E-1 3.57113E-1 3.32577E-1 3.2586E-1 3.38001E-1 3.36253E-1 3.33156E-1 3.13454E-1 2.9463E-1 2.95168E-1 2.94091E-1 2.83563E-1 2.92619E-1 2.83387E-1 3.10776E-1 3.26816E-1 3.37029E-1 3.6473E-1 4.35148E-1 3.96472E-1 3.70387E-1 4.01056E-1 4.318E-1 4.73046E-1 3.9897E-1 3.76487E-1 3.69981E-1 3.67756E-1 4.4071E-1 4.47576E-1 4.35575E-1 4.40067E-1 4.50156E-1 4.50371E-1 4.41567E-1 4.46072E-1 4.62661E-1 4.53815E-1 4.57911E-1 4.61581E-1 4.59853E-1 4.65254E-1 4.7608E-1 4.83021E-1 4.85251E-1 4.81719E-1 4.73046E-1 4.66768E-1
3.6473E-1 3.62317E-1 2.81727E-1 2.7426E-1 2.54412E-1 2.9032E-1 2.87786E-1 2.88499E-1 2.81065E-1 2.79487E-1 2.80571E-1 2.8693E-1 2.9032E-1 2.93013E-1 3.11707E-1 3.30843E-1 3.50952E-1 3.54722E-1 3.51942E-1 3.5512E-1 3.58111E-1 3.40533E-1 3.23573E-1 3.21295E-1 3.08361E-1 2.99718E-1 2.98989E-1 3.21864E-1 3.16576E-1 3.31613E-1 3.36641E-1 2.89426E-1 3.09846E-1 3.3277E-1 3.5115E-1 3.79552E-1 3.64327E-1 3.55717E-1 3.51546E-1 3.61514E-1 3.63121E-1 3.80566E-1 4.45643E-1 3.81806E-1 3.66544E-1 3.62518E-1 3.61916E-1 3.90664E-1 3.11432E-1 3.9564E-1 4.0461E-1 4.01056E-1 4.02518E-1 3.99804E-1 3.96888E-1 4.42853E-1 4.29177E-1 4.33013E-1 4.53169E-1 4.62877E-1 4.64606E-1 4.69798E-1 4.73913E-1 4.78899E-1 4.82587E-1 4.8651E-1 4.86915E-1
2.46389E-1 2.27646E-1 2.46242E-1 2.50676E-1 2.56368E-1 2.34537E-1 2.15193E-1 2.28544E-1 2.23828E-1 2.24584E-1 2.82472E-1 2.91182E-1 2.82505E-1 2.92294E-1 3.00083E-1 3.25097E-1 3.45822E-1 3.32192E-1 3.34316E-1 3.43158E-1 3.36954E-1 3.39168E-1 3.45822E-1 3.20348E-1 3.31036E-1 3.33929E-1 3.21295E-1 3.72822E-1 3.8901E-1 3.92528E-1 3.76487E-1 3.11521E-1 3.17705E-1 3.31806E-1 3.4858E-1 3.94394E-1 3.95017E-1 3.52735E-1 3.47988E-1 3.48383E-1 3.36631E-1 3.63617E-1 3.89217E-1 4.01056E-1 3.83037E-1 3.74653E-1 3.85505E-1 3.21361E-1 3.22051E-1 3.90664E-1 3.92113E-1 3.8427E-1 3.82216E-1 3.83654E-1 3.88804E-1 3.9897E-1 4.06915E-1 4.02936E-1 4.05238E-1 4.43926E-1 4.5597E-1 4.62229E-1 4.67417E-1 4.71963E-1 4.74129E-1 4.90973E-1 4.92597E-1
1.55954E-1 1.43855E-1 1.51933E-1 1.58365E-1 1.80154E-1 1.79687E-1 2.01718E-1 2.15634E-1 2.22623E-1 2.23526E-1 2.80363E-1 2.80747E-1 2.8693E-1 2.97898E-1 3.09289E-1 3.29114E-1 3.38195E-1 3.39753E-1 3.53927E-1 3.54341E-1 3.50988E-1 3.46609E-1 3.30459E-1 3.69171E-1 3.79347E-1 3.37806E-1 3.56315E-1 3.67554E-1 4.51231E-1 4.45643E-1 3.72822E-1 3.6473E-1 3.24335E-1 3.28539E-1 3.48975E-1 4.01891E-1 4.44569E-1 4.35362E-1 4.20528E-1 3.81572E-1 3.43719E-1 3.76283E-1 3.85299E-1 4.02309E-1 4.37072E-1 4.06286E-1 4.01473E-1 3.46893E-1 3.67609E-1 4.46072E-1 4.41138E-1 4.39425E-1 4.35575E-1 4.07335E-1 4.021E-1 4.01056E-1 3.99179E-1 3.9564E-1 3.97096E-1 4.31947E-1 4.44569E-1 4.53384E-1 4.55539E-1 4.59853E-1 4.68715E-1 4.73479E-1 4.79115E-1
1.08001E-1 9.74311E-2 1.11089E-1 1.3273E-1 1.33827E-1 1.7082E-1 1.79354E-1 2.05239E-1 2.29004E-1 2.85653E-1 2.8743E-1 2.84624E-1 2.91216E-1 2.99354E-1 3.10776E-1 3.20538E-1 3.31806E-1 3.39363E-1 3.52934E-1 3.61113E-1 3.69981E-1 3.78938E-1 3.59311E-1 4.34935E-1 3.85917E-1 3.89217E-1 3.72619E-1 3.65536E-1 4.54677E-1 4.66768E-1 4.00221E-1 4.48005E-1 3.88804E-1 3.9897E-1 3.68362E-1 4.00221E-1 4.47576E-1 4.59853E-1 4.50315E-1 4.12232E-1 3.61644E-1 3.68966E-1 3.88241E-1 4.32847E-1 4.56832E-1 4.54892E-1 4.55602E-1 4.58992E-1 4.84574E-1 4.97468E-1 4.56026E-1 4.58342E-1 4.38997E-1 4.32373E-1 3.94187E-1 3.96472E-1 3.90251E-1 3.91078E-1 3.95017E-1 4.30668E-1 4.37713E-1 4.45213E-1 4.53815E-1 4.62229E-1 4.67201E-1 4.71746E-1 4.78682E-1
1.3011E-1 1.08383E-1 1.13535E-1 1.56552E-1 1.71807E-1 2.20524E-1 2.9208E-1 2.83563E-1 2.22172E-1 2.85653E-1 2.92653E-1 3.23383E-1 3.43467E-1 2.94456E-1 3.14136E-1 3.23003E-1 3.38195E-1 3.42096E-1 3.51348E-1 3.63322E-1 4.32373E-1 4.05238E-1 4.04401E-1 4.63309E-1 4.51662E-1 4.31094E-1 4.39211E-1 4.4221E-1 4.61581E-1 5.00716E-1 4.8935E-1 4.82587E-1 4.8651E-1 4.64074E-1 4.36644E-1 4.35362E-1 4.30753E-1 4.75213E-1 4.96656E-1 4.7543E-1 4.25946E-1 4.26363E-1 4.52428E-1 4.59839E-1 4.57296E-1 4.85251E-1 4.98241E-1 5.11508E-1 5.1633E-1 4.87788E-1 4.66782E-1 4.77381E-1 4.66119E-1 4.5748E-1 4.36644E-1 4.01682E-1 3.87772E-1 3.80166E-1 3.87772E-1 4.01473E-1 4.03145E-1 4.40067E-1 4.41353E-1 4.54246E-1 4.62877E-1 4.73479E-1 4.79766E-1
1.67159E-1 1.51457E-1 1.98242E-1 2.21422E-1 2.94602E-1 3.0118E-1 3.13388E-1 3.20159E-1 3.36641E-1 3.38973E-1 3.56514E-1 3.68362E-1 3.69981E-1 3.40533E-1 3.42487E-1 3.53132E-1 3.62719E-1 3.76487E-1 3.68969E-1 4.021E-1 4.59637E-1 4.5899E-1 4.69798E-1 4.8651E-1 4.71746E-1 4.59206E-1 4.56832E-1 4.72396E-1 4.80417E-1 4.99904E-1 5.27889E-1 5.37994E-1 5.04917E-1 4.64288E-1 4.60501E-1 4.43711E-1 4.41247E-1 4.61324E-1 5.15733E-1 4.83468E-1 4.62834E-1 4.57927E-1 4.76945E-1 4.96632E-1 5.23556E-1 5.33576E-1 6.23939E-1 6.23939E-1 5.80148E-1 5.29972E-1 5.12312E-1 5.25865E-1 5.12082E-1 4.94221E-1 4.73263E-1 4.63741E-1 4.51877E-1 4.36644E-1 4.30242E-1 3.99387E-1 3.99804E-1 4.29816E-1 4.2939E-1 4.4221E-1 4.56401E-1 4.69581E-1 4.74129E-1
1.42843E-1 1.3193E-1 1.50788E-1 1.79226E-1 2.09668E-1 2.17847E-1 1.70766E-1 1.78059E-1 2.33827E-1 3.00631E-1 3.10404E-1 2.99172E-1 3.472E-1 3.71603E-1 3.79552E-1 3.96056E-1 4.04819E-1 4.32587E-1 4.36644E-1 4.52092E-1 4.52092E-1 4.56186E-1 4.69581E-1 4.75646E-1 4.88944E-1 4.94626E-1 5.07617E-1 5.01122E-1 5.28698E-1 5.41625E-1 5.52489E-1 5.49677E-1 5.29507E-1 5.06806E-1 4.86984E-1 4.66485E-1 4.99849E-1 5.19944E-1 5.14723E-1 5.01055E-1 5.00177E-1 4.91405E-1 5.16732E-1 5.33976E-1 6.26953E-1 6.31831E-1 6.30707E-1 6.28457E-1 6.32287E-1 5.34777E-1 5.17535E-1 5.14516E-1 5.0031E-1 5.01122E-1 3.90143E-1 3.80395E-1 3.68345E-1 4.0043E-1 3.72619E-1 3.73838E-1 3.65334E-1 3.82421E-1 3.6816E-1 3.83859E-1 4.05867E-1 4.47361E-1 4.39639E-1
2.11402E-1 1.59675E-1 1.47043E-1 1.50788E-1 1.63323E-1 1.62494E-1 1.33095E-1 1.3484E-1 1.44245E-1 1.92234E-1 1.95357E-1 1.95904E-1 2.25493E-1 3.09846E-1 3.02462E-1 3.23954E-1 3.61314E-1 3.64126E-1 3.83654E-1 4.51016E-1 4.64822E-1 4.65038E-1 4.73263E-1 4.84345E-1 4.9828E-1 5.08429E-1 5.16138E-1 5.20193E-1 5.35975E-1 5.45654E-1 5.54496E-1 5.561E-1 5.561E-1 5.55699E-1 5.32375E-1 5.31974E-1 5.36377E-1 5.79756E-1 6.24316E-1 6.29583E-1 6.29208E-1 6.27705E-1 6.29958E-1 6.31456E-1 6.33326E-1 6.33699E-1 6.32579E-1 6.37896E-1 6.34161E-1 5.36377E-1 5.10704E-1 4.79766E-1 4.58558E-1 4.4865E-1 3.47791E-1 3.78556E-1 3.77953E-1 3.24476E-1 2.7774E-1 2.6491E-1 3.23383E-1 3.49567E-1 3.26051E-1 3.60311E-1 4.3152E-1 3.83243E-1 3.65536E-1
2.1446E-1 1.95767E-1 1.98518E-1 2.02839E-1 2.02559E-1 1.89283E-1 2.0298E-1 2.14168E-1 1.73545E-1 1.68616E-1 2.04672E-1 2.09812E-1 2.20973E-1 2.87074E-1 2.83563E-1 3.29114E-1 3.71198E-1 4.29816E-1 4.47791E-1 4.63741E-1 4.75863E-1 4.66768E-1 4.74563E-1 4.84345E-1 4.97468E-1 4.88994E-1 5.15733E-1 5.1776E-1 5.31125E-1 5.45654E-1 5.5289E-1 5.561E-1 5.9827E-1 5.37177E-1 5.33176E-1 5.25963E-1 5.34377E-1 5.79756E-1 5.79756E-1 5.80148E-1 5.8054E-1 6.24693E-1 5.80148E-1 6.23939E-1 5.99441E-1 6.43588E-1 6.32952E-1 6.42097E-1 5.41222E-1 4.97062E-1 5.07617E-1 4.86915E-1 4.59421E-1 3.74548E-1 3.35869E-1 3.21928E-1 3.46613E-1 2.99012E-1 2.72845E-1 3.68564E-1 2.56519E-1 2.98261E-1 3.26816E-1 3.62719E-1 3.56714E-1 3.45036E-1 3.04851E-1
2.29772E-1 2.28084E-1 2.80188E-1 2.88678E-1 2.82858E-1 2.92979E-1 2.95687E-1 3.02095E-1 2.29925E-1 2.2413E-1 2.83707E-1 2.97716E-1 2.8374E-1 3.06326E-1 3.44643E-1 3.80371E-1 4.3216E-1 4.53169E-1 4.71746E-1 4.78682E-1 4.82587E-1 4.74346E-1 4.802E-1 4.87321E-1 4.73736E-1 4.78951E-1 4.87788E-1 5.19382E-1 5.28293E-1 5.3153E-1 5.32743E-1 5.33955E-1 5.34359E-1 5.09499E-1 5.07087E-1 4.99447E-1 4.8819E-1 4.92209E-1 5.0387E-1 4.89798E-1 4.76945E-1 4.73736E-1 4.7133E-1 4.67725E-1 4.99092E-1 5.03468E-1 5.9866E-1 6.42843E-1 5.23435E-1 5.01528E-1 4.66768E-1 3.9897E-1 3.62038E-1 3.39879E-1 3.34509E-1 3.08732E-1 3.26051E-1 3.42683E-1 3.43075E-1 4.05238E-1 2.96034E-1 2.68781E-1 2.82153E-1 2.95506E-1 2.82681E-1 2.90141E-1 3.0762E-1
3.00814E-1 2.90465E-1 2.8427E-1 2.97534E-1 3.1714E-1 3.26242E-1 3.19025E-1 3.27007E-1 3.28539E-1 3.22243E-1 3.45626E-1 3.60913E-1 3.58311E-1 3.3277E-1 3.37806E-1 3.70387E-1 4.34294E-1 4.65687E-1 4.71313E-1 4.83238E-1 4.92191E-1 4.85552E-1 4.90973E-1 4.95438E-1 4.77747E-1 4.72934E-1 4.73736E-1 4.7093E-1 4.70128E-1 4.67376E-1 4.88133E-1 4.74137E-1 4.7534E-1 4.70128E-1 4.72132E-1 4.7093E-1 4.83368E-1 4.8819E-1 4.87386E-1 4.96632E-1 4.9422E-1 5.08835E-1 5.14921E-1 5.28293E-1 5.2384E-1 5.25562E-1 6.47675E-1 5.9827E-1 5.36379E-1 5.39608E-1 4.81068E-1 4.48005E-1 4.52308E-1 4.11405E-1 3.8427E-1 3.64529E-1 3.90664E-1 3.89052E-1 3.79962E-1 4.29079E-1 3.17746E-1 2.88828E-1 2.81339E-1 3.09103E-1 3.01912E-1 3.59111E-1 3.9897E-1
3.36059E-1 3.06695E-1 2.91934E-1 3.06695E-1 3.23383E-1 3.44447E-1 3.54126E-1 3.46412E-1 3.60512E-1 3.55717E-1 3.75467E-1 3.89837E-1 4.02518E-1 4.04191E-1 4.01265E-1 4.29816E-1 4.42424E-1 4.60285E-1 4.74779E-1 4.79332E-1 4.95438E-1 4.77814E-1 4.66782E-1 4.72533E-1 4.64733E-1 4.63234E-1 4.74538E-1 4.67079E-1 4.69727E-1 4.7855E-1 4.60688E-1 4.89798E-1 4.97436E-1 4.89798E-1 5.0387E-1 5.14723E-1 5.18338E-1 5.09097E-1 5.15928E-1 5.12312E-1 5.17535E-1 5.22754E-1 5.25161E-1 5.31574E-1 5.35977E-1 5.79756E-1 6.37797E-1 6.51741E-1 5.9866E-1 5.38398E-1 4.79983E-1 4.74779E-1 4.86156E-1 4.69798E-1 4.60285E-1 4.4221E-1 4.55323E-1 4.78031E-1 4.65254E-1 3.90067E-1 3.61644E-1 3.30559E-1 3.15258E-1 3.22243E-1 3.90044E-1 4.02518E-1 4.75863E-1
3.66544E-1 3.61715E-1 3.45233E-1 3.13575E-1 3.23764E-1 3.42487E-1 3.70589E-1 3.68767E-1 3.83243E-1 3.82216E-1 3.95225E-1 4.05029E-1 4.35362E-1 4.4908E-1 4.56832E-1 4.63741E-1 4.64822E-1 4.63093E-1 4.78682E-1 4.86156E-1 4.95032E-1 4.90568E-1 4.73736E-1 4.99447E-1 4.64083E-1 5.0387E-1 5.03066E-1 4.99045E-1 5.05076E-1 5.1633E-1 5.07489E-1 5.13518E-1 5.24359E-1 5.27968E-1 5.26765E-1 5.35177E-1 5.26364E-1 5.17535E-1 5.25161E-1 5.25161E-1 5.25161E-1 5.2917E-1 5.35177E-1 6.23939E-1 6.34819E-1 6.38911E-1 6.37425E-1 6.43961E-1 5.42834E-1 5.2465E-1 5.28293E-1 5.27484E-1 4.8651E-1 4.60501E-1 4.60717E-1 4.74129E-1 5.12082E-1 5.12893E-1 4.58774E-1 3.90067E-1 3.75548E-1 3.61644E-1 3.49518E-1 3.57712E-1 4.31307E-1 4.77381E-1 4.93815E-1
3.85711E-1 3.78734E-1 3.57911E-1 3.34509E-1 3.2586E-1 3.34703E-1 3.58311E-1 3.87978E-1 3.94187E-1 4.30029E-1 4.29816E-1 4.43068E-1 4.3408E-1 4.38783E-1 4.51231E-1 4.6214E-1 4.75863E-1 4.75213E-1 4.8651E-1 5.0234E-1 4.8935E-1 5.07617E-1 5.064E-1 5.01055E-1 4.93013E-1 5.04272E-1 5.15125E-1 5.1874E-1 5.27567E-1 5.27968E-1 5.20747E-1 5.33976E-1 5.35977E-1 5.36777E-1 5.32375E-1 5.65449E-1 5.15453E-1 5.10704E-1 5.2476E-1 5.34777E-1 5.35577E-1 5.35977E-1 5.80148E-1 6.28457E-1 6.33134E-1 6.51251E-1 6.53949E-1 5.46861E-1 5.23029E-1 5.56501E-1 4.95032E-1 4.5772E-1 4.64173E-1 4.65254E-1 4.85251E-1 5.18166E-1 4.93416E-1 4.7093E-1 5.13919E-1 4.8935E-1 4.39639E-1 3.99387E-1 4.35362E-1 4.44569E-1 4.58127E-1 4.86915E-1 3.8657E-1
4.28034E-1 3.97512E-1 3.91078E-1 3.75467E-1 3.37029E-1 3.43075E-1 3.57712E-1 3.77916E-1 4.06496E-1 4.4908E-1 4.47791E-1 4.3408E-1 4.33311E-1 4.48643E-1 4.55705E-1 4.75478E-1 4.7397E-1 4.8935E-1 4.87518E-1 5.01275E-1 5.15733E-1 5.09368E-1 5.11391E-1 5.0387E-1 5.09499E-1 5.15125E-1 5.2155E-1 5.26364E-1 5.26765E-1 5.28769E-1 5.26765E-1 5.36777E-1 5.79364E-1 6.25447E-1 5.37177E-1 5.24627E-1 5.15928E-1 4.95082E-1 5.00276E-1 5.33576E-1 6.26201E-1 5.37977E-1 6.25447E-1 6.25824E-1 6.32012E-1 6.52357E-1 6.54684E-1 5.54496E-1 5.40818E-1 6.26201E-1 5.13919E-1 4.78951E-1 4.66552E-1 4.65687E-1 4.72613E-1 5.09647E-1 4.8819E-1 5.13919E-1 5.7858E-1 5.28769E-1 5.35571E-1 5.3153E-1 5.45251E-1 5.30316E-1 5.29103E-1 5.19382E-1 3.78531E-1
4.72613E-1 4.46515E-1 4.32847E-1 4.36217E-1 3.7506E-1 3.43663E-1 3.56714E-1 3.6715E-1 3.81396E-1 4.05448E-1 4.57048E-1 4.05867E-1 4.45213E-1 4.73479E-1 4.93003E-1 4.91968E-1 5.15327E-1 5.13704E-1 4.96014E-1 5.04108E-1 5.122E-1 5.17456E-1 5.1786E-1 5.20689E-1 5.25939E-1 5.17936E-1 5.22353E-1 5.27166E-1 5.30773E-1 5.34377E-1 5.36777E-1 6.23561E-1 6.26953E-1 6.29583E-1 6.28832E-1 5.31974E-1 5.15928E-1 4.97079E-1 5.13919E-1 5.23556E-1 6.28457E-1 6.28081E-1 6.45449E-1 6.4582E-1 6.56883E-1 6.52725E-1 6.50513E-1 5.99441E-1 6.50265E-1 5.37177E-1 5.39205E-1 5.3759E-1 5.18571E-1 4.88133E-1 5.18977E-1 5.25562E-1 5.29571E-1 5.23556E-1 4.85779E-1 4.63021E-1 4.75863E-1 5.1127E-1 6.44705E-1 5.53292E-1 4.67417E-1 4.53384E-1 4.01891E-1
4.57048E-1 4.40405E-1 4.39898E-1 3.94602E-1 3.87978E-1 3.55717E-1 3.50952E-1 3.59311E-1 3.71806E-1 3.88804E-1 4.5899E-1 4.44355E-1 4.48005E-1 4.84043E-1 5.21409E-1 5.29912E-1 5.36783E-1 5.36379E-1 5.20193E-1 5.16949E-1 5.03468E-1 5.08695E-1 5.24324E-1 5.12312E-1 5.16732E-1 5.20747E-1 5.25562E-1 5.29571E-1 5.32375E-1 5.36377E-1 5.79364E-1 5.49015E-1 5.51694E-1 6.30333E-1 6.31456E-1 5.34377E-1 5.22353E-1 5.04674E-1 5.16732E-1 5.19944E-1 6.27705E-1 5.99441E-1 6.53214E-1 6.5162E-1 6.52357E-1 6.53461E-1 6.56151E-1 6.52109E-1 6.46563E-1 5.52087E-1 5.31125E-1 5.36379E-1 6.43961E-1 5.28698E-1 6.25824E-1 5.31574E-1 4.70447E-1 4.60069E-1 4.4951E-1 4.06496E-1 4.51016E-1 4.80417E-1 5.57703E-1 4.72396E-1 4.46501E-1 4.43282E-1 4.45857E-1
3.07036E-1 3.07036E-1 3.97888E-1 3.97267E-1 3.6715E-1 3.49172E-1 3.87153E-1 3.77507E-1 3.73432E-1 3.93772E-1 4.7218E-1 4.87321E-1 4.52954E-1 4.69798E-1 4.94221E-1 5.21003E-1 5.37994E-1 5.39608E-1 5.31125E-1 5.2546E-1 5.09499E-1 5.12312E-1 5.15125E-1 5.17936E-1 5.19944E-1 5.23556E-1 5.27166E-1 5.31574E-1 5.34777E-1 5.37577E-1 5.47866E-1 5.50546E-1 6.28457E-1 6.31456E-1 6.31082E-1 6.25447E-1 5.37177E-1 5.31173E-1 5.27567E-1 5.33976E-1 6.34073E-1 5.51686E-1 6.49895E-1 6.52109E-1 6.2359E-1 6.53093E-1 6.4247E-1 6.53949E-1 6.49895E-1 5.41222E-1 5.30721E-1 5.54897E-1 6.56517E-1 6.55051E-1 6.28457E-1 5.03468E-1 4.63658E-1 4.97468E-1 5.17355E-1 5.16138E-1 5.50882E-1 6.49895E-1 6.45077E-1 4.68283E-1 4.31947E-1 4.5899E-1 5.21003E-1
3.06699E-1 3.44643E-1 3.45233E-1 3.56913E-1 3.50556E-1 3.74245E-1 3.96888E-1 4.52738E-1 4.40067E-1 4.44999E-1 4.66119E-1 4.88133E-1 5.0031E-1 4.69581E-1 4.78465E-1 4.86915E-1 5.16138E-1 5.38398E-1 5.35975E-1 5.14321E-1 5.15526E-1 5.17133E-1 5.1874E-1 5.22353E-1 5.25161E-1 5.28369E-1 5.30372E-1 5.33576E-1 5.37177E-1 5.79756E-1 5.4978E-1 5.52076E-1 6.30333E-1 6.33326E-1 6.29958E-1 6.26577E-1 6.29958E-1 5.37977E-1 5.30372E-1 6.23561E-1 6.31456E-1 6.49156E-1 5.99441E-1 6.53093E-1 6.2359E-1 6.53461E-1 6.43961E-1 6.5162E-1 6.57708E-1 5.69276E-1 5.51686E-1 5.50882E-1 6.50513E-1 6.53461E-1 6.67269E-1 5.46157E-1 5.66855E-1 6.60295E-1 6.65807E-1 6.51251E-1 6.53461E-1 6.51251E-1 6.31082E-1 4.79353E-1 3.91085E-1 4.30709E-1 5.53223E-1
3.6412E-1 3.74653E-1 3.16952E-1 3.23764E-1 3.80576E-1 3.91492E-1 3.7475E-1 4.27381E-1 4.68588E-1 4.85251E-1 4.82153E-1 4.97062E-1 4.79332E-1 5.064E-1 5.02746E-1 5.18571E-1 5.08429E-1 5.18977E-1 5.39608E-1 5.2155E-1 5.2155E-1 5.22754E-1 5.23957E-1 5.25562E-1 5.27567E-1 5.30773E-1 5.33976E-1 5.37177E-1 5.79756E-1 6.2507E-1 6.26577E-1 6.30333E-1 6.32205E-1 6.52477E-1 6.31082E-1 6.35564E-1 6.29583E-1 5.2476E-1 5.06685E-1 5.17535E-1 5.60383E-1 5.53987E-1 5.5731E-1 5.27429E-1 6.5162E-1 5.70889E-1 5.71291E-1 6.65409E-1 6.55483E-1 6.61401E-1 6.51003E-1 6.51372E-1 6.53461E-1 6.47722E-1 6.56596E-1 6.55483E-1 6.12347E-1 -9999 -9999 -9999 6.04874E-1 6.38539E-1 5.36377E-1 5.66047E-1 6.61769E-1 6.62841E-1 5.24028E-1
3.78159E-1 3.21533E-1 3.68969E-1 3.24716E-1 3.69374E-1 4.34721E-1 4.28438E-1 3.87792E-1 4.44586E-1 4.81285E-1 5.13704E-1 4.97468E-1 4.6439E-1 4.58127E-1 4.8651E-1 5.21814E-1 5.38801E-1 5.20346E-1 5.24359E-1 5.27567E-1 5.27567E-1 5.27968E-1 5.28369E-1 5.29571E-1 5.31574E-1 5.33976E-1 5.36777E-1 5.7858E-1 6.23939E-1 6.26953E-1 6.29208E-1 6.31831E-1 6.52477E-1 6.53214E-1 6.52109E-1 6.50144E-1 5.8054E-1 5.13919E-1 5.10053E-1 5.48194E-1 5.59167E-1 4.56275E-1 5.60473E-1 5.14405E-1 6.53461E-1 6.56226E-1 6.56967E-1 -9999 6.61769E-1 -9999 -9999 -9999 -9999 6.24316E-1 5.67259E-1 5.59978E-1 -9999 -9999 -9999 -9999 -9999 6.26953E-1 5.69276E-1 6.58448E-1 6.48731E-1 -9999 -9999
4.89136E-1 4.66223E-1 4.55276E-1 3.63724E-1 3.39753E-1 3.80986E-1 4.54677E-1 4.26536E-1 3.81806E-1 4.29073E-1 4.78388E-1 5.23516E-1 5.14921E-1 4.68932E-1 4.72829E-1 5.04776E-1 5.21003E-1 5.4364E-1 5.49677E-1 5.31974E-1 5.33176E-1 5.33176E-1 5.53292E-1 5.34377E-1 5.54496E-1 5.43634E-1 5.78972E-1 6.24316E-1 6.26201E-1 6.29583E-1 6.31456E-1 6.51741E-1 6.53949E-1 6.54684E-1 6.44145E-1 6.56517E-1 5.97099E-1 5.33955E-1 5.17355E-1 5.36765E-1 6.5474E-1 6.63943E-1 6.3677E-1 6.12347E-1 6.63209E-1 6.61769E-1 -9999 6.59557E-1 6.59557E-1 -9999 -9999 -9999 6.27329E-1 5.28769E-1 6.34819E-1 6.56596E-1 5.65643E-1 -9999 -9999 -9999 -9999 6.59557E-1 6.64677E-1 6.61032E-1 6.66172E-1 -9999 -9999
4.41738E-1 4.2201E-1 4.11861E-1 4.5597E-1 4.38569E-1 4.65038E-1 4.91379E-1 4.34721E-1 3.81191E-1 3.81249E-1 4.4288E-1 4.91968E-1 5.34003E-1 5.19881E-1 4.82153E-1 5.00716E-1 5.34003E-1 5.34406E-1 5.46066E-1 5.35577E-1 5.37577E-1 5.37977E-1 5.97099E-1 5.57703E-1 5.9827E-1 5.86478E-1 6.30409E-1 6.33037E-1 6.34909E-1 6.31456E-1 6.51741E-1 6.53214E-1 6.54684E-1 6.48729E-1 6.44887E-1 6.48786E-1 6.44705E-1 5.54095E-1 5.57951E-1 5.49416E-1 6.54368E-1 -9999 -9999 -9999 6.63209E-1 -9999 -9999 6.58818E-1 6.56967E-1 -9999 -9999 6.30333E-1 5.51451E-1 5.61598E-1 6.68728E-1 6.68363E-1 5.69276E-1 6.61401E-1 -9999 -9999 -9999 -9999 -9999 -9999 -9999 -9999 -9999
5.49015E-1 4.55125E-1 4.36786E-1 3.96963E-1 3.84882E-1 5.01122E-1 5.03299E-1 4.65578E-1 4.42241E-1 4.34584E-1 4.24424E-1 4.53135E-1 5.15435E-1 5.44059E-1 5.44446E-1 5.23113E-1 5.30779E-1 5.91607E-1 5.50476E-1 5.97489E-1 5.9827E-1 6.36461E-1 6.36835E-1 6.3721E-1 6.37958E-1 6.39079E-1 6.45449E-1 6.47304E-1 6.50265E-1 6.51003E-1 6.52477E-1 6.54684E-1 6.55418E-1 6.50939E-1 6.47108E-1 6.5162E-1 6.67634E-1 6.62873E-1 6.60664E-1 5.71291E-1 6.59926E-1 -9999 -9999 -9999 -9999 -9999 6.66538E-1 6.67999E-1 6.65775E-1 -9999 -9999 6.56226E-1 5.70889E-1 6.58818E-1 6.66141E-1 6.65043E-1 6.63974E-1 6.3677E-1 -9999 -9999 -9999 -9999 -9999 -9999 -9999 -9999 -9999
5.54751E-1 4.26165E-1 5.22624E-1 5.08429E-1 5.16138E-1 5.12487E-1 5.26342E-1 5.00466E-1 4.60688E-1 4.7397E-1 4.54246E-1 4.42241E-1 4.65578E-1 5.06536E-1 5.42452E-1 5.49274E-1 5.38029E-1 6.35711E-1 6.36086E-1 6.42843E-1 6.2507E-1 6.38705E-1 6.40571E-1 6.41688E-1 6.42804E-1 6.48416E-1 6.48786E-1 6.49895E-1 6.51741E-1 6.53581E-1 6.66811E-1 6.679E-1 6.62365E-1 6.63943E-1 6.65409E-1 6.48731E-1 6.24638E-1 6.60508E-1 6.66141E-1 6.3677E-1 6.48731E-1 -9999 -9999 -9999 -9999 6.24638E-1 5.99911E-1 -9999 -9999 -9999 -9999 -9999 6.48731E-1 -9999 -9999 -9999 -9999 -9999 -9999 -9999 -9999 -9999 -9999 -9999 -9999 -9999 -9999
6.6544E-1 5.47787E-1 5.27567E-1 4.90601E-1 5.22624E-1 5.28698E-1 5.19787E-1 4.8819E-1 4.98241E-1 4.84647E-1 4.82153E-1 4.68804E-1 4.62999E-1 4.61282E-1 4.87114E-1 5.38834E-1 6.36086E-1 6.42097E-1 6.45077E-1 6.45449E-1 6.27705E-1 6.28832E-1 6.48416E-1 6.4466E-1 6.52109E-1 6.51741E-1 6.51741E-1 6.52846E-1 6.53214E-1 6.55418E-1 6.56883E-1 6.5162E-1 6.52725E-1 6.40705E-1 6.48731E-1 6.12347E-1 5.24028E-1 5.24028E-1 -9999 -9999 -9999 -9999 -9999 -9999 -9999 -9999 -9999 -9999 -9999 -9999 -9999 -9999 -9999 -9999 -9999 -9999 -9999 -9999 -9999 -9999 -9999 -9999 -9999 -9999 -9999 -9999 -9999
