outputgeo/cholera.asc
ncols         372
nrows         276
xllcorner     -74.6
yllcorner     17.9
cellsize      0.00833333333333332
NODATA_value  -9999
[rows 60 to 89 of 276, columns 268 to 334 of 372]
6.46191E-1 5.48873E-1 5.08023E-1 5.23435E-1 5.45251E-1 6.34073E-1 5.63138E-1 5.40416E-1 6.04874E-1 6.04874E-1 5.79704E-1 5.9235E-1 6.04874E-1 5.79704E-1 5.79704E-1 5.79704E-1 6.17263E-1 6.29501E-1 6.29501E-1 6.35E-1 6.35373E-1 6.34627E-1 6.33134E-1 6.33507E-1 6.34254E-1 6.34254E-1 6.34627E-1 6.35373E-1 6.35373E-1 6.29501E-1 5.40416E-1 5.14405E-1 4.11988E-1 3.86954E-1 5.11022E-1 5.11022E-1 4.6427E-1 -9999 -9999 4.77254E-1 4.77254E-1 4.38308E-1 4.77105E-1 4.88315E-1 4.90269E-1 4.77254E-1 4.90269E-1 4.90269E-1 5.79842E-1 5.79842E-1 5.79842E-1 5.79842E-1 5.03298E-1 5.79842E-1 5.79842E-1 5.92484E-1 5.92484E-1 5.66953E-1 6.12347E-1 6.17389E-1 6.47478E-1 6.41693E-1 -9999 6.29623E-1 6.41693E-1 6.47478E-1 6.47108E-1
6.43216E-1 5.45654E-1 5.07617E-1 4.86156E-1 5.38801E-1 6.27329E-1 5.60473E-1 5.58073E-1 6.36309E-1 6.34446E-1 6.17263E-1 6.29501E-1 6.35E-1 6.17263E-1 5.9235E-1 5.9235E-1 6.17263E-1 6.35373E-1 6.34627E-1 6.33881E-1 6.34254E-1 6.33881E-1 6.33134E-1 6.33507E-1 6.33507E-1 6.33881E-1 6.33507E-1 6.33507E-1 6.34627E-1 6.35373E-1 5.59598E-1 5.59598E-1 5.14405E-1 4.11988E-1 4.98E-1 5.11022E-1 4.77254E-1 4.90269E-1 4.77254E-1 5.03298E-1 5.79842E-1 5.79704E-1 6.04874E-1 5.14405E-1 5.79842E-1 4.77254E-1 4.77254E-1 5.79842E-1 6.17389E-1 6.17389E-1 6.17389E-1 6.05005E-1 6.17389E-1 6.29623E-1 5.92484E-1 5.03298E-1 5.92484E-1 5.79704E-1 6.24638E-1 6.05005E-1 -9999 -9999 -9999 -9999 -9999 6.29623E-1 6.46368E-1
5.29103E-1 5.51284E-1 4.90162E-1 4.63021E-1 4.87386E-1 4.5973E-1 5.57805E-1 5.63138E-1 6.3276E-1 6.38539E-1 6.34627E-1 6.34254E-1 6.34254E-1 6.35E-1 6.35373E-1 6.29501E-1 6.17263E-1 6.35373E-1 6.34254E-1 6.3276E-1 6.33134E-1 6.3276E-1 6.3276E-1 6.32012E-1 6.32386E-1 6.32386E-1 6.3276E-1 6.33134E-1 6.34254E-1 6.35E-1 6.33881E-1 5.58836E-1 5.53348E-1 5.01361E-1 4.88315E-1 5.92484E-1 6.05005E-1 6.05005E-1 5.79704E-1 5.9235E-1 6.04874E-1 6.35373E-1 6.35373E-1 6.29501E-1 6.17263E-1 4.90123E-1 4.90123E-1 5.79704E-1 6.23341E-1 6.47108E-1 6.47108E-1 6.47478E-1 6.47108E-1 6.47478E-1 5.92484E-1 5.79842E-1 5.99911E-1 4.98E-1 -9999 -9999 -9999 -9999 -9999 -9999 -9999 -9999 -9999
4.73263E-1 4.29193E-1 4.31847E-1 4.58568E-1 4.48203E-1 4.50527E-1 5.53987E-1 5.60473E-1 6.38911E-1 6.33134E-1 6.33881E-1 6.33134E-1 6.33134E-1 6.33507E-1 6.34627E-1 6.35373E-1 6.17263E-1 6.35373E-1 6.33507E-1 6.32012E-1 6.38539E-1 6.32012E-1 6.32012E-1 6.35564E-1 6.38168E-1 6.38168E-1 6.38911E-1 6.3276E-1 6.33134E-1 6.3276E-1 6.32012E-1 6.32386E-1 6.34254E-1 6.29501E-1 6.35373E-1 6.35373E-1 6.41693E-1 6.41693E-1 6.29501E-1 6.35373E-1 6.35373E-1 6.34627E-1 6.35E-1 6.35E-1 6.35E-1 6.17263E-1 5.9235E-1 6.29501E-1 6.2888E-1 6.27757E-1 6.45998E-1 6.46368E-1 6.45998E-1 6.47108E-1 6.47478E-1 6.35E-1 5.99911E-1 4.98E-1 -9999 -9999 4.44811E-1 4.31979E-1 4.51333E-1 4.51333E-1 -9999 -9999 4.6427E-1
4.97436E-1 4.41357E-1 4.35265E-1 4.15612E-1 3.90143E-1 5.02664E-1 5.79364E-1 6.32579E-1 6.36309E-1 6.38539E-1 6.36681E-1 6.38539E-1 6.38911E-1 6.3276E-1 6.33881E-1 6.34254E-1 6.34627E-1 6.34627E-1 6.33507E-1 6.38168E-1 6.37797E-1 6.35192E-1 6.32952E-1 6.35937E-1 6.37425E-1 6.37797E-1 6.38168E-1 6.32012E-1 6.32012E-1 6.38168E-1 6.36681E-1 6.34819E-1 6.37425E-1 6.32012E-1 6.32386E-1 6.33134E-1 6.45628E-1 6.46368E-1 6.34627E-1 6.34254E-1 6.35E-1 6.33507E-1 6.33507E-1 6.33134E-1 6.33134E-1 6.47478E-1 6.34627E-1 6.34446E-1 6.32012E-1 6.3276E-1 6.32386E-1 6.44516E-1 6.45257E-1 6.33507E-1 6.33507E-1 6.35373E-1 6.41693E-1 5.79704E-1 4.77105E-1 4.5118E-1 4.64118E-1 4.5118E-1 4.6427E-1 4.90269E-1 4.5118E-1 -9999 5.92484E-1
5.26765E-1 4.34505E-1 3.89766E-1 4.01042E-1 4.9828E-1 4.7608E-1 5.25562E-1 6.27705E-1 6.33699E-1 6.36681E-1 6.36309E-1 6.37425E-1 6.38168E-1 5.63519E-1 5.56165E-1 6.38911E-1 6.37425E-1 6.37425E-1 6.3276E-1 6.37053E-1 6.47991E-1 6.35937E-1 6.35192E-1 6.36309E-1 6.36681E-1 6.36309E-1 6.37053E-1 6.37425E-1 6.34073E-1 5.79756E-1 6.28457E-1 6.25447E-1 5.25562E-1 6.31082E-1 6.4836E-1 6.49835E-1 6.49835E-1 6.44145E-1 6.45257E-1 6.64677E-1 6.6431E-1 6.62841E-1 6.38911E-1 6.38911E-1 6.50571E-1 6.44516E-1 6.32386E-1 6.37053E-1 6.38911E-1 6.44948E-1 6.38168E-1 6.50571E-1 6.44145E-1 6.38539E-1 6.32012E-1 6.38539E-1 6.49835E-1 6.33134E-1 6.34627E-1 5.66953E-1 5.66953E-1 4.90123E-1 4.77105E-1 4.90123E-1 5.66953E-1 4.38463E-1 6.17389E-1
5.40012E-1 4.32986E-1 4.90162E-1 4.70014E-1 4.77814E-1 4.61536E-1 5.1633E-1 6.2507E-1 6.31831E-1 6.34073E-1 5.60092E-1 5.60473E-1 6.36309E-1 5.61616E-1 6.37053E-1 6.35192E-1 6.32952E-1 6.34073E-1 6.32205E-1 6.37958E-1 6.4466E-1 6.34819E-1 6.34819E-1 6.35192E-1 6.35564E-1 6.34819E-1 6.35564E-1 6.31831E-1 5.23556E-1 5.18571E-1 5.22353E-1 5.22353E-1 5.22353E-1 6.24316E-1 6.32579E-1 6.34446E-1 6.47252E-1 6.49098E-1 6.50571E-1 6.44887E-1 6.50939E-1 6.50203E-1 6.37425E-1 6.50571E-1 6.47252E-1 6.42804E-1 6.34446E-1 6.35937E-1 6.37797E-1 6.44208E-1 6.37053E-1 6.37053E-1 6.36681E-1 6.35937E-1 6.36309E-1 6.34073E-1 6.46512E-1 6.34819E-1 6.37425E-1 6.35E-1 5.79704E-1 5.9235E-1 5.79704E-1 5.9235E-1 6.04874E-1 4.64118E-1 5.98694E-1
5.36379E-1 5.48068E-1 5.08023E-1 4.95844E-1 5.19382E-1 5.26364E-1 5.31974E-1 6.26953E-1 6.29958E-1 6.32579E-1 5.57805E-1 5.58568E-1 6.34073E-1 5.58568E-1 6.34446E-1 6.31831E-1 6.44333E-1 5.9866E-1 5.9788E-1 6.29958E-1 6.42804E-1 6.50265E-1 6.51741E-1 6.31082E-1 5.33176E-1 6.33326E-1 6.34073E-1 6.32952E-1 5.33176E-1 4.81719E-1 4.70014E-1 4.65892E-1 5.14723E-1 5.35977E-1 6.2507E-1 6.28832E-1 6.6324E-1 6.65807E-1 6.67269E-1 6.68363E-1 6.49098E-1 6.4836E-1 6.4836E-1 6.36681E-1 5.78972E-1 5.38834E-1 6.28832E-1 6.33326E-1 6.35564E-1 6.42357E-1 6.36309E-1 6.34819E-1 6.33699E-1 6.32952E-1 6.31082E-1 6.28081E-1 6.40198E-1 5.8054E-1 5.79364E-1 6.38539E-1 6.29501E-1 6.29501E-1 6.04874E-1 6.29501E-1 6.34254E-1 5.79704E-1 6.23463E-1
5.16138E-1 5.46056E-1 5.24728E-1 4.99498E-1 5.16138E-1 5.32338E-1 5.27166E-1 5.12312E-1 5.37977E-1 6.29208E-1 5.55897E-1 6.31082E-1 6.31082E-1 6.30707E-1 6.29958E-1 5.99051E-1 5.52489E-1 5.25865E-1 5.37177E-1 6.25824E-1 6.27329E-1 6.47304E-1 6.50265E-1 6.47304E-1 5.55699E-1 6.31831E-1 6.31831E-1 6.28832E-1 5.19543E-1 4.68526E-1 4.62597E-1 4.54967E-1 4.59204E-1 5.14723E-1 5.37177E-1 6.57338E-1 6.59557E-1 6.61032E-1 6.64341E-1 6.35192E-1 6.47252E-1 6.65807E-1 6.35937E-1 6.34073E-1 5.48071E-1 5.33601E-1 5.92389E-1 6.37958E-1 6.32205E-1 6.34819E-1 6.35192E-1 6.32579E-1 6.30333E-1 6.29208E-1 5.48249E-1 4.58962E-1 5.37177E-1 5.33976E-1 6.25824E-1 6.35192E-1 6.64677E-1 6.65409E-1 6.35373E-1 6.29501E-1 6.39218E-1 6.41448E-1 6.39218E-1
5.06131E-1 5.31586E-1 5.34809E-1 5.2392E-1 5.03964E-1 5.21814E-1 4.83368E-1 4.80557E-1 5.35167E-1 6.4247E-1 6.28457E-1 6.28457E-1 6.26953E-1 6.25824E-1 5.56901E-1 5.48068E-1 5.40012E-1 5.22624E-1 5.47264E-1 5.36377E-1 5.78188E-1 6.41723E-1 5.9866E-1 6.44705E-1 5.44848E-1 6.46191E-1 6.32205E-1 6.30707E-1 6.24316E-1 5.36377E-1 5.26765E-1 4.80959E-1 4.52428E-1 4.86181E-1 5.25963E-1 5.37977E-1 6.5474E-1 6.57708E-1 6.61032E-1 6.32579E-1 6.32952E-1 6.64341E-1 6.34446E-1 6.32579E-1 6.38332E-1 5.27149E-1 5.4205E-1 6.2507E-1 6.30333E-1 6.32952E-1 6.32952E-1 6.29958E-1 6.26953E-1 5.47866E-1 4.49378E-1 4.273E-1 4.19749E-1 5.2155E-1 5.38376E-1 6.30333E-1 6.68363E-1 6.64677E-1 6.65409E-1 6.65775E-1 6.3959E-1 6.39962E-1 6.38846E-1
5.08559E-1 4.84283E-1 5.19787E-1 5.11676E-1 5.24245E-1 4.88994E-1 4.54967E-1 5.08293E-1 5.52489E-1 5.56501E-1 6.42843E-1 6.4247E-1 5.99051E-1 5.54496E-1 5.26674E-1 4.83021E-1 4.7673E-1 4.94221E-1 5.44446E-1 5.43237E-1 5.16732E-1 4.93013E-1 4.78149E-1 5.99441E-1 5.22353E-1 5.2476E-1 5.78972E-1 5.37577E-1 5.79756E-1 5.17133E-1 4.76945E-1 4.48203E-1 4.56237E-1 4.69798E-1 5.23435E-1 5.26765E-1 5.53292E-1 5.9827E-1 6.57338E-1 6.29583E-1 6.61401E-1 6.63607E-1 6.63607E-1 6.28081E-1 5.30372E-1 5.08293E-1 5.13518E-1 5.78188E-1 6.57708E-1 6.61032E-1 6.31456E-1 6.25824E-1 5.27968E-1 5.23155E-1 5.04272E-1 4.86181E-1 3.85257E-1 4.22388E-1 5.30773E-1 6.25824E-1 6.65807E-1 6.38911E-1 6.63576E-1 6.33507E-1 6.32386E-1 6.38911E-1 6.41986E-1
4.59135E-1 4.74185E-1 4.8935E-1 5.14516E-1 4.77381E-1 4.95844E-1 4.68526E-1 5.02262E-1 5.4847E-1 5.28293E-1 5.44446E-1 5.54095E-1 5.54095E-1 5.43237E-1 4.80634E-1 4.45857E-1 4.34721E-1 5.064E-1 4.97062E-1 4.78248E-1 4.78465E-1 4.84647E-1 5.46056E-1 5.97099E-1 5.29912E-1 4.72893E-1 4.84687E-1 4.91405E-1 4.98643E-1 4.81762E-1 4.53063E-1 4.30753E-1 4.66984E-1 4.55754E-1 4.65595E-1 4.96632E-1 5.28698E-1 5.40415E-1 5.9788E-1 6.42843E-1 6.4582E-1 6.48046E-1 6.49895E-1 6.48416E-1 6.42097E-1 5.2917E-1 4.86582E-1 5.54703E-1 5.71291E-1 6.56596E-1 6.29583E-1 5.26364E-1 4.60476E-1 4.66189E-1 5.13919E-1 5.23155E-1 5.12312E-1 5.23556E-1 5.35977E-1 6.25824E-1 6.33326E-1 6.38539E-1 6.63576E-1 6.32012E-1 6.37425E-1 6.35937E-1 6.37896E-1
3.97681E-1 4.25902E-1 4.45013E-1 4.94396E-1 4.52921E-1 4.74779E-1 4.77814E-1 5.21409E-1 5.09647E-1 4.99498E-1 5.0437E-1 5.27079E-1 5.42834E-1 5.30721E-1 4.76513E-1 4.28964E-1 4.06705E-1 4.86915E-1 4.59637E-1 4.42853E-1 4.94221E-1 5.46056E-1 6.42843E-1 5.42028E-1 4.77381E-1 4.58492E-1 4.30979E-1 4.38303E-1 4.51583E-1 4.58992E-1 4.32847E-1 4.37883E-1 4.49259E-1 4.39774E-1 4.5748E-1 4.70447E-1 5.00716E-1 5.41222E-1 5.52489E-1 5.97489E-1 5.99441E-1 6.44705E-1 6.47304E-1 6.48416E-1 6.44705E-1 5.33176E-1 4.97034E-1 5.40035E-1 5.62408E-1 6.1111E-1 6.58078E-1 5.78972E-1 5.23556E-1 5.06685E-1 5.13518E-1 5.32375E-1 5.32375E-1 5.35577E-1 6.4247E-1 6.49895E-1 6.35937E-1 6.38911E-1 6.62841E-1 6.68363E-1 6.35564E-1 6.34446E-1 6.28081E-1
3.51776E-1 3.59099E-1 4.36921E-1 4.74401E-1 4.38997E-1 4.68283E-1 4.68158E-1 4.84687E-1 4.98686E-1 4.52092E-1 4.41781E-1 4.75646E-1 5.0031E-1 4.83742E-1 4.62013E-1 4.01891E-1 3.9772E-1 4.54677E-1 4.57695E-1 4.90162E-1 5.05182E-1 5.1411E-1 5.50481E-1 5.80148E-1 5.13919E-1 5.04674E-1 4.73755E-1 4.55323E-1 4.76527E-1 4.48836E-1 4.41458E-1 4.55539E-1 4.63309E-1 4.59779E-1 4.54205E-1 4.58342E-1 4.7608E-1 5.2546E-1 5.30316E-1 5.50481E-1 5.561E-1 6.42097E-1 6.44705E-1 6.46191E-1 6.44705E-1 5.49677E-1 5.02746E-1 4.84949E-1 5.53484E-1 5.68873E-1 6.5474E-1 6.55112E-1 5.70889E-1 5.33176E-1 5.30773E-1 5.34377E-1 5.8054E-1 6.25447E-1 6.29208E-1 6.52109E-1 6.52846E-1 6.37053E-1 6.37053E-1 6.34073E-1 6.62505E-1 6.62137E-1 6.44705E-1
3.56915E-1 3.80842E-1 4.30767E-1 4.35009E-1 3.95225E-1 4.33311E-1 4.60852E-1 4.47148E-1 4.74129E-1 4.06496E-1 3.88597E-1 4.05448E-1 4.38783E-1 4.43926E-1 4.04191E-1 3.78325E-1 3.9668E-1 3.91699E-1 4.6785E-1 4.60285E-1 4.44569E-1 4.78248E-1 5.0437E-1 5.34377E-1 5.97099E-1 5.2546E-1 4.84949E-1 4.61581E-1 4.94083E-1 4.95417E-1 4.61581E-1 4.5403E-1 4.42089E-1 4.57849E-1 4.57048E-1 4.44999E-1 4.45857E-1 4.74996E-1 5.07212E-1 5.36379E-1 5.40415E-1 5.57302E-1 5.99441E-1 6.43216E-1 6.43588E-1 5.55298E-1 5.40415E-1 5.2465E-1 5.28698E-1 5.50882E-1 5.561E-1 5.56901E-1 5.49275E-1 5.47264E-1 5.33976E-1 5.45251E-1 5.45251E-1 5.9827E-1 6.47675E-1 6.51372E-1 6.54684E-1 6.51741E-1 6.33699E-1 6.61769E-1 6.59187E-1 6.59187E-1 6.23939E-1
3.77791E-1 3.79214E-1 3.74952E-1 3.74952E-1 3.49416E-1 3.83085E-1 4.35646E-1 3.9149E-1 3.9706E-1 3.78938E-1 3.96472E-1 4.04819E-1 4.05238E-1 3.98345E-1 3.70387E-1 3.8963E-1 4.35789E-1 4.03564E-1 4.22401E-1 4.36413E-1 4.50526E-1 4.67417E-1 5.0031E-1 5.09901E-1 5.46467E-1 5.19787E-1 5.16138E-1 4.60501E-1 4.90162E-1 4.97062E-1 4.71963E-1 4.56186E-1 4.32847E-1 4.35363E-1 4.51877E-1 4.31947E-1 4.33013E-1 4.3152E-1 4.69798E-1 5.0437E-1 5.26269E-1 5.50882E-1 5.55699E-1 5.99051E-1 5.99051E-1 5.9866E-1 5.55298E-1 5.2917E-1 5.35571E-1 5.15733E-1 5.39205E-1 5.44848E-1 5.51686E-1 5.30721E-1 5.46861E-1 5.46056E-1 5.34763E-1 5.47264E-1 6.46934E-1 6.52846E-1 6.51741E-1 6.27329E-1 6.30707E-1 6.27705E-1 6.24693E-1 6.29583E-1 6.32205E-1
3.84515E-1 3.66889E-1 3.62685E-1 3.75155E-1 3.58503E-1 3.39855E-1 3.57708E-1 3.7901E-1 3.87382E-1 3.96056E-1 3.96056E-1 4.06496E-1 4.06496E-1 4.31733E-1 3.67958E-1 4.31733E-1 4.43068E-1 4.41996E-1 4.22193E-1 4.49259E-1 4.61112E-1 5.08023E-1 5.01528E-1 4.7534E-1 5.42452E-1 5.40012E-1 5.01528E-1 5.01122E-1 5.18571E-1 5.05994E-1 4.92191E-1 4.68499E-1 4.46515E-1 4.40195E-1 4.37927E-1 3.92942E-1 4.0043E-1 4.0043E-1 4.3216E-1 4.73263E-1 5.21409E-1 5.3759E-1 5.51686E-1 5.49275E-1 5.51284E-1 5.561E-1 5.54095E-1 5.29571E-1 5.37187E-1 5.13704E-1 4.81502E-1 5.21409E-1 5.43237E-1 5.44848E-1 5.54897E-1 5.9827E-1 5.99051E-1 5.51284E-1 6.43216E-1 6.50634E-1 6.47304E-1 6.24316E-1 6.26201E-1 5.80148E-1 6.25824E-1 6.28457E-1 6.32579E-1
3.63884E-1 3.35989E-1 3.35989E-1 3.62286E-1 3.59894E-1 3.47846E-1 3.72212E-1 3.78529E-1 3.80371E-1 3.86535E-1 3.68564E-1 3.65536E-1 3.68767E-1 3.85333E-1 3.91902E-1 4.37558E-1 4.2569E-1 4.29073E-1 4.2717E-1 4.40616E-1 4.49681E-1 4.82262E-1 5.15031E-1 5.02894E-1 5.36822E-1 5.31125E-1 5.37187E-1 5.2384E-1 5.35167E-1 5.21003E-1 4.84647E-1 4.74346E-1 4.68066E-1 4.62013E-1 4.51231E-1 4.43711E-1 4.43926E-1 4.41567E-1 4.29285E-1 4.91785E-1 5.26674E-1 5.3153E-1 5.46056E-1 5.37187E-1 4.92191E-1 5.35571E-1 5.29571E-1 5.25963E-1 5.32338E-1 5.15327E-1 4.74996E-1 4.802E-1 5.28698E-1 5.42834E-1 5.53693E-1 5.35977E-1 5.56901E-1 6.44705E-1 6.43588E-1 6.4582E-1 6.42843E-1 5.35177E-1 5.37177E-1 5.38376E-1 6.23561E-1 5.53987E-1 6.31082E-1
3.51382E-1 3.43352E-1 3.12525E-1 3.47594E-1 3.64327E-1 3.80781E-1 3.97304E-1 3.87359E-1 3.73432E-1 3.8427E-1 3.87566E-1 3.76079E-1 3.61314E-1 3.91285E-1 4.30029E-1 4.39685E-1 4.01619E-1 3.73536E-1 3.83185E-1 4.41458E-1 4.64933E-1 5.08154E-1 5.13009E-1 5.17456E-1 5.122E-1 5.07212E-1 5.38398E-1 5.4364E-1 5.01934E-1 4.95844E-1 4.60717E-1 4.68499E-1 4.64173E-1 4.64173E-1 4.66552E-1 4.63957E-1 4.55276E-1 4.49712E-1 4.30555E-1 4.38569E-1 4.57911E-1 4.67633E-1 5.13299E-1 5.26746E-1 4.88944E-1 5.2465E-1 5.2384E-1 5.3759E-1 5.35167E-1 5.09241E-1 5.06806E-1 5.08429E-1 5.07617E-1 5.37187E-1 5.26364E-1 5.35177E-1 5.9866E-1 6.24693E-1 5.35177E-1 4.57426E-1 4.53591E-1 5.34777E-1 5.78972E-1 6.24693E-1 6.26953E-1 5.51694E-1 6.27705E-1
3.2985E-1 3.24906E-1 3.15073E-1 3.43271E-1 3.69171E-1 3.96056E-1 4.01265E-1 3.76487E-1 3.73432E-1 3.86535E-1 4.04819E-1 3.7071E-1 3.62116E-1 3.74856E-1 3.90044E-1 4.40963E-1 4.23369E-1 3.68295E-1 3.73948E-1 4.36203E-1 4.78149E-1 5.03703E-1 4.859E-1 4.88732E-1 4.5748E-1 4.72829E-1 4.75863E-1 5.31934E-1 4.80634E-1 4.47148E-1 4.53777E-1 4.53384E-1 4.63093E-1 4.67201E-1 4.65254E-1 4.60717E-1 4.48216E-1 4.28015E-1 3.86767E-1 3.64484E-1 3.9668E-1 4.56134E-1 4.72678E-1 4.84687E-1 4.73263E-1 4.65038E-1 4.83021E-1 5.19787E-1 4.90973E-1 4.99904E-1 5.27079E-1 5.3153E-1 5.31125E-1 5.26674E-1 5.1633E-1 5.23155E-1 5.01556E-1 4.58578E-1 5.31974E-1 5.43657E-1 4.53974E-1 5.33976E-1 5.78188E-1 5.48632E-1 5.47866E-1 5.49398E-1 5.8054E-1
3.5533E-1 3.38693E-1 3.32337E-1 3.35026E-1 3.4765E-1 3.80371E-1 4.05657E-1 3.98345E-1 3.88391E-1 3.89228E-1 4.26958E-1 3.86357E-1 3.94602E-1 3.64529E-1 4.24635E-1 4.36708E-1 4.29816E-1 3.92942E-1 3.9772E-1 4.54246E-1 4.86709E-1 4.74185E-1 5.0168E-1 4.61067E-1 4.57849E-1 4.82153E-1 5.14516E-1 5.38398E-1 4.72678E-1 4.29496E-1 4.25057E-1 4.24846E-1 4.36708E-1 4.49071E-1 4.48865E-1 4.4822E-1 4.36644E-1 4.38997E-1 3.89434E-1 3.7637E-1 3.56716E-1 3.57907E-1 3.81657E-1 3.9913E-1 3.79214E-1 4.2939E-1 4.74996E-1 4.96419E-1 4.77814E-1 4.91379E-1 5.14626E-1 5.29103E-1 5.39205E-1 5.42834E-1 5.36017E-1 5.36822E-1 4.58578E-1 5.4767E-1 5.45263E-1 5.4767E-1 5.49274E-1 5.91215E-1 5.92389E-1 5.7858E-1 5.38376E-1 5.79756E-1 5.79756E-1
3.66948E-1 3.49612E-1 3.5533E-1 3.75155E-1 3.79824E-1 3.88804E-1 4.05238E-1 4.28751E-1 3.90251E-1 3.86947E-1 4.35575E-1 4.37072E-1 4.37499E-1 4.39639E-1 4.46716E-1 4.42241E-1 4.33947E-1 3.98345E-1 3.87153E-1 4.44569E-1 4.67417E-1 4.71171E-1 4.88327E-1 4.59421E-1 4.60717E-1 4.4865E-1 4.92191E-1 5.39608E-1 4.77381E-1 4.34584E-1 3.9149E-1 3.98762E-1 4.02936E-1 4.30029E-1 4.00638E-1 4.28538E-1 4.35362E-1 4.45213E-1 4.2532E-1 3.94788E-1 3.82677E-1 3.71517E-1 3.78197E-1 3.79824E-1 3.51579E-1 3.693E-1 4.52523E-1 4.4544E-1 4.41781E-1 4.56186E-1 4.76124E-1 4.93991E-1 5.27553E-1 5.34406E-1 5.4004E-1 5.4205E-1 5.52489E-1 5.51284E-1 5.41247E-1 5.44862E-1 5.53292E-1 5.46868E-1 5.49274E-1 5.46467E-1 5.35177E-1 5.32775E-1 5.51686E-1
3.41705E-1 3.42096E-1 3.42963E-1 3.58111E-1 3.68969E-1 3.82832E-1 4.03982E-1 4.30881E-1 3.97096E-1 3.98345E-1 4.02309E-1 3.98762E-1 4.34721E-1 4.4414E-1 4.37927E-1 4.39685E-1 4.38834E-1 4.23158E-1 3.55132E-1 4.00997E-1 4.54848E-1 4.73539E-1 4.73324E-1 4.65471E-1 4.84949E-1 4.84043E-1 5.17355E-1 5.37187E-1 4.99904E-1 4.52065E-1 4.37133E-1 4.23369E-1 3.78734E-1 3.87153E-1 3.78938E-1 4.05238E-1 4.24277E-1 4.31171E-1 4.25946E-1 4.30767E-1 4.30132E-1 3.81572E-1 3.85811E-1 3.21188E-1 3.80842E-1 3.80027E-1 3.57113E-1 3.63485E-1 3.71718E-1 4.30668E-1 4.71097E-1 5.01934E-1 5.26269E-1 5.34809E-1 5.36822E-1 5.48068E-1 5.50481E-1 5.4847E-1 5.41625E-1 5.44043E-1 5.46861E-1 5.46056E-1 5.41247E-1 5.39236E-1 5.47666E-1 5.48068E-1 5.46861E-1
3.12317E-1 3.02324E-1 3.00347E-1 3.03405E-1 3.38973E-1 3.68969E-1 3.79757E-1 3.86947E-1 3.61841E-1 3.58497E-1 3.63419E-1 3.97096E-1 4.3152E-1 4.3416E-1 4.30555E-1 4.4075E-1 4.448E-1 4.22736E-1 3.7071E-1 3.87382E-1 4.40324E-1 4.53349E-1 4.51851E-1 4.55062E-1 4.536E-1 4.51447E-1 4.90973E-1 5.32743E-1 5.14516E-1 4.76513E-1 4.57695E-1 4.31827E-1 3.93357E-1 4.021E-1 4.2717E-1 4.28227E-1 4.43307E-1 4.4608E-1 4.30543E-1 4.26572E-1 4.25479E-1 3.78355E-1 4.12645E-1 3.49768E-1 3.48509E-1 3.94169E-1 3.57113E-1 3.33156E-1 3.40728E-1 3.90871E-1 4.51231E-1 4.74996E-1 5.20598E-1 5.34763E-1 5.19543E-1 5.25562E-1 5.29571E-1 5.25963E-1 5.42431E-1 5.29103E-1 5.34763E-1 5.36783E-1 5.32743E-1 5.27079E-1 5.36783E-1 5.42431E-1 5.41222E-1
3.2698E-1 3.18954E-1 3.31125E-1 3.03405E-1 3.10404E-1 3.37417E-1 3.36249E-1 3.34157E-1 3.46215E-1 3.57712E-1 3.69981E-1 3.65198E-1 3.88849E-1 4.05657E-1 3.89845E-1 3.98302E-1 4.3926E-1 4.38622E-1 3.96854E-1 4.30132E-1 3.67893E-1 3.86767E-1 3.92107E-1 4.35009E-1 4.31191E-1 4.56186E-1 4.8237E-1 5.29103E-1 5.29507E-1 5.0234E-1 4.68715E-1 4.49725E-1 4.3152E-1 4.02727E-1 4.35221E-1 4.40324E-1 4.48216E-1 4.40111E-1 4.00789E-1 4.00374E-1 3.9582E-1 4.24213E-1 4.4071E-1 4.19073E-1 4.18242E-1 3.93344E-1 3.67291E-1 3.64685E-1 3.48777E-1 3.79347E-1 4.00847E-1 4.73479E-1 5.16544E-1 5.33147E-1 5.40012E-1 5.44446E-1 5.23957E-1 5.20747E-1 5.36379E-1 5.30316E-1 5.01528E-1 5.09241E-1 4.77597E-1 4.68499E-1 5.09241E-1 5.32338E-1 5.35571E-1
3.40338E-1 3.40837E-1 3.43912E-1 3.38001E-1 3.17517E-1 3.32384E-1 3.48161E-1 3.53019E-1 3.40262E-1 3.59311E-1 3.82011E-1 3.80767E-1 3.80767E-1 3.80986E-1 3.50595E-1 3.50005E-1 3.82216E-1 4.37072E-1 4.46501E-1 4.30962E-1 3.70358E-1 3.81774E-1 3.49324E-1 3.54341E-1 3.85743E-1 4.49725E-1 4.83238E-1 5.0234E-1 5.31934E-1 5.20598E-1 4.85854E-1 4.72829E-1 4.52738E-1 4.38569E-1 4.43711E-1 4.51447E-1 4.47148E-1 4.47361E-1 4.32463E-1 4.26958E-1 3.97681E-1 4.25479E-1 4.42853E-1 4.20736E-1 4.21777E-1 4.2569E-1 3.92519E-1 3.87382E-1 3.52339E-1 3.64126E-1 3.91492E-1 4.52308E-1 4.92597E-1 5.11676E-1 5.33955E-1 5.3759E-1 5.13413E-1 5.28763E-1 5.26342E-1 5.19073E-1 5.03703E-1 4.68932E-1 4.4951E-1 4.52523E-1 4.98686E-1 5.10302E-1 5.36783E-1
3.42292E-1 3.70387E-1 3.64126E-1 3.45647E-1 3.35678E-1 3.40453E-1 3.5419E-1 3.50101E-1 3.3245E-1 3.18584E-1 3.33777E-1 3.5263E-1 3.26604E-1 3.33349E-1 3.23957E-1 3.61314E-1 3.82421E-1 4.28751E-1 4.43711E-1 4.35783E-1 4.13059E-1 3.46033E-1 2.95705E-1 3.0332E-1 3.56518E-1 4.34935E-1 4.62877E-1 4.8651E-1 5.12487E-1 5.29103E-1 5.18571E-1 4.80417E-1 4.62229E-1 4.52738E-1 4.4414E-1 4.52092E-1 4.61581E-1 4.50801E-1 4.40111E-1 3.89639E-1 3.65285E-1 3.78197E-1 4.3152E-1 4.26781E-1 4.2532E-1 4.32887E-1 4.30555E-1 3.92931E-1 3.53728E-1 3.45108E-1 3.87792E-1 4.00221E-1 4.44569E-1 4.74616E-1 5.06131E-1 5.19477E-1 4.98847E-1 5.21901E-1 5.17052E-1 5.04917E-1 5.06941E-1 4.91159E-1 4.57849E-1 4.73755E-1 5.12487E-1 5.11508E-1 5.3759E-1
3.5224E-1 3.78938E-1 3.78325E-1 3.56341E-1 3.60266E-1 3.48549E-1 3.42373E-1 3.64803E-1 3.43527E-1 3.20068E-1 3.03947E-1 3.0467E-1 2.93576E-1 3.03503E-1 3.02955E-1 3.53728E-1 3.81191E-1 3.96264E-1 4.11818E-1 4.35363E-1 4.15752E-1 3.35488E-1 3.03405E-1 3.25669E-1 3.31228E-1 3.85917E-1 4.46287E-1 4.60933E-1 4.95438E-1 5.14516E-1 5.28698E-1 4.99904E-1 4.74563E-1 4.59421E-1 4.5597E-1 4.59853E-1 4.71097E-1 4.53815E-1 4.40111E-1 3.94788E-1 3.61488E-1 3.69099E-1 3.90044E-1 4.36217E-1 4.47791E-1 4.33947E-1 4.24213E-1 3.94994E-1 3.73536E-1 3.6709E-1 3.9582E-1 3.77182E-1 3.84515E-1 4.29496E-1 4.63429E-1 4.84283E-1 4.78031E-1 4.80417E-1 4.89136E-1 4.91968E-1 4.91563E-1 4.64074E-1 4.63214E-1 4.69449E-1 5.15327E-1 5.09499E-1 5.34359E-1
3.61053E-1 3.68569E-1 3.5732E-1 3.62432E-1 3.72551E-1 3.67378E-1 3.68569E-1 3.56928E-1 3.46033E-1 3.48549E-1 3.29992E-1 3.37612E-1 3.12267E-1 3.18459E-1 3.13082E-1 3.19214E-1 3.55518E-1 3.88597E-1 4.32587E-1 4.51016E-1 4.04401E-1 3.37612E-1 3.26433E-1 3.52537E-1 3.41901E-1 3.54722E-1 4.03773E-1 4.62445E-1 4.72396E-1 4.93409E-1 5.11676E-1 5.19787E-1 4.86915E-1 4.6439E-1 4.73046E-1 4.76513E-1 4.60933E-1 4.32373E-1 4.23158E-1 4.04191E-1 3.91492E-1 3.94394E-1 4.07125E-1 4.38569E-1 4.46287E-1 4.23791E-1 4.31827E-1 4.26958E-1 3.94169E-1 3.96233E-1 3.97681E-1 3.68094E-1 3.8472E-1 3.85947E-1 3.98095E-1 3.92107E-1 4.31094E-1 4.40282E-1 4.47788E-1 4.6214E-1 4.5935E-1 4.30979E-1 4.40537E-1 4.65578E-1 4.96656E-1 5.22624E-1 5.29912E-1
3.69563E-1 3.6263E-1 3.65536E-1 3.85299E-1 3.78556E-1 3.81975E-1 3.77351E-1 3.67973E-1 3.66188E-1 3.70757E-1 3.63419E-1 3.50684E-1 3.36059E-1 3.30843E-1 3.28134E-1 3.14136E-1 3.33736E-1 3.60111E-1 3.86329E-1 4.48435E-1 4.05029E-1 3.53132E-1 3.41314E-1 3.59111E-1 3.18584E-1 3.22813E-1 3.73228E-1 4.37713E-1 4.55323E-1 4.84647E-1 5.1127E-1 5.05588E-1 5.02746E-1 5.01528E-1 4.8651E-1 4.79332E-1 4.62229E-1 4.50586E-1 4.43497E-1 4.34721E-1 3.91699E-1 4.33653E-1 4.46931E-1 4.44999E-1 4.45867E-1 4.35646E-1 4.42454E-1 4.35646E-1 4.29285E-1 4.31615E-1 3.89845E-1 3.67893E-1 3.73132E-1 3.96854E-1 3.95614E-1 3.94994E-1 3.98716E-1 3.93138E-1 3.91284E-1 3.9149E-1 3.96027E-1 3.44912E-1 3.63285E-1 4.42454E-1 4.74401E-1 5.0437E-1 5.2384E-1
