outputgeo/cholera.asc
ncols         372
nrows         276
xllcorner     -74.6
yllcorner     17.9
cellsize      0.00833333333333332
NODATA_value  -9999
[rows 120 to 149 of 276, columns 201 to 267 of 372]
-9999 -9999 -9999 -9999 -9999 -9999 -9999 -9999 -9999 -9999 -9999 -9999 -9999 -9999 -9999 -9999 -9999 4.6427E-1 6.29623E-1 6.45998E-1 6.46368E-1 5.92484E-1 4.77254E-1 4.77254E-1 3.99405E-1 5.03298E-1 4.90123E-1 4.90123E-1 5.66953E-1 5.66953E-1 5.79704E-1 5.92484E-1 5.79842E-1 5.92484E-1 6.29623E-1 6.53093E-1 6.52357E-1 5.59217E-1 5.59217E-1 5.53348E-1 6.29623E-1 6.29623E-1 6.29623E-1 5.40416E-1 5.53348E-1 6.41693E-1 6.47478E-1 6.35E-1 6.34254E-1 6.51988E-1 6.51251E-1 6.50513E-1 6.50634E-1 5.62377E-1 6.55051E-1 5.60473E-1 5.99051E-1 6.47675E-1 5.38398E-1 4.88538E-1 4.64173E-1 4.03564E-1 3.78734E-1 3.40338E-1 3.26433E-1 3.50358E-1 3.74245E-1
-9999 -9999 -9999 -9999 -9999 -9999 -9999 -9999 -9999 -9999 -9999 -9999 -9999 -9999 -9999 -9999 -9999 -9999 6.45998E-1 6.39079E-1 6.37958E-1 6.45031E-1 6.49098E-1 6.46368E-1 4.88315E-1 5.03298E-1 4.90123E-1 4.90123E-1 4.90123E-1 4.90123E-1 5.66953E-1 5.92484E-1 6.05005E-1 6.17389E-1 6.41693E-1 6.52725E-1 6.52357E-1 5.58455E-1 5.58836E-1 5.59598E-1 6.41693E-1 6.41693E-1 6.47478E-1 5.59598E-1 5.59598E-1 6.47478E-1 6.46738E-1 6.35E-1 6.34627E-1 6.51988E-1 6.5162E-1 6.56517E-1 6.52846E-1 5.01943E-1 6.48046E-1 5.60473E-1 5.53693E-1 5.50882E-1 6.45077E-1 5.56901E-1 5.38801E-1 4.63741E-1 4.06286E-1 3.56714E-1 3.22054E-1 3.27198E-1 3.40728E-1
-9999 -9999 -9999 -9999 -9999 -9999 -9999 -9999 -9999 -9999 -9999 -9999 -9999 -9999 -9999 -9999 -9999 -9999 -9999 5.9278E-1 5.41649E-1 5.4446E-1 5.48071E-1 5.9278E-1 6.43176E-1 6.49098E-1 6.45998E-1 6.17263E-1 6.34254E-1 6.29501E-1 5.9235E-1 6.17389E-1 6.17389E-1 6.41693E-1 6.47108E-1 6.46368E-1 6.46368E-1 5.58836E-1 5.59598E-1 5.59598E-1 6.41693E-1 6.41693E-1 6.47478E-1 5.59598E-1 5.58836E-1 6.46738E-1 6.33881E-1 6.34254E-1 6.34254E-1 6.51988E-1 6.5162E-1 6.50882E-1 5.6311E-1 4.63107E-1 6.53581E-1 5.99441E-1 5.5289E-1 5.35571E-1 5.97489E-1 5.56501E-1 5.13299E-1 4.78248E-1 4.4071E-1 3.81191E-1 3.44643E-1 3.13388E-1 3.19592E-1
-9999 -9999 -9999 -9999 -9999 -9999 -9999 -9999 -9999 -9999 -9999 -9999 -9999 -9999 -9999 -9999 -9999 -9999 -9999 6.47252E-1 5.2836E-1 5.17052E-1 5.22709E-1 5.34809E-1 5.42854E-1 5.49274E-1 6.38332E-1 6.35937E-1 6.37053E-1 6.37425E-1 6.56517E-1 6.50571E-1 6.45628E-1 6.53461E-1 6.46738E-1 6.45998E-1 5.58073E-1 5.58836E-1 5.59217E-1 5.59217E-1 6.47478E-1 6.47478E-1 6.47478E-1 6.47108E-1 6.47108E-1 6.47108E-1 6.46368E-1 6.45998E-1 6.33507E-1 6.33134E-1 6.5162E-1 5.56929E-1 5.60092E-1 5.68827E-1 6.55784E-1 5.33955E-1 5.03964E-1 5.24245E-1 5.26269E-1 5.51284E-1 5.37994E-1 4.63093E-1 4.47361E-1 4.34294E-1 3.72822E-1 3.25097E-1 3.12267E-1
-9999 -9999 -9999 -9999 -9999 -9999 -9999 -9999 -9999 -9999 -9999 -9999 -9999 -9999 -9999 -9999 -9999 -9999 -9999 -9999 5.91607E-1 5.20689E-1 5.03703E-1 5.08964E-1 5.11795E-1 5.21497E-1 5.44862E-1 6.29208E-1 6.24316E-1 6.28832E-1 6.46191E-1 6.49156E-1 6.55784E-1 6.51988E-1 6.46738E-1 6.51988E-1 6.5162E-1 6.51988E-1 5.58073E-1 6.52725E-1 5.59217E-1 5.58836E-1 5.58836E-1 6.46738E-1 6.45998E-1 6.46368E-1 6.45628E-1 6.45257E-1 6.3276E-1 6.50513E-1 5.56929E-1 5.56547E-1 5.63519E-1 5.6264E-1 6.50144E-1 6.44705E-1 5.33551E-1 5.12082E-1 5.4364E-1 5.36783E-1 5.35167E-1 4.91785E-1 4.6439E-1 4.30455E-1 3.63121E-1 3.40924E-1 3.30843E-1
-9999 -9999 -9999 -9999 -9999 -9999 -9999 -9999 -9999 -9999 -9999 -9999 -9999 -9999 -9999 -9999 -9999 -9999 -9999 -9999 -9999 6.36835E-1 5.18265E-1 4.9561E-1 4.97228E-1 4.8935E-1 5.03299E-1 5.42834E-1 5.45251E-1 5.42431E-1 5.5289E-1 6.43961E-1 6.49156E-1 6.52846E-1 6.4836E-1 6.55418E-1 6.50513E-1 6.51251E-1 6.51251E-1 6.51251E-1 5.58073E-1 5.58073E-1 5.58455E-1 5.57692E-1 5.57692E-1 6.45998E-1 6.44516E-1 6.50939E-1 6.56883E-1 6.56883E-1 5.56165E-1 6.50144E-1 6.56517E-1 6.55051E-1 6.54316E-1 6.52477E-1 5.9788E-1 5.2546E-1 5.37994E-1 5.37994E-1 5.27484E-1 5.31934E-1 4.83021E-1 4.34507E-1 3.79143E-1 3.47594E-1 3.58911E-1
-9999 -9999 -9999 -9999 -9999 -9999 -9999 -9999 -9999 -9999 -9999 -9999 -9999 -9999 -9999 -9999 -9999 -9999 -9999 -9999 -9999 -9999 6.45031E-1 5.37225E-1 5.23516E-1 4.95844E-1 4.80241E-1 5.064E-1 5.18166E-1 5.20193E-1 5.4364E-1 5.44848E-1 5.52087E-1 5.9788E-1 6.42843E-1 6.44705E-1 6.48046E-1 6.49895E-1 6.52477E-1 5.61235E-1 5.5731E-1 5.56929E-1 5.57692E-1 6.44145E-1 6.44145E-1 6.50939E-1 6.44516E-1 6.44145E-1 6.50571E-1 6.56883E-1 5.62758E-1 5.63519E-1 5.62758E-1 6.53214E-1 6.46563E-1 6.4582E-1 5.46459E-1 5.14921E-1 5.29912E-1 5.43237E-1 5.12893E-1 5.0234E-1 5.08023E-1 4.8237E-1 4.43068E-1 3.79961E-1 3.98345E-1
-9999 -9999 -9999 -9999 -9999 -9999 -9999 -9999 -9999 -9999 -9999 -9999 -9999 -9999 -9999 -9999 -9999 -9999 -9999 -9999 -9999 -9999 -9999 -9999 6.66172E-1 5.54095E-1 5.17355E-1 5.10458E-1 5.05588E-1 5.4364E-1 5.54095E-1 5.37994E-1 5.28293E-1 5.30721E-1 5.38398E-1 5.46056E-1 5.39608E-1 5.44446E-1 5.45251E-1 5.55699E-1 6.47675E-1 6.53949E-1 5.62377E-1 6.50144E-1 6.50882E-1 6.44145E-1 6.56517E-1 6.56517E-1 6.50571E-1 6.50571E-1 5.63138E-1 6.56151E-1 5.61997E-1 5.60473E-1 6.52477E-1 6.46563E-1 5.34359E-1 5.20598E-1 5.42834E-1 5.24245E-1 4.96656E-1 4.75646E-1 4.55108E-1 4.70664E-1 4.74346E-1 4.61149E-1 3.9668E-1
-9999 -9999 -9999 -9999 -9999 -9999 -9999 -9999 -9999 -9999 -9999 -9999 -9999 -9999 -9999 -9999 -9999 -9999 -9999 -9999 -9999 -9999 -9999 -9999 -9999 -9999 -9999 5.47666E-1 5.54496E-1 5.99441E-1 5.42028E-1 5.40415E-1 5.27484E-1 5.28698E-1 5.27079E-1 5.37187E-1 5.12082E-1 5.13299E-1 5.13704E-1 5.16544E-1 5.39608E-1 5.55298E-1 6.43588E-1 6.52109E-1 6.55418E-1 6.47621E-1 6.52109E-1 6.47621E-1 6.49835E-1 6.50571E-1 6.56151E-1 6.56151E-1 6.55051E-1 5.60092E-1 5.58186E-1 6.48786E-1 6.46191E-1 5.57703E-1 5.47264E-1 4.81936E-1 4.59421E-1 4.48435E-1 4.63525E-1 4.77381E-1 4.49725E-1 4.53815E-1 4.53169E-1
-9999 -9999 -9999 -9999 -9999 -9999 -9999 -9999 -9999 -9999 -9999 -9999 -9999 -9999 -9999 -9999 -9999 -9999 -9999 -9999 -9999 -9999 -9999 -9999 -9999 -9999 -9999 6.55784E-1 5.42431E-1 5.41222E-1 5.19382E-1 5.0437E-1 5.0437E-1 5.1411E-1 5.13704E-1 5.27484E-1 5.10053E-1 4.84647E-1 4.74996E-1 4.77381E-1 5.02746E-1 5.25055E-1 5.43237E-1 5.57703E-1 6.47304E-1 6.48416E-1 6.47304E-1 6.49895E-1 6.52846E-1 6.49835E-1 6.56151E-1 6.50203E-1 6.55418E-1 6.51003E-1 6.47675E-1 6.49156E-1 6.42843E-1 5.42028E-1 5.3153E-1 5.29912E-1 4.8237E-1 4.7543E-1 4.81285E-1 4.84345E-1 4.61149E-1 4.57264E-1 4.68932E-1
-9999 -9999 -9999 -9999 -9999 -9999 -9999 -9999 -9999 -9999 -9999 -9999 -9999 -9999 -9999 -9999 -9999 -9999 -9999 -9999 -9999 -9999 -9999 -9999 -9999 -9999 -9999 6.55784E-1 5.32743E-1 5.2384E-1 5.18571E-1 4.98686E-1 5.26269E-1 5.25865E-1 5.23435E-1 5.19382E-1 5.16949E-1 4.94626E-1 4.74346E-1 4.66552E-1 4.75863E-1 4.8935E-1 5.03964E-1 5.35167E-1 5.54496E-1 5.97489E-1 5.99441E-1 6.46191E-1 6.50634E-1 6.48729E-1 6.50203E-1 6.49098E-1 6.55784E-1 6.55784E-1 6.45077E-1 6.42097E-1 5.47264E-1 5.31934E-1 5.25055E-1 5.40012E-1 5.2546E-1 5.24245E-1 5.16949E-1 4.80851E-1 4.46931E-1 4.70014E-1 4.73913E-1
-9999 -9999 -9999 -9999 -9999 -9999 -9999 -9999 -9999 -9999 -9999 -9999 -9999 -9999 -9999 -9999 -9999 -9999 -9999 -9999 -9999 -9999 -9999 -9999 -9999 -9999 5.98828E-1 6.50513E-1 6.49895E-1 5.41222E-1 5.50079E-1 5.51284E-1 5.47666E-1 5.3759E-1 5.25865E-1 5.15327E-1 5.16949E-1 5.02746E-1 4.81936E-1 4.7088E-1 4.68283E-1 4.65254E-1 4.6785E-1 5.0031E-1 5.35167E-1 5.4847E-1 5.561E-1 6.4247E-1 6.48416E-1 6.53581E-1 6.49835E-1 6.49466E-1 6.55051E-1 6.55784E-1 6.54316E-1 6.49895E-1 6.46563E-1 5.53292E-1 5.43237E-1 5.29507E-1 5.0437E-1 4.75863E-1 4.6439E-1 4.97874E-1 4.87727E-1 4.68283E-1 4.4908E-1
-9999 -9999 -9999 -9999 -9999 -9999 -9999 -9999 -9999 -9999 -9999 -9999 -9999 -9999 -9999 -9999 -9999 -9999 -9999 -9999 -9999 -9999 -9999 -9999 -9999 6.50513E-1 6.54316E-1 6.49526E-1 6.43961E-1 5.48873E-1 5.4364E-1 5.51284E-1 5.48873E-1 5.44043E-1 5.33955E-1 5.21409E-1 5.1411E-1 5.01934E-1 5.0031E-1 4.90568E-1 4.83742E-1 4.75646E-1 4.74996E-1 4.95844E-1 5.1776E-1 5.24245E-1 5.33551E-1 5.44446E-1 5.57703E-1 6.40944E-1 6.48729E-1 6.49098E-1 6.54684E-1 6.55418E-1 6.55051E-1 6.49895E-1 6.42843E-1 6.45449E-1 5.51686E-1 5.40818E-1 5.28698E-1 5.07212E-1 4.7088E-1 4.64606E-1 4.64606E-1 4.86915E-1 4.72396E-1
-9999 -9999 -9999 -9999 -9999 -9999 -9999 -9999 -9999 -9999 -9999 -9999 -9999 -9999 -9999 -9999 -9999 6.6324E-1 6.42843E-1 5.56501E-1 6.59557E-1 6.52109E-1 6.44705E-1 5.99051E-1 6.4247E-1 5.45251E-1 5.27484E-1 5.29103E-1 5.57302E-1 5.54496E-1 5.27889E-1 5.39205E-1 5.42431E-1 5.35571E-1 5.30721E-1 5.25055E-1 5.05182E-1 4.85251E-1 4.85251E-1 4.86156E-1 4.84043E-1 4.84949E-1 4.80851E-1 5.1127E-1 4.93409E-1 5.03964E-1 5.00716E-1 5.08429E-1 5.27889E-1 5.44862E-1 6.40571E-1 6.52846E-1 6.54684E-1 6.55051E-1 6.53949E-1 6.51372E-1 6.44333E-1 5.97099E-1 5.55298E-1 5.38398E-1 5.28698E-1 5.27079E-1 4.85251E-1 4.60285E-1 4.43282E-1 4.63741E-1 4.84647E-1
-9999 -9999 -9999 -9999 -9999 -9999 -9999 -9999 -9999 -9999 -9999 -9999 -9999 -9999 6.66172E-1 6.5474E-1 4.62336E-1 4.44265E-1 4.30901E-1 5.10053E-1 5.12893E-1 5.09241E-1 5.04776E-1 5.14921E-1 6.44333E-1 6.46563E-1 5.51686E-1 5.40818E-1 5.39205E-1 5.37187E-1 5.33147E-1 5.12487E-1 4.99904E-1 5.12082E-1 5.16138E-1 5.01528E-1 5.01934E-1 4.76297E-1 4.69798E-1 4.66984E-1 4.65903E-1 4.73913E-1 4.75863E-1 4.8935E-1 4.82153E-1 4.71313E-1 4.67201E-1 4.7218E-1 4.91379E-1 5.30316E-1 5.50882E-1 6.44333E-1 6.51741E-1 6.54684E-1 6.53949E-1 6.53214E-1 6.52109E-1 6.50634E-1 5.561E-1 5.49677E-1 5.47264E-1 5.39608E-1 5.23435E-1 4.83468E-1 4.60285E-1 4.50371E-1 4.70447E-1
-9999 -9999 -9999 -9999 -9999 -9999 -9999 -9999 -9999 -9999 -9999 -9999 -9999 5.58141E-1 4.43499E-1 4.32043E-1 4.24066E-1 4.8651E-1 3.93447E-1 4.74563E-1 4.70447E-1 4.74129E-1 5.09241E-1 5.53693E-1 5.57302E-1 5.52087E-1 5.41625E-1 5.27079E-1 5.14516E-1 4.85854E-1 5.11676E-1 4.78682E-1 4.73263E-1 4.86915E-1 4.83468E-1 4.72396E-1 4.78031E-1 4.84345E-1 4.73479E-1 4.69798E-1 4.63093E-1 4.66119E-1 4.65903E-1 4.66119E-1 4.93409E-1 4.74346E-1 4.57048E-1 4.61581E-1 4.83742E-1 5.10458E-1 5.36783E-1 5.53292E-1 6.44705E-1 6.53214E-1 6.53581E-1 6.49526E-1 6.48786E-1 6.50634E-1 5.47666E-1 5.38398E-1 5.39608E-1 5.44446E-1 5.43237E-1 5.19787E-1 5.0031E-1 4.72396E-1 4.52523E-1
-9999 -9999 -9999 -9999 -9999 -9999 -9999 -9999 -9999 -9999 -9999 -9999 6.55418E-1 4.50019E-1 4.21037E-1 3.99147E-1 3.91357E-1 4.7153E-1 3.82287E-1 4.59421E-1 4.60717E-1 4.91379E-1 5.39205E-1 5.41222E-1 5.13704E-1 5.22624E-1 5.39608E-1 5.01122E-1 4.83238E-1 4.74129E-1 4.83468E-1 4.84647E-1 4.66336E-1 4.57695E-1 4.44355E-1 4.41781E-1 4.48865E-1 4.55754E-1 4.65254E-1 4.65038E-1 4.62661E-1 4.66984E-1 4.71097E-1 4.76513E-1 4.77597E-1 4.71313E-1 4.70014E-1 4.74996E-1 4.77164E-1 4.90568E-1 5.09647E-1 5.27079E-1 5.48068E-1 6.45449E-1 6.49895E-1 6.48786E-1 6.46934E-1 6.49895E-1 5.561E-1 5.40012E-1 5.44446E-1 5.49677E-1 5.45654E-1 5.42028E-1 5.23029E-1 5.05994E-1 4.70014E-1
-9999 -9999 -9999 -9999 -9999 -9999 -9999 -9999 -9999 -9999 -9999 -9999 6.55051E-1 4.48867E-1 4.10485E-1 3.90219E-1 3.82287E-1 4.61365E-1 4.58558E-1 4.51662E-1 4.71746E-1 5.19382E-1 5.43237E-1 5.18977E-1 4.9625E-1 4.96656E-1 5.06806E-1 5.01934E-1 4.85552E-1 4.62013E-1 4.46931E-1 4.37043E-1 4.4865E-1 3.95017E-1 3.50952E-1 3.50358E-1 3.50952E-1 3.66948E-1 3.91285E-1 4.37499E-1 4.4865E-1 4.56617E-1 4.65903E-1 4.71746E-1 4.69798E-1 4.6439E-1 4.60501E-1 4.63957E-1 4.6785E-1 4.55602E-1 4.65471E-1 4.78688E-1 5.17052E-1 5.51284E-1 6.4247E-1 6.43588E-1 6.45449E-1 6.48786E-1 6.50265E-1 6.4247E-1 5.9788E-1 5.47666E-1 5.47666E-1 5.48873E-1 5.2465E-1 5.10053E-1 4.78465E-1
-9999 -9999 -9999 -9999 -9999 -9999 -9999 -9999 -9999 -9999 -9999 -9999 6.5162E-1 5.50882E-1 5.23435E-1 4.8651E-1 4.74346E-1 4.6785E-1 4.59853E-1 4.52308E-1 4.79549E-1 5.37187E-1 5.35167E-1 5.09241E-1 4.97468E-1 4.73696E-1 4.43068E-1 4.05867E-1 4.41138E-1 4.42853E-1 3.84887E-1 3.65198E-1 3.64407E-1 3.41119E-1 3.03947E-1 3.03586E-1 3.063E-1 3.3839E-1 3.65334E-1 3.86741E-1 4.02518E-1 4.42639E-1 4.52092E-1 4.53384E-1 4.55108E-1 4.55539E-1 4.57048E-1 4.64606E-1 4.7088E-1 4.4757E-1 4.46726E-1 4.50315E-1 4.84283E-1 5.21093E-1 5.50079E-1 5.54496E-1 5.56901E-1 6.47304E-1 6.52109E-1 6.51741E-1 6.50634E-1 6.42843E-1 5.561E-1 5.97099E-1 5.55298E-1 5.40818E-1 4.85854E-1
-9999 -9999 -9999 -9999 -9999 -9999 -9999 -9999 -9999 -9999 -9999 -9999 -9999 6.48046E-1 5.50882E-1 5.33147E-1 5.05322E-1 4.90973E-1 4.7608E-1 4.7218E-1 5.14516E-1 5.45654E-1 5.32338E-1 4.91785E-1 4.68499E-1 4.52738E-1 3.9772E-1 3.63322E-1 3.89424E-1 4.03773E-1 3.57312E-1 3.28347E-1 3.18459E-1 2.92294E-1 2.98261E-1 2.89697E-1 3.16952E-1 3.162E-1 3.27007E-1 3.47791E-1 3.78734E-1 3.92735E-1 4.00638E-1 4.35575E-1 4.42639E-1 4.38997E-1 4.06496E-1 4.38783E-1 4.55108E-1 4.69365E-1 4.58356E-1 4.80634E-1 4.76124E-1 5.08429E-1 5.37187E-1 5.24245E-1 5.2465E-1 5.9866E-1 6.49526E-1 6.50634E-1 6.51003E-1 6.51003E-1 6.50265E-1 6.49526E-1 6.4582E-1 5.42028E-1 4.76297E-1
-9999 -9999 -9999 -9999 -9999 -9999 -9999 -9999 -9999 -9999 -9999 -9999 -9999 -9999 6.68363E-1 6.40198E-1 5.42452E-1 5.25131E-1 4.85377E-1 5.14516E-1 5.45251E-1 5.48873E-1 5.41625E-1 4.90162E-1 4.35789E-1 3.9668E-1 3.73838E-1 3.53132E-1 3.54324E-1 3.58311E-1 3.42879E-1 3.17517E-1 3.04667E-1 2.83563E-1 2.919E-1 2.84978E-1 2.90141E-1 2.86219E-1 3.09474E-1 3.35283E-1 3.42292E-1 3.35283E-1 3.61916E-1 3.84065E-1 3.95017E-1 4.30242E-1 4.00638E-1 3.98137E-1 4.41353E-1 4.34105E-1 4.57264E-1 4.8935E-1 4.97468E-1 5.12487E-1 5.1127E-1 5.10458E-1 5.0234E-1 5.20193E-1 5.4847E-1 5.97099E-1 6.4582E-1 6.49526E-1 6.50265E-1 6.49895E-1 6.49895E-1 6.44333E-1 5.29103E-1
-9999 -9999 -9999 -9999 -9999 -9999 -9999 -9999 -9999 -9999 -9999 -9999 -9999 -9999 -9999 -9999 -9999 6.46882E-1 5.34377E-1 6.43216E-1 6.49156E-1 6.46934E-1 5.50481E-1 5.08429E-1 4.68499E-1 4.43926E-1 4.37713E-1 4.30455E-1 4.31307E-1 4.39425E-1 3.97304E-1 3.59711E-1 3.14136E-1 2.91003E-1 2.94241E-1 2.94061E-1 2.87074E-1 2.94061E-1 2.96264E-1 3.00814E-1 2.92473E-1 3.0118E-1 3.31999E-1 3.42096E-1 3.69576E-1 3.83243E-1 3.86329E-1 3.91078E-1 3.89661E-1 4.16996E-1 3.99179E-1 4.58558E-1 4.87727E-1 4.79983E-1 4.54121E-1 4.72396E-1 4.73046E-1 4.73263E-1 5.01528E-1 5.35571E-1 5.97489E-1 6.4247E-1 6.46563E-1 6.49156E-1 6.49526E-1 6.48046E-1 5.54095E-1
-9999 -9999 -9999 -9999 -9999 -9999 -9999 -9999 -9999 -9999 -9999 -9999 -9999 -9999 -9999 -9999 -9999 -9999 -9999 6.68363E-1 5.56901E-1 6.53949E-1 6.44333E-1 5.41625E-1 5.23435E-1 5.14921E-1 5.05994E-1 4.86156E-1 4.68932E-1 4.43068E-1 3.82627E-1 3.30074E-1 2.96411E-1 2.89571E-1 2.90824E-1 2.80396E-1 2.82153E-1 2.96593E-1 2.91216E-1 2.98443E-1 2.87285E-1 2.89426E-1 3.05588E-1 3.20348E-1 3.29114E-1 3.3839E-1 3.43271E-1 3.66544E-1 3.98345E-1 3.82983E-1 3.67973E-1 3.74748E-1 4.31171E-1 4.70014E-1 4.35783E-1 4.29497E-1 4.52954E-1 4.68066E-1 4.82153E-1 5.1411E-1 5.35167E-1 5.4847E-1 5.9788E-1 6.46934E-1 6.48786E-1 6.49156E-1 6.42843E-1
-9999 -9999 -9999 -9999 -9999 -9999 -9999 -9999 -9999 -9999 -9999 -9999 -9999 -9999 -9999 -9999 -9999 -9999 -9999 -9999 6.62841E-1 6.46934E-1 6.43216E-1 5.52489E-1 5.44043E-1 5.07212E-1 4.65254E-1 4.56832E-1 4.06076E-1 3.69374E-1 3.47397E-1 3.02278E-1 2.86041E-1 2.9352E-1 2.83353E-1 2.95506E-1 2.87641E-1 2.95359E-1 3.04851E-1 2.86041E-1 2.8427E-1 3.08361E-1 3.16576E-1 3.08361E-1 2.93734E-1 2.95359E-1 3.11894E-1 3.36835E-1 3.63121E-1 3.70757E-1 3.73748E-1 3.68172E-1 3.8743E-1 4.1845E-1 3.8662E-1 4.17619E-1 4.30125E-1 4.50801E-1 4.65903E-1 4.92191E-1 5.11676E-1 5.41222E-1 5.51686E-1 6.41723E-1 6.4582E-1 6.48786E-1 6.48416E-1
-9999 -9999 -9999 -9999 -9999 -9999 -9999 -9999 -9999 -9999 -9999 -9999 -9999 -9999 -9999 -9999 -9999 -9999 -9999 -9999 -9999 -9999 6.29958E-1 5.4847E-1 5.34359E-1 5.20193E-1 4.75863E-1 4.4951E-1 3.88804E-1 3.46019E-1 3.25479E-1 3.10776E-1 2.94275E-1 2.81274E-1 2.91003E-1 2.98261E-1 2.99536E-1 3.30266E-1 3.19781E-1 3.15824E-1 3.15261E-1 3.1059E-1 3.26433E-1 3.08361E-1 3.00266E-1 3.02278E-1 2.99901E-1 3.02095E-1 3.13762E-1 3.35477E-1 3.64529E-1 3.80576E-1 3.90044E-1 3.7655E-1 3.74148E-1 3.71155E-1 4.12645E-1 4.52523E-1 4.65687E-1 4.79115E-1 5.1411E-1 5.3153E-1 5.4364E-1 5.53292E-1 5.99051E-1 6.45449E-1 6.48046E-1
-9999 -9999 -9999 -9999 -9999 -9999 -9999 -9999 -9999 -9999 -9999 -9999 -9999 -9999 -9999 -9999 -9999 -9999 -9999 -9999 -9999 -9999 6.33881E-1 5.35577E-1 5.25865E-1 5.12893E-1 4.97062E-1 4.84647E-1 4.61797E-1 4.43497E-1 3.90457E-1 3.86741E-1 3.58711E-1 3.57113E-1 3.41314E-1 3.47594E-1 3.46806E-1 3.63523E-1 3.62116E-1 3.51348E-1 3.52735E-1 3.34509E-1 3.34122E-1 3.23954E-1 3.17705E-1 2.91037E-1 2.92799E-1 2.919E-1 2.9032E-1 3.02278E-1 3.23573E-1 3.44055E-1 3.51656E-1 3.52435E-1 3.65792E-1 3.66783E-1 3.68172E-1 3.84194E-1 4.35153E-1 4.58568E-1 4.86582E-1 5.21003E-1 5.37187E-1 5.45251E-1 5.52489E-1 5.46459E-1 6.4582E-1
-9999 -9999 -9999 -9999 -9999 -9999 -9999 -9999 -9999 -9999 -9999 -9999 -9999 -9999 -9999 -9999 -9999 -9999 -9999 -9999 -9999 -9999 -9999 6.50634E-1 5.56901E-1 5.54897E-1 5.34359E-1 5.12082E-1 5.03558E-1 4.9625E-1 4.7543E-1 4.61797E-1 4.06496E-1 4.30881E-1 4.06076E-1 4.36003E-1 4.3216E-1 4.40067E-1 4.328E-1 3.98345E-1 3.83448E-1 3.76283E-1 3.56514E-1 3.41901E-1 3.21295E-1 3.10404E-1 2.9554E-1 2.85155E-1 2.86397E-1 2.82459E-1 2.85332E-1 2.98807E-1 3.18459E-1 3.37417E-1 3.66342E-1 3.84065E-1 3.97929E-1 3.7675E-1 4.48435E-1 4.6785E-1 4.7608E-1 5.12487E-1 5.2384E-1 5.37187E-1 5.47666E-1 5.41625E-1 5.56501E-1
-9999 -9999 -9999 -9999 -9999 -9999 -9999 -9999 -9999 -9999 -9999 -9999 -9999 -9999 -9999 -9999 -9999 -9999 -9999 -9999 -9999 -9999 -9999 6.35373E-1 6.35564E-1 5.79756E-1 5.41222E-1 5.35571E-1 5.39205E-1 5.25055E-1 5.05994E-1 4.92597E-1 4.73913E-1 4.67417E-1 4.71313E-1 4.56186E-1 4.39639E-1 4.06915E-1 4.06496E-1 4.37713E-1 4.34507E-1 4.06286E-1 4.00847E-1 3.77303E-1 3.57512E-1 3.36059E-1 3.46215E-1 3.30843E-1 2.94817E-1 2.82978E-1 2.16401E-1 2.16401E-1 2.84767E-1 3.09103E-1 3.39363E-1 3.67958E-1 3.93979E-1 4.19697E-1 4.47146E-1 4.34721E-1 4.63093E-1 4.9625E-1 5.10053E-1 5.28293E-1 5.36783E-1 5.49275E-1 5.40012E-1
-9999 -9999 -9999 -9999 -9999 -9999 -9999 -9999 -9999 -9999 -9999 -9999 -9999 -9999 -9999 -9999 -9999 -9999 -9999 -9999 -9999 -9999 -9999 -9999 6.37425E-1 5.37177E-1 5.46459E-1 5.45251E-1 5.2465E-1 4.73479E-1 4.54892E-1 4.42424E-1 4.50371E-1 4.29816E-1 3.9481E-1 4.37285E-1 3.87153E-1 3.48383E-1 3.48383E-1 3.55319E-1 3.6816E-1 3.89217E-1 3.88597E-1 3.98345E-1 3.91492E-1 3.83859E-1 3.76079E-1 3.57512E-1 3.37223E-1 3.38584E-1 2.99536E-1 2.68827E-1 2.6933E-1 2.84093E-1 3.11707E-1 3.38195E-1 3.70184E-1 3.94602E-1 4.07335E-1 4.37499E-1 4.37043E-1 4.72829E-1 4.99092E-1 5.13299E-1 5.30721E-1 5.3759E-1 5.31934E-1
-9999 -9999 -9999 -9999 -9999 -9999 -9999 -9999 -9999 -9999 -9999 -9999 -9999 -9999 -9999 -9999 -9999 -9999 -9999 -9999 -9999 -9999 -9999 -9999 5.99911E-1 6.36309E-1 6.30707E-1 5.48068E-1 4.90568E-1 4.51016E-1 3.85711E-1 3.6473E-1 3.69779E-1 3.714E-1 3.69171E-1 3.60712E-1 3.77303E-1 3.58911E-1 3.23193E-1 3.1208E-1 3.16576E-1 3.21485E-1 3.29882E-1 3.48975E-1 3.63322E-1 3.71806E-1 3.63322E-1 3.64327E-1 3.65133E-1 3.54921E-1 3.37806E-1 3.13051E-1 2.99536E-1 2.81241E-1 2.85476E-1 2.93734E-1 3.27581E-1 3.63925E-1 3.82832E-1 4.05029E-1 4.28243E-1 4.46093E-1 4.5772E-1 4.84172E-1 5.27484E-1 5.25055E-1 5.25055E-1
