outputpop/cholera.asc
ncols         500
nrows         376
xllcorner     -74.6
yllcorner     17.9
cellsize      0.00606666666666658
NODATA_value  -9999
[rows 60 to 89 of 376, columns 330 to 395 of 500]
4.60765E-1 4.60765E-1 4.51803E-1 4.32142E-1 4.28676E-1 4.28676E-1 4.28676E-1 4.28676E-1 4.28676E-1 4.29061E-1 4.29061E-1 4.29061E-1 4.29061E-1 4.29061E-1 4.29061E-1 4.29831E-1 4.65842E-1 4.78366E-1 4.82287E-1 4.82287E-1 4.82287E-1 4.82287E-1 4.85032E-1 5.00733E-1 5.06623E-1 5.08586E-1 5.08586E-1 5.08586E-1 5.08586E-1 4.98378E-1 4.63888E-1 4.55307E-1 4.52581E-1 4.52581E-1 4.52581E-1 4.52581E-1 4.36772E-1 4.27523E-1 4.25986E-1 4.25602E-1 4.25602E-1 4.25602E-1 4.25602E-1 4.25602E-1 -9999 -9999 -9999 -9999 -9999 -9999 -9999 -9999 -9999 -9999 -9999 -9999 -9999 -9999 -9999 -9999 -9999 -9999 -9999 -9999 -9999 -9999
4.60765E-1 4.60765E-1 4.51803E-1 4.32142E-1 4.28676E-1 4.28676E-1 4.28676E-1 4.28676E-1 4.28676E-1 4.29061E-1 4.29061E-1 4.29061E-1 4.29061E-1 4.29061E-1 4.29061E-1 4.29831E-1 4.65842E-1 4.78366E-1 4.82287E-1 4.82287E-1 4.82287E-1 4.82287E-1 4.85032E-1 5.00733E-1 5.06623E-1 5.08586E-1 5.08586E-1 5.08586E-1 5.08586E-1 4.98378E-1 4.63888E-1 4.55307E-1 4.52581E-1 4.52581E-1 4.52581E-1 4.52581E-1 4.36772E-1 4.27523E-1 4.25986E-1 4.25602E-1 4.25602E-1 4.25602E-1 4.25602E-1 4.25602E-1 -9999 -9999 -9999 -9999 -9999 -9999 -9999 -9999 -9999 -9999 -9999 -9999 -9999 -9999 -9999 -9999 -9999 -9999 -9999 -9999 -9999 -9999
4.60765E-1 4.60765E-1 4.51803E-1 4.32142E-1 4.28676E-1 4.28676E-1 4.28676E-1 4.28676E-1 4.28676E-1 4.29061E-1 4.29061E-1 4.29061E-1 4.29061E-1 4.29061E-1 4.29061E-1 4.29831E-1 4.65842E-1 4.78366E-1 4.82287E-1 4.82287E-1 4.82287E-1 4.82287E-1 4.85032E-1 5.00733E-1 5.06623E-1 5.08586E-1 5.08586E-1 5.08586E-1 5.08586E-1 4.98378E-1 4.63888E-1 4.55307E-1 4.52581E-1 4.52581E-1 4.52581E-1 4.52581E-1 4.36772E-1 4.27523E-1 4.25986E-1 4.25602E-1 4.25602E-1 4.25602E-1 4.25602E-1 4.25602E-1 -9999 -9999 -9999 -9999 -9999 -9999 -9999 -9999 -9999 -9999 -9999 -9999 -9999 -9999 -9999 -9999 -9999 -9999 -9999 -9999 -9999 -9999
4.60765E-1 4.60765E-1 4.51803E-1 4.32142E-1 4.28676E-1 4.28676E-1 4.28676E-1 4.28676E-1 4.28676E-1 4.29061E-1 4.29061E-1 4.29061E-1 4.29061E-1 4.29061E-1 4.29061E-1 4.29831E-1 4.65842E-1 4.78366E-1 4.82287E-1 4.82287E-1 4.82287E-1 4.82287E-1 4.85032E-1 5.00733E-1 5.06623E-1 5.08586E-1 5.08586E-1 5.08586E-1 5.08586E-1 4.98378E-1 4.63888E-1 4.55307E-1 4.52581E-1 4.52581E-1 4.52581E-1 4.52581E-1 4.36772E-1 4.27523E-1 4.25986E-1 4.25602E-1 4.25602E-1 4.25602E-1 4.25602E-1 4.25602E-1 -9999 -9999 -9999 -9999 -9999 -9999 -9999 -9999 -9999 -9999 -9999 -9999 -9999 -9999 -9999 -9999 -9999 -9999 -9999 -9999 -9999 -9999
4.5297E-1 4.5297E-1 4.36E-1 4.30601E-1 4.28676E-1 4.28676E-1 4.28676E-1 4.28676E-1 4.28676E-1 4.29061E-1 4.29446E-1 4.29446E-1 4.29446E-1 4.29446E-1 4.29446E-1 4.30216E-1 4.66232E-1 4.78758E-1 4.82679E-1 4.82679E-1 4.82679E-1 4.82679E-1 4.85425E-1 5.01126E-1 5.06623E-1 5.08586E-1 5.08586E-1 5.08586E-1 5.08586E-1 4.9877E-1 4.6506E-1 4.57255E-1 4.54528E-1 4.54528E-1 4.54528E-1 4.54528E-1 4.38318E-1 4.27523E-1 4.25986E-1 4.25602E-1 4.25602E-1 4.25602E-1 4.25602E-1 4.24834E-1 4.233E-1 4.22916E-1 4.22916E-1 4.22916E-1 4.22916E-1 4.22916E-1 5.3171E-1 6.22758E-1 6.31557E-1 6.32043E-1 6.32043E-1 6.32043E-1 6.32043E-1 7.0389E-1 7.31158E-1 7.34312E-1 7.34312E-1 7.34312E-1 7.34312E-1 7.34312E-1 7.34312E-1 7.34312E-1
4.3407E-1 4.3407E-1 4.31756E-1 4.29446E-1 4.28676E-1 4.28676E-1 4.28676E-1 4.28676E-1 4.28676E-1 4.29061E-1 4.29446E-1 4.29446E-1 4.29446E-1 4.29446E-1 4.29446E-1 4.30601E-1 4.66623E-1 4.7915E-1 4.83071E-1 4.83071E-1 4.83071E-1 4.83071E-1 4.85817E-1 5.01126E-1 5.06623E-1 5.08586E-1 5.08586E-1 5.08586E-1 5.08586E-1 4.99163E-1 4.66623E-1 4.58814E-1 4.56475E-1 4.56475E-1 4.56475E-1 4.56475E-1 4.39479E-1 4.27907E-1 4.25986E-1 4.25602E-1 4.25602E-1 4.25602E-1 4.25602E-1 4.24834E-1 4.233E-1 4.22916E-1 4.22916E-1 4.22916E-1 4.22916E-1 4.22916E-1 5.3171E-1 6.22758E-1 6.31557E-1 6.32043E-1 6.32043E-1 6.32043E-1 6.32043E-1 7.0389E-1 7.31158E-1 7.34312E-1 7.34312E-1 7.34312E-1 7.34312E-1 7.34312E-1 7.34312E-1 7.34312E-1
4.28676E-1 4.28676E-1 4.28676E-1 4.28676E-1 4.28676E-1 4.28676E-1 4.28676E-1 4.28676E-1 4.28676E-1 4.29061E-1 4.29446E-1 4.29831E-1 4.29831E-1 4.29831E-1 4.29831E-1 4.30601E-1 4.66623E-1 4.7915E-1 4.83463E-1 4.83463E-1 4.83463E-1 4.83463E-1 4.85817E-1 5.01126E-1 5.06623E-1 5.08586E-1 5.08586E-1 5.08586E-1 5.08586E-1 4.99163E-1 4.67796E-1 4.60375E-1 4.57645E-1 4.57645E-1 4.57645E-1 4.57645E-1 4.52192E-1 4.28292E-1 4.2637E-1 4.25602E-1 4.25602E-1 4.25602E-1 4.25602E-1 4.24834E-1 4.233E-1 4.22916E-1 4.22916E-1 4.22916E-1 4.22916E-1 4.22916E-1 5.3171E-1 6.22758E-1 6.31557E-1 6.32043E-1 6.32043E-1 6.32043E-1 6.32043E-1 7.0389E-1 7.31158E-1 7.34312E-1 7.34312E-1 7.34312E-1 7.34312E-1 7.34312E-1 7.34312E-1 7.34312E-1
4.28676E-1 4.28676E-1 4.28676E-1 4.28676E-1 4.28676E-1 4.28676E-1 4.28676E-1 4.28676E-1 4.28676E-1 4.29061E-1 4.29446E-1 4.29831E-1 4.29831E-1 4.29831E-1 4.29831E-1 4.30601E-1 4.66623E-1 4.7915E-1 4.83463E-1 4.83463E-1 4.83463E-1 4.83463E-1 4.85817E-1 5.01126E-1 5.06623E-1 5.08586E-1 5.08586E-1 5.08586E-1 5.08586E-1 4.99163E-1 4.67796E-1 4.60375E-1 4.57645E-1 4.57645E-1 4.57645E-1 4.57645E-1 4.52192E-1 4.28292E-1 4.2637E-1 4.25602E-1 4.25602E-1 4.25602E-1 4.25602E-1 4.24834E-1 4.233E-1 4.22916E-1 4.22916E-1 4.22916E-1 4.22916E-1 4.22916E-1 5.3171E-1 6.22758E-1 6.31557E-1 6.32043E-1 6.32043E-1 6.32043E-1 6.32043E-1 7.0389E-1 7.31158E-1 7.34312E-1 7.34312E-1 7.34312E-1 7.34312E-1 7.34312E-1 7.34312E-1 7.34312E-1
4.28676E-1 4.28676E-1 4.28676E-1 4.28676E-1 4.28676E-1 4.28676E-1 4.28676E-1 4.28676E-1 4.28676E-1 4.29061E-1 4.29446E-1 4.29831E-1 4.29831E-1 4.29831E-1 4.29831E-1 4.30601E-1 4.66623E-1 4.7915E-1 4.83463E-1 4.83463E-1 4.83463E-1 4.83463E-1 4.85817E-1 5.01126E-1 5.06623E-1 5.08586E-1 5.08586E-1 5.08586E-1 5.08586E-1 4.99163E-1 4.67796E-1 4.60375E-1 4.57645E-1 4.57645E-1 4.57645E-1 4.57645E-1 4.52192E-1 4.28292E-1 4.2637E-1 4.25602E-1 4.25602E-1 4.25602E-1 4.25602E-1 4.24834E-1 4.233E-1 4.22916E-1 4.22916E-1 4.22916E-1 4.22916E-1 4.22916E-1 5.3171E-1 6.22758E-1 6.31557E-1 6.32043E-1 6.32043E-1 6.32043E-1 6.32043E-1 7.0389E-1 7.31158E-1 7.34312E-1 7.34312E-1 7.34312E-1 7.34312E-1 7.34312E-1 7.34312E-1 7.34312E-1
4.28676E-1 4.28676E-1 4.28676E-1 4.28676E-1 4.28676E-1 4.28676E-1 4.28676E-1 4.28676E-1 4.28676E-1 4.29061E-1 4.29446E-1 4.29831E-1 4.29831E-1 4.29831E-1 4.29831E-1 4.30601E-1 4.66623E-1 4.7915E-1 4.83463E-1 4.83463E-1 4.83463E-1 4.83463E-1 4.85817E-1 5.01126E-1 5.06623E-1 5.08586E-1 5.08586E-1 5.08586E-1 5.08586E-1 4.99163E-1 4.67796E-1 4.60375E-1 4.57645E-1 4.57645E-1 4.57645E-1 4.57645E-1 4.52192E-1 4.28292E-1 4.2637E-1 4.25602E-1 4.25602E-1 4.25602E-1 4.25602E-1 4.24834E-1 4.233E-1 4.22916E-1 4.22916E-1 4.22916E-1 4.22916E-1 4.22916E-1 5.3171E-1 6.22758E-1 6.31557E-1 6.32043E-1 6.32043E-1 6.32043E-1 6.32043E-1 7.0389E-1 7.31158E-1 7.34312E-1 7.34312E-1 7.34312E-1 7.34312E-1 7.34312E-1 7.34312E-1 7.34312E-1
4.27907E-1 4.27907E-1 4.27907E-1 4.27907E-1 4.27907E-1 4.27907E-1 4.27907E-1 4.27907E-1 4.27907E-1 4.28676E-1 4.29061E-1 4.29061E-1 4.29061E-1 4.29061E-1 4.29061E-1 4.29831E-1 4.6506E-1 4.76799E-1 4.8111E-1 4.8111E-1 4.8111E-1 4.8111E-1 4.83855E-1 5.00341E-1 5.06623E-1 5.08586E-1 5.08586E-1 5.08586E-1 5.08586E-1 4.99163E-1 4.68187E-1 4.60765E-1 4.58424E-1 4.58424E-1 4.58424E-1 4.58424E-1 4.52581E-1 4.28292E-1 4.2637E-1 4.25602E-1 4.25602E-1 4.25602E-1 4.25602E-1 4.24834E-1 4.233E-1 4.233E-1 4.22916E-1 4.22916E-1 4.22916E-1 4.22916E-1 5.2858E-1 6.18328E-1 6.26924E-1 6.27168E-1 6.27168E-1 6.27168E-1 6.27168E-1 7.0309E-1 7.31007E-1 7.34163E-1 7.34163E-1 7.34163E-1 7.34163E-1 7.34163E-1 7.33414E-1 7.33114E-1
4.23683E-1 4.23683E-1 4.233E-1 4.233E-1 4.22916E-1 4.22916E-1 4.22916E-1 4.22916E-1 4.22916E-1 4.233E-1 4.23683E-1 4.23683E-1 4.23683E-1 4.23683E-1 4.23683E-1 4.2445E-1 4.39866E-1 4.59204E-1 4.61936E-1 4.61936E-1 4.61936E-1 4.61936E-1 4.66232E-1 4.94059E-1 5.04267E-1 5.07408E-1 5.07408E-1 5.07408E-1 5.07408E-1 4.99163E-1 4.71708E-1 4.6506E-1 4.63107E-1 4.63107E-1 4.63107E-1 4.63107E-1 4.56086E-1 4.28676E-1 4.2637E-1 4.25602E-1 4.25602E-1 4.25602E-1 4.25602E-1 4.25218E-1 4.24067E-1 4.24067E-1 4.24067E-1 4.24067E-1 4.24067E-1 4.24067E-1 5.02304E-1 5.83755E-1 5.9009E-1 5.90343E-1 5.90343E-1 5.90343E-1 5.90343E-1 6.97212E-1 7.29421E-1 7.33114E-1 7.33114E-1 7.33114E-1 7.33114E-1 7.33114E-1 7.26687E-1 7.23706E-1
4.1947E-1 4.1947E-1 4.19088E-1 4.18706E-1 4.18706E-1 4.18706E-1 4.18706E-1 4.18706E-1 4.18706E-1 4.19088E-1 4.19088E-1 4.19088E-1 4.19088E-1 4.19088E-1 4.19088E-1 4.1947E-1 4.27523E-1 4.31756E-1 4.32913E-1 4.32913E-1 4.32913E-1 4.32913E-1 4.39092E-1 4.88171E-1 5.01911E-1 5.0623E-1 5.0623E-1 5.0623E-1 5.0623E-1 4.99163E-1 4.75232E-1 4.69361E-1 4.67405E-1 4.67405E-1 4.67405E-1 4.67405E-1 4.59204E-1 4.29446E-1 4.2637E-1 4.25602E-1 4.25602E-1 4.25602E-1 4.25602E-1 4.25218E-1 4.25218E-1 4.25218E-1 4.25218E-1 4.25218E-1 4.25218E-1 4.25218E-1 4.78366E-1 5.21922E-1 5.28189E-1 5.2858E-1 5.2858E-1 5.2858E-1 5.2858E-1 6.9176E-1 7.2798E-1 7.32212E-1 7.32212E-1 7.32212E-1 7.32212E-1 7.32212E-1 7.20551E-1 7.14957E-1
4.17177E-1 4.17177E-1 4.16796E-1 4.16414E-1 4.16032E-1 4.16032E-1 4.16032E-1 4.16032E-1 4.16032E-1 4.16414E-1 4.16414E-1 4.16414E-1 4.16414E-1 4.16414E-1 4.16414E-1 4.16414E-1 4.20618E-1 4.2215E-1 4.22916E-1 4.22916E-1 4.22916E-1 4.22916E-1 4.29831E-1 4.8464E-1 5.00733E-1 5.05838E-1 5.05838E-1 5.05838E-1 5.05838E-1 4.99163E-1 4.77191E-1 4.721E-1 4.70143E-1 4.70143E-1 4.70143E-1 4.70143E-1 4.61155E-1 4.29831E-1 4.26754E-1 4.25602E-1 4.25602E-1 4.25602E-1 4.25602E-1 4.25602E-1 4.25602E-1 4.25602E-1 4.25602E-1 4.25602E-1 4.25602E-1 4.25602E-1 4.64279E-1 4.92489E-1 4.96414E-1 4.96807E-1 4.96807E-1 4.96807E-1 4.96807E-1 6.8848E-1 7.2722E-1 7.3161E-1 7.3161E-1 7.3161E-1 7.3161E-1 7.3161E-1 7.16829E-1 7.09771E-1
4.17177E-1 4.17177E-1 4.16796E-1 4.16414E-1 4.16032E-1 4.16032E-1 4.16032E-1 4.16032E-1 4.16032E-1 4.16414E-1 4.16414E-1 4.16414E-1 4.16414E-1 4.16414E-1 4.16414E-1 4.16414E-1 4.20618E-1 4.2215E-1 4.22916E-1 4.22916E-1 4.22916E-1 4.22916E-1 4.29831E-1 4.8464E-1 5.00733E-1 5.05838E-1 5.05838E-1 5.05838E-1 5.05838E-1 4.99163E-1 4.77191E-1 4.721E-1 4.70143E-1 4.70143E-1 4.70143E-1 4.70143E-1 4.61155E-1 4.29831E-1 4.26754E-1 4.25602E-1 4.25602E-1 4.25602E-1 4.25602E-1 4.25602E-1 4.25602E-1 4.25602E-1 4.25602E-1 4.25602E-1 4.25602E-1 4.25602E-1 4.64279E-1 4.92489E-1 4.96414E-1 4.96807E-1 4.96807E-1 4.96807E-1 4.96807E-1 6.8848E-1 7.2722E-1 7.3161E-1 7.3161E-1 7.3161E-1 7.3161E-1 7.3161E-1 7.16829E-1 7.09771E-1
4.17177E-1 4.17177E-1 4.16796E-1 4.16414E-1 4.16032E-1 4.16032E-1 4.16032E-1 4.16032E-1 4.16032E-1 4.16414E-1 4.16414E-1 4.16414E-1 4.16414E-1 4.16414E-1 4.16414E-1 4.16414E-1 4.20618E-1 4.2215E-1 4.22916E-1 4.22916E-1 4.22916E-1 4.22916E-1 4.29831E-1 4.8464E-1 5.00733E-1 5.05838E-1 5.05838E-1 5.05838E-1 5.05838E-1 4.99163E-1 4.77191E-1 4.721E-1 4.70143E-1 4.70143E-1 4.70143E-1 4.70143E-1 4.61155E-1 4.29831E-1 4.26754E-1 4.25602E-1 4.25602E-1 4.25602E-1 4.25602E-1 4.25602E-1 4.25602E-1 4.25602E-1 4.25602E-1 4.25602E-1 4.25602E-1 4.25602E-1 4.64279E-1 4.92489E-1 4.96414E-1 4.96807E-1 4.96807E-1 4.96807E-1 4.96807E-1 6.8848E-1 7.2722E-1 7.3161E-1 7.3161E-1 7.3161E-1 7.3161E-1 7.3161E-1 7.16829E-1 7.09771E-1
4.17177E-1 4.17177E-1 4.16796E-1 4.16414E-1 4.16032E-1 4.16032E-1 4.16032E-1 4.16032E-1 4.16032E-1 4.16414E-1 4.16414E-1 4.16414E-1 4.16414E-1 4.16414E-1 4.16414E-1 4.16414E-1 4.20618E-1 4.2215E-1 4.22916E-1 4.22916E-1 4.22916E-1 4.22916E-1 4.29831E-1 4.8464E-1 5.00733E-1 5.05838E-1 5.05838E-1 5.05838E-1 5.05838E-1 4.99163E-1 4.77191E-1 4.721E-1 4.70143E-1 4.70143E-1 4.70143E-1 4.70143E-1 4.61155E-1 4.29831E-1 4.26754E-1 4.25602E-1 4.25602E-1 4.25602E-1 4.25602E-1 4.25602E-1 4.25602E-1 4.25602E-1 4.25602E-1 4.25602E-1 4.25602E-1 4.25602E-1 4.64279E-1 4.92489E-1 4.96414E-1 4.96807E-1 4.96807E-1 4.96807E-1 4.96807E-1 6.8848E-1 7.2722E-1 7.3161E-1 7.3161E-1 7.3161E-1 7.3161E-1 7.3161E-1 7.16829E-1 7.09771E-1
4.16414E-1 4.16414E-1 4.16032E-1 4.15651E-1 4.15269E-1 4.15269E-1 4.15269E-1 4.15269E-1 4.15269E-1 4.15269E-1 4.15651E-1 4.15651E-1 4.15651E-1 4.15651E-1 4.15651E-1 4.15651E-1 4.19088E-1 4.21001E-1 4.21384E-1 4.21384E-1 4.21384E-1 4.21384E-1 4.28292E-1 4.81502E-1 4.972E-1 5.02304E-1 5.02304E-1 5.02304E-1 5.02304E-1 4.96807E-1 4.77583E-1 4.72882E-1 4.71317E-1 4.71317E-1 4.71317E-1 4.71317E-1 4.63497E-1 4.33684E-1 4.30986E-1 4.30216E-1 4.30216E-1 4.30216E-1 4.30216E-1 4.30986E-1 4.32527E-1 4.32913E-1 4.32913E-1 4.32913E-1 4.32913E-1 4.32913E-1 4.65451E-1 4.87386E-1 4.90526E-1 4.90526E-1 4.90526E-1 4.90526E-1 4.90526E-1 6.82028E-1 7.1784E-1 7.21939E-1 7.21939E-1 7.21939E-1 7.21939E-1 7.21939E-1 7.0795E-1 7.01245E-1
4.13745E-1 4.13745E-1 4.12983E-1 4.12602E-1 4.12222E-1 4.12222E-1 4.12222E-1 4.12222E-1 4.12222E-1 4.12222E-1 4.12222E-1 4.12222E-1 4.12222E-1 4.12222E-1 4.12222E-1 4.12222E-1 4.14507E-1 4.15269E-1 4.15651E-1 4.15651E-1 4.15651E-1 4.15651E-1 4.21384E-1 4.70143E-1 4.84248E-1 4.88956E-1 4.88956E-1 4.88956E-1 4.88956E-1 4.86602E-1 4.78758E-1 4.76799E-1 4.76407E-1 4.76407E-1 4.76407E-1 4.76407E-1 4.71708E-1 4.61155E-1 4.59594E-1 4.58814E-1 4.58814E-1 4.58814E-1 4.58814E-1 4.63497E-1 4.70534E-1 4.71708E-1 4.71708E-1 4.71708E-1 4.71708E-1 4.71708E-1 4.69361E-1 4.67014E-1 4.67014E-1 4.67014E-1 4.67014E-1 4.67014E-1 4.67014E-1 6.15858E-1 6.80862E-1 6.83606E-1 6.83606E-1 6.83606E-1 6.83606E-1 6.83606E-1 6.60234E-1 6.46027E-1
4.11081E-1 4.11081E-1 4.1032E-1 4.0994E-1 4.0956E-1 4.0956E-1 4.0956E-1 4.0956E-1 4.0956E-1 4.0956E-1 4.0956E-1 4.0956E-1 4.0956E-1 4.0956E-1 4.0956E-1 4.0956E-1 4.1032E-1 4.107E-1 4.107E-1 4.107E-1 4.107E-1 4.107E-1 4.16032E-1 4.60765E-1 4.73274E-1 4.77583E-1 4.77583E-1 4.77583E-1 4.77583E-1 4.77974E-1 4.79934E-1 4.80326E-1 4.80326E-1 4.80326E-1 4.80326E-1 4.80326E-1 4.78366E-1 4.74449E-1 4.73666E-1 4.73274E-1 4.73274E-1 4.73274E-1 4.73274E-1 4.8111E-1 4.92881E-1 4.94451E-1 4.94844E-1 4.94844E-1 4.94844E-1 4.94844E-1 4.72882E-1 4.38705E-1 4.35614E-1 4.35614E-1 4.35614E-1 4.35614E-1 4.35614E-1 5.25448E-1 5.9009E-1 5.94382E-1 5.94382E-1 5.94382E-1 5.94382E-1 5.94382E-1 5.53534E-1 5.37961E-1
4.0994E-1 4.0994E-1 4.09181E-1 4.08801E-1 4.08422E-1 4.08422E-1 4.08422E-1 4.08422E-1 4.08422E-1 4.08422E-1 4.08422E-1 4.08422E-1 4.08422E-1 4.08422E-1 4.08422E-1 4.08422E-1 4.08422E-1 4.08422E-1 4.08422E-1 4.08422E-1 4.08422E-1 4.08422E-1 4.13364E-1 4.56475E-1 4.68187E-1 4.721E-1 4.721E-1 4.721E-1 4.721E-1 4.74057E-1 4.80326E-1 4.81895E-1 4.82287E-1 4.82287E-1 4.82287E-1 4.82287E-1 4.81895E-1 4.80718E-1 4.80326E-1 4.80326E-1 4.80326E-1 4.80326E-1 4.80326E-1 4.89741E-1 5.03482E-1 5.05445E-1 5.05838E-1 5.05838E-1 5.05838E-1 5.05838E-1 4.74449E-1 4.30986E-1 4.26754E-1 4.2637E-1 4.2637E-1 4.2637E-1 4.2637E-1 4.80326E-1 5.10548E-1 5.1408E-1 5.1408E-1 5.1408E-1 5.1408E-1 5.1408E-1 4.87779E-1 4.75624E-1
4.0994E-1 4.0994E-1 4.09181E-1 4.08801E-1 4.08422E-1 4.08422E-1 4.08422E-1 4.08422E-1 4.08422E-1 4.08422E-1 4.08422E-1 4.08422E-1 4.08422E-1 4.08422E-1 4.08422E-1 4.08422E-1 4.08422E-1 4.08422E-1 4.08422E-1 4.08422E-1 4.08422E-1 4.08422E-1 4.13364E-1 4.56475E-1 4.68187E-1 4.721E-1 4.721E-1 4.721E-1 4.721E-1 4.74057E-1 4.80326E-1 4.81895E-1 4.82287E-1 4.82287E-1 4.82287E-1 4.82287E-1 4.81895E-1 4.80718E-1 4.80326E-1 4.80326E-1 4.80326E-1 4.80326E-1 4.80326E-1 4.89741E-1 5.03482E-1 5.05445E-1 5.05838E-1 5.05838E-1 5.05838E-1 5.05838E-1 4.74449E-1 4.30986E-1 4.26754E-1 4.2637E-1 4.2637E-1 4.2637E-1 4.2637E-1 4.80326E-1 5.10548E-1 5.1408E-1 5.1408E-1 5.1408E-1 5.1408E-1 5.1408E-1 4.87779E-1 4.75624E-1
4.0994E-1 4.0994E-1 4.09181E-1 4.08801E-1 4.08422E-1 4.08422E-1 4.08422E-1 4.08422E-1 4.08422E-1 4.08422E-1 4.08422E-1 4.08422E-1 4.08422E-1 4.08422E-1 4.08422E-1 4.08422E-1 4.08422E-1 4.08422E-1 4.08422E-1 4.08422E-1 4.08422E-1 4.08422E-1 4.13364E-1 4.56475E-1 4.68187E-1 4.721E-1 4.721E-1 4.721E-1 4.721E-1 4.74057E-1 4.80326E-1 4.81895E-1 4.82287E-1 4.82287E-1 4.82287E-1 4.82287E-1 4.81895E-1 4.80718E-1 4.80326E-1 4.80326E-1 4.80326E-1 4.80326E-1 4.80326E-1 4.89741E-1 5.03482E-1 5.05445E-1 5.05838E-1 5.05838E-1 5.05838E-1 5.05838E-1 4.74449E-1 4.30986E-1 4.26754E-1 4.2637E-1 4.2637E-1 4.2637E-1 4.2637E-1 4.80326E-1 5.10548E-1 5.1408E-1 5.1408E-1 5.1408E-1 5.1408E-1 5.1408E-1 4.87779E-1 4.75624E-1
4.0994E-1 4.0994E-1 4.09181E-1 4.08801E-1 4.08422E-1 4.08422E-1 4.08422E-1 4.08422E-1 4.08422E-1 4.08422E-1 4.08422E-1 4.08422E-1 4.08422E-1 4.08422E-1 4.08422E-1 4.08422E-1 4.08422E-1 4.08422E-1 4.08422E-1 4.08422E-1 4.08422E-1 4.08422E-1 4.13364E-1 4.56475E-1 4.68187E-1 4.721E-1 4.721E-1 4.721E-1 4.721E-1 4.74057E-1 4.80326E-1 4.81895E-1 4.82287E-1 4.82287E-1 4.82287E-1 4.82287E-1 4.81895E-1 4.80718E-1 4.80326E-1 4.80326E-1 4.80326E-1 4.80326E-1 4.80326E-1 4.89741E-1 5.03482E-1 5.05445E-1 5.05838E-1 5.05838E-1 5.05838E-1 5.05838E-1 4.74449E-1 4.30986E-1 4.26754E-1 4.2637E-1 4.2637E-1 4.2637E-1 4.2637E-1 4.80326E-1 5.10548E-1 5.1408E-1 5.1408E-1 5.1408E-1 5.1408E-1 5.1408E-1 4.87779E-1 4.75624E-1
4.12602E-1 4.12602E-1 4.107E-1 4.09181E-1 4.08422E-1 4.08422E-1 4.08422E-1 4.08422E-1 4.08422E-1 4.08422E-1 4.08422E-1 4.08422E-1 4.08422E-1 4.08422E-1 4.08422E-1 4.08422E-1 4.12222E-1 4.14126E-1 4.14888E-1 4.14888E-1 4.14888E-1 4.14888E-1 4.19853E-1 4.62326E-1 4.74057E-1 4.77583E-1 4.77583E-1 4.77583E-1 4.77583E-1 4.78366E-1 4.81502E-1 4.82287E-1 4.82679E-1 4.82679E-1 4.82679E-1 4.82679E-1 4.83071E-1 4.84248E-1 4.84248E-1 4.84248E-1 4.84248E-1 4.84248E-1 4.84248E-1 4.93274E-1 5.0623E-1 5.08193E-1 5.08586E-1 5.08586E-1 5.08586E-1 5.08586E-1 4.77191E-1 4.33298E-1 4.28676E-1 4.28676E-1 4.28676E-1 4.28676E-1 4.28676E-1 4.74057E-1 4.98378E-1 5.01519E-1 5.01519E-1 5.01519E-1 5.01519E-1 5.01519E-1 4.78758E-1 4.68187E-1
4.18706E-1 4.18706E-1 4.14126E-1 4.0994E-1 4.08422E-1 4.08422E-1 4.08422E-1 4.08422E-1 4.08422E-1 4.08422E-1 4.08422E-1 4.08422E-1 4.08422E-1 4.08422E-1 4.08422E-1 4.08801E-1 4.2215E-1 4.28676E-1 4.30986E-1 4.30986E-1 4.30986E-1 4.30986E-1 4.35614E-1 4.77191E-1 4.88171E-1 4.91703E-1 4.91703E-1 4.91703E-1 4.91703E-1 4.90133E-1 4.85032E-1 4.83855E-1 4.83463E-1 4.83463E-1 4.83463E-1 4.83463E-1 4.86209E-1 4.92881E-1 4.93666E-1 4.94059E-1 4.94059E-1 4.94059E-1 4.94059E-1 5.01911E-1 5.13295E-1 5.14864E-1 5.14864E-1 5.14864E-1 5.14864E-1 5.14864E-1 4.83071E-1 4.39092E-1 4.34455E-1 4.3407E-1 4.3407E-1 4.3407E-1 4.3407E-1 4.59204E-1 4.68578E-1 4.70143E-1 4.70143E-1 4.70143E-1 4.70143E-1 4.70143E-1 4.56086E-1 4.37932E-1
4.23683E-1 4.23683E-1 4.16796E-1 4.107E-1 4.08422E-1 4.08422E-1 4.08422E-1 4.08422E-1 4.08422E-1 4.08422E-1 4.08422E-1 4.08422E-1 4.08422E-1 4.08422E-1 4.08422E-1 4.09181E-1 4.29446E-1 4.39866E-1 4.54917E-1 4.54917E-1 4.54917E-1 4.54917E-1 4.59594E-1 4.88171E-1 4.9877E-1 5.02304E-1 5.02304E-1 5.02304E-1 5.02304E-1 4.9877E-1 4.87779E-1 4.85032E-1 4.84248E-1 4.84248E-1 4.84248E-1 4.84248E-1 4.88956E-1 4.99163E-1 5.01126E-1 5.01519E-1 5.01519E-1 5.01519E-1 5.01519E-1 5.08193E-1 5.18394E-1 5.19962E-1 5.19962E-1 5.19962E-1 5.19962E-1 5.19962E-1 4.87779E-1 4.54528E-1 4.38705E-1 4.38318E-1 4.38318E-1 4.38318E-1 4.38318E-1 4.36386E-1 4.34841E-1 4.34841E-1 4.34841E-1 4.34841E-1 4.34841E-1 4.34841E-1 4.27523E-1 4.24067E-1
4.25218E-1 4.25218E-1 4.17941E-1 4.11081E-1 4.08422E-1 4.08422E-1 4.08422E-1 4.08422E-1 4.08422E-1 4.08422E-1 4.08422E-1 4.08422E-1 4.08422E-1 4.08422E-1 4.08422E-1 4.09181E-1 4.32142E-1 4.55307E-1 4.59204E-1 4.59204E-1 4.59204E-1 4.59204E-1 4.63888E-1 4.92096E-1 5.02697E-1 5.05838E-1 5.05838E-1 5.05838E-1 5.05838E-1 5.01911E-1 4.88956E-1 4.85817E-1 4.8464E-1 4.8464E-1 4.8464E-1 4.8464E-1 4.89741E-1 5.01519E-1 5.03482E-1 5.04267E-1 5.04267E-1 5.04267E-1 5.04267E-1 5.10548E-1 5.20354E-1 5.2153E-1 5.21922E-1 5.21922E-1 5.21922E-1 5.21922E-1 4.89348E-1 4.56086E-1 4.51803E-1 4.39866E-1 4.39866E-1 4.39866E-1 4.39866E-1 4.32527E-1 4.27138E-1 4.26754E-1 4.26754E-1 4.26754E-1 4.26754E-1 4.26754E-1 4.21767E-1 4.1947E-1
4.25218E-1 4.25218E-1 4.17941E-1 4.11081E-1 4.08422E-1 4.08422E-1 4.08422E-1 4.08422E-1 4.08422E-1 4.08422E-1 4.08422E-1 4.08422E-1 4.08422E-1 4.08422E-1 4.08422E-1 4.09181E-1 4.32142E-1 4.55307E-1 4.59204E-1 4.59204E-1 4.59204E-1 4.59204E-1 4.63888E-1 4.92096E-1 5.02697E-1 5.05838E-1 5.05838E-1 5.05838E-1 5.05838E-1 5.01911E-1 4.88956E-1 4.85817E-1 4.8464E-1 4.8464E-1 4.8464E-1 4.8464E-1 4.89741E-1 5.01519E-1 5.03482E-1 5.04267E-1 5.04267E-1 5.04267E-1 5.04267E-1 5.10548E-1 5.20354E-1 5.2153E-1 5.21922E-1 5.21922E-1 5.21922E-1 5.21922E-1 4.89348E-1 4.56086E-1 4.51803E-1 4.39866E-1 4.39866E-1 4.39866E-1 4.39866E-1 4.32527E-1 4.27138E-1 4.26754E-1 4.26754E-1 4.26754E-1 4.26754E-1 4.26754E-1 4.21767E-1 4.1947E-1
4.25218E-1 4.25218E-1 4.17941E-1 4.11081E-1 4.08422E-1 4.08422E-1 4.08422E-1 4.08422E-1 4.08422E-1 4.08422E-1 4.08422E-1 4.08422E-1 4.08422E-1 4.08422E-1 4.08422E-1 4.09181E-1 4.32142E-1 4.55307E-1 4.59204E-1 4.59204E-1 4.59204E-1 4.59204E-1 4.63888E-1 4.92096E-1 5.02697E-1 5.05838E-1 5.05838E-1 5.05838E-1 5.05838E-1 5.01911E-1 4.88956E-1 4.85817E-1 4.8464E-1 4.8464E-1 4.8464E-1 4.8464E-1 4.89741E-1 5.01519E-1 5.03482E-1 5.04267E-1 5.04267E-1 5.04267E-1 5.04267E-1 5.10548E-1 5.20354E-1 5.2153E-1 5.21922E-1 5.21922E-1 5.21922E-1 5.21922E-1 4.89348E-1 4.56086E-1 4.51803E-1 4.39866E-1 4.39866E-1 4.39866E-1 4.39866E-1 4.32527E-1 4.27138E-1 4.26754E-1 4.26754E-1 4.26754E-1 4.26754E-1 4.26754E-1 4.21767E-1 4.1947E-1
