outputpop/cholera.asc
ncols         500
nrows         376
xllcorner     -74.6
yllcorner     17.9
cellsize      0.00606666666666658
NODATA_value  -9999
[rows 120 to 149 of 376, columns 396 to 461 of 500]
4.77583E-1 4.77583E-1 4.77583E-1 4.77583E-1 4.78366E-1 4.89348E-1 4.92881E-1 4.93274E-1 4.93274E-1 4.93274E-1 4.93274E-1 4.94059E-1 4.97592E-1 4.97985E-1 4.97985E-1 4.97985E-1 4.97985E-1 4.97985E-1 4.94844E-1 4.85817E-1 4.85425E-1 4.85425E-1 4.85425E-1 4.85425E-1 4.85425E-1 4.76407E-1 4.60375E-1 4.60375E-1 4.60375E-1 4.60375E-1 4.60375E-1 4.58424E-1 4.20618E-1 3.89593E-1 3.89593E-1 3.89593E-1 3.89593E-1 3.89593E-1 3.8922E-1 3.85865E-1 3.83263E-1 3.83263E-1 3.83263E-1 3.83263E-1 3.82891E-1 3.8252E-1 3.76603E-1 3.7329E-1 3.7329E-1 3.7329E-1 3.7329E-1 3.74393E-1 3.7734E-1 4.01987E-1 4.107E-1 4.107E-1 4.107E-1 4.107E-1 4.13364E-1 4.22916E-1 4.70143E-1 4.78758E-1 4.78758E-1 4.78758E-1 4.78758E-1 4.78758E-1
4.76015E-1 4.76015E-1 4.76015E-1 4.76015E-1 4.76799E-1 4.88171E-1 4.91703E-1 4.91703E-1 4.91703E-1 4.91703E-1 4.91703E-1 4.92489E-1 4.96807E-1 4.97592E-1 4.97592E-1 4.97592E-1 4.97592E-1 4.97592E-1 4.94844E-1 4.87386E-1 4.87386E-1 4.87386E-1 4.87386E-1 4.87386E-1 4.86994E-1 4.78758E-1 4.63888E-1 4.63888E-1 4.63888E-1 4.63888E-1 4.63888E-1 4.61936E-1 4.22916E-1 3.90714E-1 3.90714E-1 3.90714E-1 3.90714E-1 3.90714E-1 3.9034E-1 3.88473E-1 3.86982E-1 3.86982E-1 3.86982E-1 3.86982E-1 3.86609E-1 3.85865E-1 3.79187E-1 3.75497E-1 3.75497E-1 3.75497E-1 3.75497E-1 3.76603E-1 3.79927E-1 4.06147E-1 4.15651E-1 4.15651E-1 4.15651E-1 4.15651E-1 4.17941E-1 4.2637E-1 4.69361E-1 4.76799E-1 4.76799E-1 4.76799E-1 4.76799E-1 4.76799E-1
4.76015E-1 4.76015E-1 4.76015E-1 4.76015E-1 4.76799E-1 4.88171E-1 4.91703E-1 4.91703E-1 4.91703E-1 4.91703E-1 4.91703E-1 4.92489E-1 4.96807E-1 4.97592E-1 4.97592E-1 4.97592E-1 4.97592E-1 4.97592E-1 4.94844E-1 4.87386E-1 4.87386E-1 4.87386E-1 4.87386E-1 4.87386E-1 4.86994E-1 4.78758E-1 4.63888E-1 4.63888E-1 4.63888E-1 4.63888E-1 4.63888E-1 4.61936E-1 4.22916E-1 3.90714E-1 3.90714E-1 3.90714E-1 3.90714E-1 3.90714E-1 3.9034E-1 3.88473E-1 3.86982E-1 3.86982E-1 3.86982E-1 3.86982E-1 3.86609E-1 3.85865E-1 3.79187E-1 3.75497E-1 3.75497E-1 3.75497E-1 3.75497E-1 3.76603E-1 3.79927E-1 4.06147E-1 4.15651E-1 4.15651E-1 4.15651E-1 4.15651E-1 4.17941E-1 4.2637E-1 4.69361E-1 4.76799E-1 4.76799E-1 4.76799E-1 4.76799E-1 4.76799E-1
4.76015E-1 4.76015E-1 4.76015E-1 4.76015E-1 4.76799E-1 4.88171E-1 4.91703E-1 4.91703E-1 4.91703E-1 4.91703E-1 4.91703E-1 4.92489E-1 4.96807E-1 4.97592E-1 4.97592E-1 4.97592E-1 4.97592E-1 4.97592E-1 4.94844E-1 4.87386E-1 4.87386E-1 4.87386E-1 4.87386E-1 4.87386E-1 4.86994E-1 4.78758E-1 4.63888E-1 4.63888E-1 4.63888E-1 4.63888E-1 4.63888E-1 4.61936E-1 4.22916E-1 3.90714E-1 3.90714E-1 3.90714E-1 3.90714E-1 3.90714E-1 3.9034E-1 3.88473E-1 3.86982E-1 3.86982E-1 3.86982E-1 3.86982E-1 3.86609E-1 3.85865E-1 3.79187E-1 3.75497E-1 3.75497E-1 3.75497E-1 3.75497E-1 3.76603E-1 3.79927E-1 4.06147E-1 4.15651E-1 4.15651E-1 4.15651E-1 4.15651E-1 4.17941E-1 4.2637E-1 4.69361E-1 4.76799E-1 4.76799E-1 4.76799E-1 4.76799E-1 4.76799E-1
4.76015E-1 4.76015E-1 4.76015E-1 4.76015E-1 4.76799E-1 4.88171E-1 4.91703E-1 4.91703E-1 4.91703E-1 4.91703E-1 4.91703E-1 4.92489E-1 4.96807E-1 4.97592E-1 4.97592E-1 4.97592E-1 4.97592E-1 4.97592E-1 4.94844E-1 4.87386E-1 4.87386E-1 4.87386E-1 4.87386E-1 4.87386E-1 4.86994E-1 4.78758E-1 4.63888E-1 4.63888E-1 4.63888E-1 4.63888E-1 4.63888E-1 4.61936E-1 4.22916E-1 3.90714E-1 3.90714E-1 3.90714E-1 3.90714E-1 3.90714E-1 3.9034E-1 3.88473E-1 3.86982E-1 3.86982E-1 3.86982E-1 3.86982E-1 3.86609E-1 3.85865E-1 3.79187E-1 3.75497E-1 3.75497E-1 3.75497E-1 3.75497E-1 3.76603E-1 3.79927E-1 4.06147E-1 4.15651E-1 4.15651E-1 4.15651E-1 4.15651E-1 4.17941E-1 4.2637E-1 4.69361E-1 4.76799E-1 4.76799E-1 4.76799E-1 4.76799E-1 4.76799E-1
4.76015E-1 4.76015E-1 4.76015E-1 4.76015E-1 4.76799E-1 4.87386E-1 4.90526E-1 4.90526E-1 4.90526E-1 4.90526E-1 4.90526E-1 4.91703E-1 4.95629E-1 4.96414E-1 4.96414E-1 4.96414E-1 4.96414E-1 4.96414E-1 4.94059E-1 4.87386E-1 4.86994E-1 4.86994E-1 4.86994E-1 4.86994E-1 4.86602E-1 4.78366E-1 4.63107E-1 4.63107E-1 4.63107E-1 4.63107E-1 4.63107E-1 4.61155E-1 4.22533E-1 3.91088E-1 3.91088E-1 3.91088E-1 3.91088E-1 3.91088E-1 3.90714E-1 3.88846E-1 3.87354E-1 3.87354E-1 3.87354E-1 3.87354E-1 3.87354E-1 3.86609E-1 3.80297E-1 3.76972E-1 3.76972E-1 3.76972E-1 3.76972E-1 3.78079E-1 3.81038E-1 4.04254E-1 4.12602E-1 4.12602E-1 4.12602E-1 4.12602E-1 4.14888E-1 4.22916E-1 4.64669E-1 4.71708E-1 4.71708E-1 4.71708E-1 4.71708E-1 4.721E-1
4.76015E-1 4.76015E-1 4.76015E-1 4.76015E-1 4.76407E-1 4.82679E-1 4.8464E-1 4.85032E-1 4.85032E-1 4.85032E-1 4.85032E-1 4.85817E-1 4.88956E-1 4.89348E-1 4.89348E-1 4.89348E-1 4.89348E-1 4.89348E-1 4.88564E-1 4.86209E-1 4.86209E-1 4.86209E-1 4.86209E-1 4.86209E-1 4.85425E-1 4.76015E-1 4.58814E-1 4.58814E-1 4.58814E-1 4.58814E-1 4.58814E-1 4.56865E-1 4.21001E-1 3.92211E-1 3.92211E-1 3.92211E-1 3.92211E-1 3.92211E-1 3.92211E-1 3.91088E-1 3.9034E-1 3.9034E-1 3.9034E-1 3.9034E-1 3.89967E-1 3.89593E-1 3.86609E-1 3.85121E-1 3.85121E-1 3.85121E-1 3.85121E-1 3.85493E-1 3.86237E-1 3.94084E-1 3.96712E-1 3.96712E-1 3.96712E-1 3.96712E-1 3.98593E-1 4.04632E-1 4.28292E-1 4.3407E-1 4.3407E-1 4.3407E-1 4.3407E-1 4.34841E-1
4.76015E-1 4.76015E-1 4.76015E-1 4.76015E-1 4.76407E-1 4.80326E-1 4.81502E-1 4.81895E-1 4.81895E-1 4.81895E-1 4.81895E-1 4.82287E-1 4.85032E-1 4.85425E-1 4.85425E-1 4.85425E-1 4.85425E-1 4.85425E-1 4.85425E-1 4.85425E-1 4.85425E-1 4.85425E-1 4.85425E-1 4.85425E-1 4.85032E-1 4.74449E-1 4.56475E-1 4.56475E-1 4.56475E-1 4.56475E-1 4.56475E-1 4.54528E-1 4.20236E-1 3.9296E-1 3.9296E-1 3.9296E-1 3.9296E-1 3.9296E-1 3.9296E-1 3.92211E-1 3.91836E-1 3.91836E-1 3.91836E-1 3.91836E-1 3.91836E-1 3.91836E-1 3.9034E-1 3.89593E-1 3.89593E-1 3.89593E-1 3.89593E-1 3.89593E-1 3.89593E-1 3.88473E-1 3.881E-1 3.881E-1 3.881E-1 3.881E-1 3.89593E-1 3.94835E-1 4.14888E-1 4.19853E-1 4.19853E-1 4.19853E-1 4.19853E-1 4.20618E-1
4.76015E-1 4.76015E-1 4.76015E-1 4.76015E-1 4.76407E-1 4.79542E-1 4.80326E-1 4.80326E-1 4.80326E-1 4.80326E-1 4.80326E-1 4.80718E-1 4.83463E-1 4.83855E-1 4.83855E-1 4.83855E-1 4.83855E-1 4.83855E-1 4.84248E-1 4.85032E-1 4.85032E-1 4.85032E-1 4.85032E-1 4.85032E-1 4.8464E-1 4.74057E-1 4.55307E-1 4.55307E-1 4.55307E-1 4.55307E-1 4.55307E-1 4.53749E-1 4.19853E-1 3.93334E-1 3.93334E-1 3.93334E-1 3.93334E-1 3.93334E-1 3.93334E-1 3.9296E-1 3.92585E-1 3.92585E-1 3.92585E-1 3.92585E-1 3.92585E-1 3.92585E-1 3.92211E-1 3.91836E-1 3.91836E-1 3.91836E-1 3.91836E-1 3.91462E-1 3.91088E-1 3.85865E-1 3.84005E-1 3.84005E-1 3.84005E-1 3.84005E-1 3.85493E-1 3.9034E-1 4.09181E-1 4.13364E-1 4.13364E-1 4.13364E-1 4.13364E-1 4.14507E-1
4.76015E-1 4.76015E-1 4.76015E-1 4.76015E-1 4.76407E-1 4.79542E-1 4.80326E-1 4.80326E-1 4.80326E-1 4.80326E-1 4.80326E-1 4.80718E-1 4.83463E-1 4.83855E-1 4.83855E-1 4.83855E-1 4.83855E-1 4.83855E-1 4.84248E-1 4.85032E-1 4.85032E-1 4.85032E-1 4.85032E-1 4.85032E-1 4.8464E-1 4.74057E-1 4.55307E-1 4.55307E-1 4.55307E-1 4.55307E-1 4.55307E-1 4.53749E-1 4.19853E-1 3.93334E-1 3.93334E-1 3.93334E-1 3.93334E-1 3.93334E-1 3.93334E-1 3.9296E-1 3.92585E-1 3.92585E-1 3.92585E-1 3.92585E-1 3.92585E-1 3.92585E-1 3.92211E-1 3.91836E-1 3.91836E-1 3.91836E-1 3.91836E-1 3.91462E-1 3.91088E-1 3.85865E-1 3.84005E-1 3.84005E-1 3.84005E-1 3.84005E-1 3.85493E-1 3.9034E-1 4.09181E-1 4.13364E-1 4.13364E-1 4.13364E-1 4.13364E-1 4.14507E-1
4.76015E-1 4.76015E-1 4.76015E-1 4.76015E-1 4.76407E-1 4.79542E-1 4.80326E-1 4.80326E-1 4.80326E-1 4.80326E-1 4.80326E-1 4.80718E-1 4.83463E-1 4.83855E-1 4.83855E-1 4.83855E-1 4.83855E-1 4.83855E-1 4.84248E-1 4.85032E-1 4.85032E-1 4.85032E-1 4.85032E-1 4.85032E-1 4.8464E-1 4.74057E-1 4.55307E-1 4.55307E-1 4.55307E-1 4.55307E-1 4.55307E-1 4.53749E-1 4.19853E-1 3.93334E-1 3.93334E-1 3.93334E-1 3.93334E-1 3.93334E-1 3.93334E-1 3.9296E-1 3.92585E-1 3.92585E-1 3.92585E-1 3.92585E-1 3.92585E-1 3.92585E-1 3.92211E-1 3.91836E-1 3.91836E-1 3.91836E-1 3.91836E-1 3.91462E-1 3.91088E-1 3.85865E-1 3.84005E-1 3.84005E-1 3.84005E-1 3.84005E-1 3.85493E-1 3.9034E-1 4.09181E-1 4.13364E-1 4.13364E-1 4.13364E-1 4.13364E-1 4.14507E-1
4.76015E-1 4.76015E-1 4.76015E-1 4.76015E-1 4.76407E-1 4.79542E-1 4.80326E-1 4.80326E-1 4.80326E-1 4.80326E-1 4.80326E-1 4.80718E-1 4.83463E-1 4.83855E-1 4.83855E-1 4.83855E-1 4.83855E-1 4.83855E-1 4.84248E-1 4.85032E-1 4.85032E-1 4.85032E-1 4.85032E-1 4.85032E-1 4.8464E-1 4.74057E-1 4.55307E-1 4.55307E-1 4.55307E-1 4.55307E-1 4.55307E-1 4.53749E-1 4.19853E-1 3.93334E-1 3.93334E-1 3.93334E-1 3.93334E-1 3.93334E-1 3.93334E-1 3.9296E-1 3.92585E-1 3.92585E-1 3.92585E-1 3.92585E-1 3.92585E-1 3.92585E-1 3.92211E-1 3.91836E-1 3.91836E-1 3.91836E-1 3.91836E-1 3.91462E-1 3.91088E-1 3.85865E-1 3.84005E-1 3.84005E-1 3.84005E-1 3.84005E-1 3.85493E-1 3.9034E-1 4.09181E-1 4.13364E-1 4.13364E-1 4.13364E-1 4.13364E-1 4.14507E-1
4.71317E-1 4.71317E-1 4.71317E-1 4.71317E-1 4.71708E-1 4.77583E-1 4.79542E-1 4.79542E-1 4.79542E-1 4.79542E-1 4.79542E-1 4.79934E-1 4.81895E-1 4.82287E-1 4.82287E-1 4.82287E-1 4.82287E-1 4.82287E-1 4.80326E-1 4.75232E-1 4.75232E-1 4.75232E-1 4.75232E-1 4.75232E-1 4.7484E-1 4.65451E-1 4.37932E-1 4.37932E-1 4.37932E-1 4.37932E-1 4.37932E-1 4.36386E-1 4.17941E-1 3.95961E-1 3.95961E-1 3.95961E-1 3.95961E-1 3.95961E-1 3.95961E-1 3.95585E-1 3.9521E-1 3.9521E-1 3.9521E-1 3.9521E-1 3.9521E-1 3.9521E-1 3.94459E-1 3.94084E-1 3.94084E-1 3.94084E-1 3.94084E-1 3.93709E-1 3.9296E-1 3.86237E-1 3.84005E-1 3.84005E-1 3.84005E-1 3.84005E-1 3.85121E-1 3.8922E-1 4.04632E-1 4.08042E-1 4.08042E-1 4.08042E-1 4.08042E-1 4.0956E-1
4.56865E-1 4.56865E-1 4.56865E-1 4.56865E-1 4.58034E-1 4.72491E-1 4.76799E-1 4.76799E-1 4.76799E-1 4.76799E-1 4.76799E-1 4.77191E-1 4.77583E-1 4.77583E-1 4.77583E-1 4.77583E-1 4.77583E-1 4.77191E-1 4.68578E-1 4.33684E-1 4.32913E-1 4.32913E-1 4.32913E-1 4.32913E-1 4.32913E-1 4.27907E-1 4.1947E-1 4.1947E-1 4.1947E-1 4.1947E-1 4.1947E-1 4.19088E-1 4.12602E-1 4.04632E-1 4.04632E-1 4.04632E-1 4.04632E-1 4.04632E-1 4.04632E-1 4.04254E-1 4.03876E-1 4.03876E-1 4.03876E-1 4.03876E-1 4.03876E-1 4.03876E-1 4.01609E-1 4.00477E-1 4.00477E-1 4.00477E-1 4.00477E-1 4.001E-1 3.98593E-1 3.87727E-1 3.83634E-1 3.83634E-1 3.83634E-1 3.83634E-1 3.84005E-1 3.85121E-1 3.9034E-1 3.91462E-1 3.91462E-1 3.91462E-1 3.91462E-1 3.93709E-1
4.39092E-1 4.39092E-1 4.39092E-1 4.39092E-1 4.52192E-1 4.70143E-1 4.75624E-1 4.76015E-1 4.76015E-1 4.76015E-1 4.76015E-1 4.76015E-1 4.75232E-1 4.75232E-1 4.75232E-1 4.75232E-1 4.75232E-1 4.75232E-1 4.63497E-1 4.20618E-1 4.19853E-1 4.19853E-1 4.19853E-1 4.19853E-1 4.19853E-1 4.16796E-1 4.11461E-1 4.11461E-1 4.11461E-1 4.11461E-1 4.11461E-1 4.11461E-1 4.0994E-1 4.08042E-1 4.08042E-1 4.08042E-1 4.08042E-1 4.08042E-1 4.08042E-1 4.08042E-1 4.07663E-1 4.07663E-1 4.07663E-1 4.07663E-1 4.07663E-1 4.07284E-1 4.04632E-1 4.0312E-1 4.0312E-1 4.0312E-1 4.0312E-1 4.02742E-1 4.00854E-1 3.881E-1 3.83263E-1 3.83263E-1 3.83263E-1 3.83263E-1 3.83263E-1 3.83634E-1 3.84377E-1 3.84377E-1 3.84377E-1 3.84377E-1 3.84377E-1 3.86982E-1
4.36386E-1 4.36386E-1 4.36386E-1 4.36386E-1 4.37932E-1 4.69361E-1 4.75232E-1 4.75624E-1 4.75624E-1 4.75624E-1 4.75624E-1 4.75624E-1 4.74449E-1 4.74449E-1 4.74449E-1 4.74449E-1 4.74449E-1 4.74057E-1 4.61545E-1 4.15269E-1 4.14507E-1 4.14507E-1 4.14507E-1 4.14507E-1 4.14507E-1 4.12222E-1 4.08422E-1 4.08422E-1 4.08422E-1 4.08422E-1 4.08422E-1 4.08422E-1 4.08801E-1 4.0956E-1 4.0956E-1 4.0956E-1 4.0956E-1 4.0956E-1 4.0956E-1 4.09181E-1 4.09181E-1 4.09181E-1 4.09181E-1 4.09181E-1 4.09181E-1 4.08801E-1 4.05768E-1 4.04254E-1 4.04254E-1 4.04254E-1 4.04254E-1 4.03498E-1 4.01987E-1 3.881E-1 3.83263E-1 3.83263E-1 3.83263E-1 3.83263E-1 3.83263E-1 3.82891E-1 3.8215E-1 3.81779E-1 3.81779E-1 3.81779E-1 3.81779E-1 3.84377E-1
4.36386E-1 4.36386E-1 4.36386E-1 4.36386E-1 4.37932E-1 4.69361E-1 4.75232E-1 4.75624E-1 4.75624E-1 4.75624E-1 4.75624E-1 4.75624E-1 4.74449E-1 4.74449E-1 4.74449E-1 4.74449E-1 4.74449E-1 4.74057E-1 4.61545E-1 4.15269E-1 4.14507E-1 4.14507E-1 4.14507E-1 4.14507E-1 4.14507E-1 4.12222E-1 4.08422E-1 4.08422E-1 4.08422E-1 4.08422E-1 4.08422E-1 4.08422E-1 4.08801E-1 4.0956E-1 4.0956E-1 4.0956E-1 4.0956E-1 4.0956E-1 4.0956E-1 4.09181E-1 4.09181E-1 4.09181E-1 4.09181E-1 4.09181E-1 4.09181E-1 4.08801E-1 4.05768E-1 4.04254E-1 4.04254E-1 4.04254E-1 4.04254E-1 4.03498E-1 4.01987E-1 3.881E-1 3.83263E-1 3.83263E-1 3.83263E-1 3.83263E-1 3.83263E-1 3.82891E-1 3.8215E-1 3.81779E-1 3.81779E-1 3.81779E-1 3.81779E-1 3.84377E-1
4.36386E-1 4.36386E-1 4.36386E-1 4.36386E-1 4.37932E-1 4.69361E-1 4.75232E-1 4.75624E-1 4.75624E-1 4.75624E-1 4.75624E-1 4.75624E-1 4.74449E-1 4.74449E-1 4.74449E-1 4.74449E-1 4.74449E-1 4.74057E-1 4.61545E-1 4.15269E-1 4.14507E-1 4.14507E-1 4.14507E-1 4.14507E-1 4.14507E-1 4.12222E-1 4.08422E-1 4.08422E-1 4.08422E-1 4.08422E-1 4.08422E-1 4.08422E-1 4.08801E-1 4.0956E-1 4.0956E-1 4.0956E-1 4.0956E-1 4.0956E-1 4.0956E-1 4.09181E-1 4.09181E-1 4.09181E-1 4.09181E-1 4.09181E-1 4.09181E-1 4.08801E-1 4.05768E-1 4.04254E-1 4.04254E-1 4.04254E-1 4.04254E-1 4.03498E-1 4.01987E-1 3.881E-1 3.83263E-1 3.83263E-1 3.83263E-1 3.83263E-1 3.83263E-1 3.82891E-1 3.8215E-1 3.81779E-1 3.81779E-1 3.81779E-1 3.81779E-1 3.84377E-1
4.36386E-1 4.36386E-1 4.36386E-1 4.36386E-1 4.37932E-1 4.69361E-1 4.75232E-1 4.75624E-1 4.75624E-1 4.75624E-1 4.75624E-1 4.75624E-1 4.74449E-1 4.74449E-1 4.74449E-1 4.74449E-1 4.74449E-1 4.74057E-1 4.61545E-1 4.15269E-1 4.14507E-1 4.14507E-1 4.14507E-1 4.14507E-1 4.14507E-1 4.12222E-1 4.08422E-1 4.08422E-1 4.08422E-1 4.08422E-1 4.08422E-1 4.08422E-1 4.08801E-1 4.0956E-1 4.0956E-1 4.0956E-1 4.0956E-1 4.0956E-1 4.0956E-1 4.09181E-1 4.09181E-1 4.09181E-1 4.09181E-1 4.09181E-1 4.09181E-1 4.08801E-1 4.05768E-1 4.04254E-1 4.04254E-1 4.04254E-1 4.04254E-1 4.03498E-1 4.01987E-1 3.881E-1 3.83263E-1 3.83263E-1 3.83263E-1 3.83263E-1 3.83263E-1 3.82891E-1 3.8215E-1 3.81779E-1 3.81779E-1 3.81779E-1 3.81779E-1 3.84377E-1
4.233E-1 4.233E-1 4.233E-1 4.233E-1 4.24834E-1 4.56086E-1 4.61936E-1 4.62326E-1 4.62326E-1 4.62326E-1 4.62326E-1 4.63888E-1 4.70143E-1 4.70925E-1 4.70925E-1 4.70925E-1 4.70925E-1 4.70925E-1 4.58424E-1 4.12222E-1 4.11461E-1 4.11461E-1 4.11461E-1 4.11461E-1 4.11841E-1 4.14126E-1 4.17941E-1 4.17941E-1 4.17941E-1 4.17941E-1 4.17941E-1 4.17941E-1 4.17177E-1 4.16414E-1 4.16414E-1 4.16414E-1 4.16414E-1 4.16414E-1 4.16032E-1 4.13745E-1 4.11841E-1 4.11841E-1 4.11841E-1 4.11841E-1 4.11461E-1 4.11081E-1 4.07663E-1 4.05389E-1 4.05389E-1 4.05389E-1 4.05389E-1 4.05011E-1 4.03498E-1 3.91088E-1 3.86609E-1 3.86609E-1 3.86609E-1 3.86609E-1 3.86237E-1 3.85493E-1 3.8252E-1 3.81779E-1 3.81779E-1 3.81779E-1 3.81779E-1 3.83634E-1
3.95961E-1 3.95961E-1 3.95961E-1 3.95961E-1 3.97464E-1 4.16796E-1 4.22533E-1 4.22916E-1 4.22916E-1 4.22916E-1 4.22916E-1 4.27523E-1 4.60765E-1 4.63888E-1 4.63888E-1 4.63888E-1 4.63888E-1 4.63888E-1 4.51803E-1 4.06147E-1 4.05389E-1 4.05389E-1 4.05389E-1 4.05389E-1 4.06147E-1 4.17559E-1 4.38705E-1 4.38705E-1 4.38705E-1 4.38705E-1 4.38705E-1 4.38318E-1 4.34841E-1 4.30601E-1 4.30601E-1 4.30601E-1 4.30601E-1 4.30601E-1 4.29831E-1 4.22916E-1 4.16796E-1 4.16796E-1 4.16796E-1 4.16796E-1 4.16796E-1 4.16414E-1 4.11081E-1 4.08042E-1 4.08042E-1 4.08042E-1 4.08042E-1 4.07663E-1 4.06526E-1 3.97088E-1 3.94084E-1 3.94084E-1 3.94084E-1 3.94084E-1 3.93334E-1 3.91462E-1 3.83634E-1 3.81779E-1 3.81779E-1 3.81779E-1 3.81779E-1 3.8252E-1
3.85493E-1 3.85493E-1 3.85493E-1 3.85493E-1 3.87354E-1 4.06147E-1 4.11841E-1 4.12222E-1 4.12222E-1 4.12222E-1 4.12222E-1 4.18323E-1 4.56865E-1 4.61545E-1 4.61545E-1 4.61545E-1 4.61545E-1 4.61545E-1 4.37545E-1 4.03876E-1 4.0312E-1 4.0312E-1 4.0312E-1 4.0312E-1 4.03876E-1 4.19088E-1 4.58034E-1 4.58034E-1 4.58034E-1 4.58034E-1 4.58034E-1 4.57645E-1 4.5336E-1 4.36386E-1 4.36386E-1 4.36386E-1 4.36386E-1 4.36E-1 4.35227E-1 4.2637E-1 4.18706E-1 4.18706E-1 4.18706E-1 4.18706E-1 4.18706E-1 4.18323E-1 4.12602E-1 4.09181E-1 4.09181E-1 4.09181E-1 4.09181E-1 4.08801E-1 4.08042E-1 3.99723E-1 3.96712E-1 3.96712E-1 3.96712E-1 3.96712E-1 3.95961E-1 3.93334E-1 3.84005E-1 3.81779E-1 3.81779E-1 3.81779E-1 3.81779E-1 3.81779E-1
3.8252E-1 3.8252E-1 3.8252E-1 3.8252E-1 3.84005E-1 4.0312E-1 4.08801E-1 4.09181E-1 4.09181E-1 4.09181E-1 4.09181E-1 4.15269E-1 4.55696E-1 4.60765E-1 4.60765E-1 4.60765E-1 4.60765E-1 4.60375E-1 4.36772E-1 4.0312E-1 4.02364E-1 4.02364E-1 4.02364E-1 4.02364E-1 4.0312E-1 4.1947E-1 4.60375E-1 4.60375E-1 4.60375E-1 4.60375E-1 4.60375E-1 4.59984E-1 4.55307E-1 4.37932E-1 4.37932E-1 4.37932E-1 4.37932E-1 4.37932E-1 4.37159E-1 4.27523E-1 4.1947E-1 4.1947E-1 4.1947E-1 4.1947E-1 4.1947E-1 4.18706E-1 4.12983E-1 4.0956E-1 4.0956E-1 4.0956E-1 4.0956E-1 4.09181E-1 4.08422E-1 4.00477E-1 3.97464E-1 3.97464E-1 3.97464E-1 3.97464E-1 3.96712E-1 3.94084E-1 3.84005E-1 3.81779E-1 3.81779E-1 3.81779E-1 3.81779E-1 3.81779E-1
3.8252E-1 3.8252E-1 3.8252E-1 3.8252E-1 3.84005E-1 4.0312E-1 4.08801E-1 4.09181E-1 4.09181E-1 4.09181E-1 4.09181E-1 4.15269E-1 4.55696E-1 4.60765E-1 4.60765E-1 4.60765E-1 4.60765E-1 4.60375E-1 4.36772E-1 4.0312E-1 4.02364E-1 4.02364E-1 4.02364E-1 4.02364E-1 4.0312E-1 4.1947E-1 4.60375E-1 4.60375E-1 4.60375E-1 4.60375E-1 4.60375E-1 4.59984E-1 4.55307E-1 4.37932E-1 4.37932E-1 4.37932E-1 4.37932E-1 4.37932E-1 4.37159E-1 4.27523E-1 4.1947E-1 4.1947E-1 4.1947E-1 4.1947E-1 4.1947E-1 4.18706E-1 4.12983E-1 4.0956E-1 4.0956E-1 4.0956E-1 4.0956E-1 4.09181E-1 4.08422E-1 4.00477E-1 3.97464E-1 3.97464E-1 3.97464E-1 3.97464E-1 3.96712E-1 3.94084E-1 3.84005E-1 3.81779E-1 3.81779E-1 3.81779E-1 3.81779E-1 3.81779E-1
3.8252E-1 3.8252E-1 3.8252E-1 3.8252E-1 3.84005E-1 4.0312E-1 4.08801E-1 4.09181E-1 4.09181E-1 4.09181E-1 4.09181E-1 4.15269E-1 4.55696E-1 4.60765E-1 4.60765E-1 4.60765E-1 4.60765E-1 4.60375E-1 4.36772E-1 4.0312E-1 4.02364E-1 4.02364E-1 4.02364E-1 4.02364E-1 4.0312E-1 4.1947E-1 4.60375E-1 4.60375E-1 4.60375E-1 4.60375E-1 4.60375E-1 4.59984E-1 4.55307E-1 4.37932E-1 4.37932E-1 4.37932E-1 4.37932E-1 4.37932E-1 4.37159E-1 4.27523E-1 4.1947E-1 4.1947E-1 4.1947E-1 4.1947E-1 4.1947E-1 4.18706E-1 4.12983E-1 4.0956E-1 4.0956E-1 4.0956E-1 4.0956E-1 4.09181E-1 4.08422E-1 4.00477E-1 3.97464E-1 3.97464E-1 3.97464E-1 3.97464E-1 3.96712E-1 3.94084E-1 3.84005E-1 3.81779E-1 3.81779E-1 3.81779E-1 3.81779E-1 3.81779E-1
3.8252E-1 3.8252E-1 3.8252E-1 3.8252E-1 3.84005E-1 4.0312E-1 4.08801E-1 4.09181E-1 4.09181E-1 4.09181E-1 4.09181E-1 4.15269E-1 4.55696E-1 4.60765E-1 4.60765E-1 4.60765E-1 4.60765E-1 4.60375E-1 4.36772E-1 4.0312E-1 4.02364E-1 4.02364E-1 4.02364E-1 4.02364E-1 4.0312E-1 4.1947E-1 4.60375E-1 4.60375E-1 4.60375E-1 4.60375E-1 4.60375E-1 4.59984E-1 4.55307E-1 4.37932E-1 4.37932E-1 4.37932E-1 4.37932E-1 4.37932E-1 4.37159E-1 4.27523E-1 4.1947E-1 4.1947E-1 4.1947E-1 4.1947E-1 4.1947E-1 4.18706E-1 4.12983E-1 4.0956E-1 4.0956E-1 4.0956E-1 4.0956E-1 4.09181E-1 4.08422E-1 4.00477E-1 3.97464E-1 3.97464E-1 3.97464E-1 3.97464E-1 3.96712E-1 3.94084E-1 3.84005E-1 3.81779E-1 3.81779E-1 3.81779E-1 3.81779E-1 3.81779E-1
3.7771E-1 3.7771E-1 3.7771E-1 3.7771E-1 3.78818E-1 3.91462E-1 3.95585E-1 3.95585E-1 3.95585E-1 3.95585E-1 3.95585E-1 4.00477E-1 4.22533E-1 4.25986E-1 4.25986E-1 4.25986E-1 4.25986E-1 4.25986E-1 4.17177E-1 3.9296E-1 3.92211E-1 3.92211E-1 3.92211E-1 3.92211E-1 3.9296E-1 4.07663E-1 4.3407E-1 4.3407E-1 4.3407E-1 4.3407E-1 4.3407E-1 4.34455E-1 4.39092E-1 4.56086E-1 4.56086E-1 4.56086E-1 4.56086E-1 4.56086E-1 4.55307E-1 4.36772E-1 4.31371E-1 4.31371E-1 4.31371E-1 4.31371E-1 4.30986E-1 4.29446E-1 4.16796E-1 4.0994E-1 4.0994E-1 4.0994E-1 4.0994E-1 4.0956E-1 4.09181E-1 4.03498E-1 4.01232E-1 4.01232E-1 4.01232E-1 4.01232E-1 4.00477E-1 3.97841E-1 3.86609E-1 3.84005E-1 3.84005E-1 3.84005E-1 3.84005E-1 3.84005E-1
3.37115E-1 3.37115E-1 3.37115E-1 3.37115E-1 3.43763E-1 3.74761E-1 3.75866E-1 3.76234E-1 3.76234E-1 3.76234E-1 3.76234E-1 3.78818E-1 3.90714E-1 3.92585E-1 3.92585E-1 3.92585E-1 3.92585E-1 3.92585E-1 3.88846E-1 3.7771E-1 3.7771E-1 3.7771E-1 3.7771E-1 3.7771E-1 3.78079E-1 3.9034E-1 4.12222E-1 4.12222E-1 4.12222E-1 4.12222E-1 4.12222E-1 4.13745E-1 4.32142E-1 4.65842E-1 4.65842E-1 4.65842E-1 4.65842E-1 4.65842E-1 4.65451E-1 4.62716E-1 4.59984E-1 4.59984E-1 4.59984E-1 4.59984E-1 4.59594E-1 4.56865E-1 4.22916E-1 4.1032E-1 4.1032E-1 4.1032E-1 4.1032E-1 4.1032E-1 4.0994E-1 4.07663E-1 4.06905E-1 4.06905E-1 4.06905E-1 4.06905E-1 4.06147E-1 4.02742E-1 3.9034E-1 3.87727E-1 3.87727E-1 3.87727E-1 3.87727E-1 3.87354E-1
2.9247E-1 2.9247E-1 2.9247E-1 2.9247E-1 2.9247E-1 3.04872E-1 3.04872E-1 3.04872E-1 3.04872E-1 3.04872E-1 3.04872E-1 3.37115E-1 3.78818E-1 3.80297E-1 3.80297E-1 3.80297E-1 3.80297E-1 3.80297E-1 3.78079E-1 3.67055E-1 3.67055E-1 3.67055E-1 3.67055E-1 3.67055E-1 3.70145E-1 3.83634E-1 4.04254E-1 4.04254E-1 4.04254E-1 4.04254E-1 4.04254E-1 4.05768E-1 4.29446E-1 4.69361E-1 4.69361E-1 4.69361E-1 4.69361E-1 4.69361E-1 4.69361E-1 4.67796E-1 4.66623E-1 4.66623E-1 4.66623E-1 4.66623E-1 4.65842E-1 4.63107E-1 4.25218E-1 4.107E-1 4.107E-1 4.107E-1 4.107E-1 4.107E-1 4.107E-1 4.0956E-1 4.09181E-1 4.09181E-1 4.09181E-1 4.09181E-1 4.08042E-1 4.04632E-1 3.91836E-1 3.88846E-1 3.88846E-1 3.88846E-1 3.88846E-1 3.88846E-1
2.86382E-1 2.86382E-1 2.86382E-1 2.86382E-1 2.86382E-1 2.86382E-1 2.86382E-1 2.86382E-1 2.86382E-1 2.86382E-1 2.86382E-1 3.17563E-1 3.76972E-1 3.78079E-1 3.78079E-1 3.78079E-1 3.78079E-1 3.78079E-1 3.76234E-1 3.50472E-1 3.50472E-1 3.50472E-1 3.50472E-1 3.50472E-1 3.57241E-1 3.8252E-1 4.02742E-1 4.02742E-1 4.02742E-1 4.02742E-1 4.02742E-1 4.04632E-1 4.29061E-1 4.70143E-1 4.70143E-1 4.70143E-1 4.70143E-1 4.70143E-1 4.70143E-1 4.68969E-1 4.67796E-1 4.67796E-1 4.67796E-1 4.67796E-1 4.67014E-1 4.64279E-1 4.25602E-1 4.107E-1 4.107E-1 4.107E-1 4.107E-1 4.107E-1 4.107E-1 4.0994E-1 4.0956E-1 4.0956E-1 4.0956E-1 4.0956E-1 4.08422E-1 4.05011E-1 3.92211E-1 3.8922E-1 3.8922E-1 3.8922E-1 3.8922E-1 3.8922E-1
