outputpop/cholera.asc
ncols         500
nrows         376
xllcorner     -74.6
yllcorner     17.9
cellsize      0.00606666666666658
NODATA_value  -9999
[rows 90 to 119 of 376, columns 330 to 395 of 500]
4.25218E-1 4.25218E-1 4.17941E-1 4.11081E-1 4.08422E-1 4.08422E-1 4.08422E-1 4.08422E-1 4.08422E-1 4.08422E-1 4.08422E-1 4.08422E-1 4.08422E-1 4.08422E-1 4.08422E-1 4.09181E-1 4.32142E-1 4.55307E-1 4.59204E-1 4.59204E-1 4.59204E-1 4.59204E-1 4.63888E-1 4.92096E-1 5.02697E-1 5.05838E-1 5.05838E-1 5.05838E-1 5.05838E-1 5.01911E-1 4.88956E-1 4.85817E-1 4.8464E-1 4.8464E-1 4.8464E-1 4.8464E-1 4.89741E-1 5.01519E-1 5.03482E-1 5.04267E-1 5.04267E-1 5.04267E-1 5.04267E-1 5.10548E-1 5.20354E-1 5.2153E-1 5.21922E-1 5.21922E-1 5.21922E-1 5.21922E-1 4.89348E-1 4.56086E-1 4.51803E-1 4.39866E-1 4.39866E-1 4.39866E-1 4.39866E-1 4.32527E-1 4.27138E-1 4.26754E-1 4.26754E-1 4.26754E-1 4.26754E-1 4.26754E-1 4.21767E-1 4.1947E-1
4.28292E-1 4.28292E-1 4.21001E-1 4.14126E-1 4.11461E-1 4.11461E-1 4.11461E-1 4.11461E-1 4.11461E-1 4.13364E-1 4.14507E-1 4.15269E-1 4.15269E-1 4.15269E-1 4.15269E-1 4.16032E-1 4.56475E-1 4.71317E-1 4.76015E-1 4.76015E-1 4.76015E-1 4.76015E-1 4.7915E-1 4.9877E-1 5.0623E-1 5.08586E-1 5.08586E-1 5.08586E-1 5.08586E-1 5.03875E-1 4.89348E-1 4.85817E-1 4.8464E-1 4.8464E-1 4.8464E-1 4.8464E-1 4.88956E-1 4.9877E-1 5.00341E-1 5.00733E-1 5.00733E-1 5.00733E-1 5.00733E-1 5.08193E-1 5.1957E-1 5.2153E-1 5.21922E-1 5.21922E-1 5.21922E-1 5.21922E-1 4.88171E-1 4.53749E-1 4.37545E-1 4.37159E-1 4.37159E-1 4.37159E-1 4.37159E-1 4.32142E-1 4.28292E-1 4.27907E-1 4.27907E-1 4.27907E-1 4.27907E-1 4.27907E-1 4.24067E-1 4.2215E-1
4.3407E-1 4.3407E-1 4.2637E-1 4.1947E-1 4.16414E-1 4.16414E-1 4.16414E-1 4.16414E-1 4.16414E-1 4.2215E-1 4.25986E-1 4.27138E-1 4.27138E-1 4.27138E-1 4.27138E-1 4.28676E-1 4.79934E-1 4.99556E-1 5.06623E-1 5.06623E-1 5.06623E-1 5.06623E-1 5.07015E-1 5.1094E-1 5.1251E-1 5.12903E-1 5.12903E-1 5.12903E-1 5.12903E-1 5.078E-1 4.90526E-1 4.86209E-1 4.8464E-1 4.8464E-1 4.8464E-1 4.8464E-1 4.87386E-1 4.93666E-1 4.94451E-1 4.94451E-1 4.94451E-1 4.94451E-1 4.94451E-1 5.04267E-1 5.18786E-1 5.21138E-1 5.2153E-1 5.2153E-1 5.2153E-1 5.2153E-1 4.86209E-1 4.38318E-1 4.32913E-1 4.32913E-1 4.32913E-1 4.32913E-1 4.32913E-1 4.31371E-1 4.30216E-1 4.30216E-1 4.30216E-1 4.30216E-1 4.30216E-1 4.30216E-1 4.28292E-1 4.27138E-1
4.38318E-1 4.38318E-1 4.30601E-1 4.233E-1 4.20236E-1 4.20236E-1 4.20236E-1 4.20236E-1 4.20236E-1 4.28292E-1 4.3407E-1 4.36E-1 4.36E-1 4.36E-1 4.36E-1 4.37545E-1 4.96807E-1 5.20354E-1 5.2858E-1 5.2858E-1 5.2858E-1 5.2858E-1 5.27406E-1 5.1957E-1 5.16825E-1 5.16041E-1 5.16041E-1 5.16041E-1 5.16041E-1 5.10156E-1 4.90918E-1 4.86209E-1 4.8464E-1 4.8464E-1 4.8464E-1 4.8464E-1 4.86209E-1 4.89348E-1 4.90133E-1 4.90133E-1 4.90133E-1 4.90133E-1 4.90133E-1 5.01519E-1 5.18394E-1 5.20746E-1 5.21138E-1 5.21138E-1 5.21138E-1 5.21138E-1 4.84248E-1 4.34841E-1 4.29831E-1 4.29446E-1 4.29446E-1 4.29446E-1 4.29446E-1 4.30601E-1 4.31756E-1 4.31756E-1 4.31756E-1 4.31756E-1 4.31756E-1 4.31756E-1 4.31371E-1 4.30986E-1
4.39092E-1 4.39092E-1 4.31371E-1 4.24067E-1 4.21001E-1 4.21001E-1 4.21001E-1 4.21001E-1 4.21001E-1 4.29831E-1 4.35614E-1 4.37932E-1 4.37932E-1 4.37932E-1 4.37932E-1 4.39479E-1 5.00341E-1 5.25056E-1 5.33274E-1 5.33274E-1 5.33274E-1 5.33274E-1 5.3171E-1 5.2153E-1 5.18002E-1 5.16825E-1 5.16825E-1 5.16825E-1 5.16825E-1 5.1094E-1 4.90918E-1 4.86209E-1 4.8464E-1 4.8464E-1 4.8464E-1 4.8464E-1 4.85817E-1 4.88564E-1 4.89348E-1 4.89348E-1 4.89348E-1 4.89348E-1 4.89348E-1 5.00733E-1 5.18002E-1 5.20746E-1 5.21138E-1 5.21138E-1 5.21138E-1 5.21138E-1 4.83855E-1 4.34455E-1 4.29061E-1 4.28676E-1 4.28676E-1 4.28676E-1 4.28676E-1 4.30601E-1 4.31756E-1 4.32142E-1 4.32142E-1 4.32142E-1 4.32142E-1 4.32142E-1 4.31756E-1 4.31756E-1
4.39092E-1 4.39092E-1 4.31371E-1 4.24067E-1 4.21001E-1 4.21001E-1 4.21001E-1 4.21001E-1 4.21001E-1 4.29831E-1 4.35614E-1 4.37932E-1 4.37932E-1 4.37932E-1 4.37932E-1 4.39479E-1 5.00341E-1 5.25056E-1 5.33274E-1 5.33274E-1 5.33274E-1 5.33274E-1 5.3171E-1 5.2153E-1 5.18002E-1 5.16825E-1 5.16825E-1 5.16825E-1 5.16825E-1 5.1094E-1 4.90918E-1 4.86209E-1 4.8464E-1 4.8464E-1 4.8464E-1 4.8464E-1 4.85817E-1 4.88564E-1 4.89348E-1 4.89348E-1 4.89348E-1 4.89348E-1 4.89348E-1 5.00733E-1 5.18002E-1 5.20746E-1 5.21138E-1 5.21138E-1 5.21138E-1 5.21138E-1 4.83855E-1 4.34455E-1 4.29061E-1 4.28676E-1 4.28676E-1 4.28676E-1 4.28676E-1 4.30601E-1 4.31756E-1 4.32142E-1 4.32142E-1 4.32142E-1 4.32142E-1 4.32142E-1 4.31756E-1 4.31756E-1
4.39092E-1 4.39092E-1 4.31371E-1 4.24067E-1 4.21001E-1 4.21001E-1 4.21001E-1 4.21001E-1 4.21001E-1 4.29831E-1 4.35614E-1 4.37932E-1 4.37932E-1 4.37932E-1 4.37932E-1 4.39479E-1 5.00341E-1 5.25056E-1 5.33274E-1 5.33274E-1 5.33274E-1 5.33274E-1 5.3171E-1 5.2153E-1 5.18002E-1 5.16825E-1 5.16825E-1 5.16825E-1 5.16825E-1 5.1094E-1 4.90918E-1 4.86209E-1 4.8464E-1 4.8464E-1 4.8464E-1 4.8464E-1 4.85817E-1 4.88564E-1 4.89348E-1 4.89348E-1 4.89348E-1 4.89348E-1 4.89348E-1 5.00733E-1 5.18002E-1 5.20746E-1 5.21138E-1 5.21138E-1 5.21138E-1 5.21138E-1 4.83855E-1 4.34455E-1 4.29061E-1 4.28676E-1 4.28676E-1 4.28676E-1 4.28676E-1 4.30601E-1 4.31756E-1 4.32142E-1 4.32142E-1 4.32142E-1 4.32142E-1 4.32142E-1 4.31756E-1 4.31756E-1
4.39092E-1 4.39092E-1 4.31371E-1 4.24067E-1 4.21001E-1 4.21001E-1 4.21001E-1 4.21001E-1 4.21001E-1 4.29831E-1 4.35614E-1 4.37932E-1 4.37932E-1 4.37932E-1 4.37932E-1 4.39479E-1 5.00341E-1 5.25056E-1 5.33274E-1 5.33274E-1 5.33274E-1 5.33274E-1 5.3171E-1 5.2153E-1 5.18002E-1 5.16825E-1 5.16825E-1 5.16825E-1 5.16825E-1 5.1094E-1 4.90918E-1 4.86209E-1 4.8464E-1 4.8464E-1 4.8464E-1 4.8464E-1 4.85817E-1 4.88564E-1 4.89348E-1 4.89348E-1 4.89348E-1 4.89348E-1 4.89348E-1 5.00733E-1 5.18002E-1 5.20746E-1 5.21138E-1 5.21138E-1 5.21138E-1 5.21138E-1 4.83855E-1 4.34455E-1 4.29061E-1 4.28676E-1 4.28676E-1 4.28676E-1 4.28676E-1 4.30601E-1 4.31756E-1 4.32142E-1 4.32142E-1 4.32142E-1 4.32142E-1 4.32142E-1 4.31756E-1 4.31756E-1
4.34455E-1 4.34455E-1 4.28676E-1 4.23683E-1 4.21384E-1 4.21384E-1 4.21384E-1 4.21384E-1 4.21384E-1 4.29061E-1 4.3407E-1 4.36E-1 4.36E-1 4.36E-1 4.36E-1 4.37159E-1 4.92489E-1 5.14472E-1 5.21922E-1 5.21922E-1 5.21922E-1 5.21922E-1 5.21922E-1 5.21922E-1 5.21922E-1 5.2153E-1 5.2153E-1 5.2153E-1 5.2153E-1 5.16433E-1 4.98378E-1 4.94059E-1 4.92881E-1 4.92881E-1 4.92881E-1 4.92881E-1 4.91311E-1 4.88564E-1 4.88171E-1 4.88171E-1 4.88171E-1 4.88171E-1 4.88171E-1 5.00733E-1 5.1957E-1 5.22314E-1 5.22706E-1 5.22706E-1 5.22706E-1 5.22706E-1 5.02304E-1 4.8111E-1 4.77974E-1 4.77974E-1 4.77974E-1 4.77974E-1 4.77974E-1 4.68969E-1 4.62326E-1 4.61936E-1 4.61936E-1 4.61936E-1 4.61936E-1 4.61936E-1 4.60375E-1 4.59594E-1
4.27907E-1 4.27907E-1 4.25218E-1 4.233E-1 4.2215E-1 4.2215E-1 4.2215E-1 4.2215E-1 4.2215E-1 4.27907E-1 4.31756E-1 4.33298E-1 4.33298E-1 4.33298E-1 4.33298E-1 4.34455E-1 4.82287E-1 5.00341E-1 5.0623E-1 5.0623E-1 5.0623E-1 5.0623E-1 5.08586E-1 5.21922E-1 5.27014E-1 5.2858E-1 5.2858E-1 5.2858E-1 5.2858E-1 5.23881E-1 5.08586E-1 5.05052E-1 5.03875E-1 5.03875E-1 5.03875E-1 5.03875E-1 4.99163E-1 4.88956E-1 4.87386E-1 4.86602E-1 4.86602E-1 4.86602E-1 4.86602E-1 5.00733E-1 5.2153E-1 5.24665E-1 5.25056E-1 5.25056E-1 5.25056E-1 5.25056E-1 5.27014E-1 5.29363E-1 5.29754E-1 5.29754E-1 5.29754E-1 5.29754E-1 5.29754E-1 5.05445E-1 4.88564E-1 4.86602E-1 4.86602E-1 4.86602E-1 4.86602E-1 4.86602E-1 4.83463E-1 4.81895E-1
4.233E-1 4.233E-1 4.233E-1 4.22916E-1 4.22916E-1 4.22916E-1 4.22916E-1 4.22916E-1 4.22916E-1 4.27138E-1 4.30216E-1 4.30986E-1 4.30986E-1 4.30986E-1 4.30986E-1 4.32142E-1 4.7484E-1 4.90133E-1 4.95237E-1 4.95237E-1 4.95237E-1 4.95237E-1 4.99163E-1 5.21922E-1 5.30536E-1 5.33274E-1 5.33274E-1 5.33274E-1 5.33274E-1 5.29363E-1 5.15649E-1 5.1251E-1 5.11333E-1 5.11333E-1 5.11333E-1 5.11333E-1 5.0466E-1 4.89348E-1 4.86602E-1 4.85817E-1 4.85817E-1 4.85817E-1 4.85817E-1 5.00733E-1 5.22706E-1 5.2584E-1 5.26623E-1 5.26623E-1 5.26623E-1 5.26623E-1 5.44591E-1 5.7774E-1 5.79949E-1 5.80234E-1 5.80234E-1 5.80234E-1 5.80234E-1 5.3171E-1 5.07015E-1 5.04267E-1 5.04267E-1 5.04267E-1 5.04267E-1 5.04267E-1 4.99948E-1 4.97592E-1
4.22916E-1 4.22916E-1 4.22916E-1 4.22916E-1 4.22916E-1 4.22916E-1 4.22916E-1 4.22916E-1 4.22916E-1 4.27138E-1 4.30216E-1 4.30986E-1 4.30986E-1 4.30986E-1 4.30986E-1 4.32142E-1 4.74057E-1 4.89348E-1 4.94451E-1 4.94451E-1 4.94451E-1 4.94451E-1 4.98378E-1 5.21922E-1 5.30927E-1 5.33665E-1 5.33665E-1 5.33665E-1 5.33665E-1 5.29754E-1 5.16433E-1 5.13295E-1 5.12118E-1 5.12118E-1 5.12118E-1 5.12118E-1 5.05052E-1 4.89348E-1 4.86602E-1 4.85817E-1 4.85817E-1 4.85817E-1 4.85817E-1 5.00733E-1 5.22706E-1 5.26231E-1 5.26623E-1 5.26623E-1 5.26623E-1 5.26623E-1 5.46148E-1 5.80234E-1 5.82433E-1 5.82433E-1 5.82433E-1 5.82433E-1 5.82433E-1 5.33665E-1 5.08586E-1 5.05838E-1 5.05838E-1 5.05838E-1 5.05838E-1 5.05838E-1 5.01126E-1 4.99163E-1
4.22916E-1 4.22916E-1 4.22916E-1 4.22916E-1 4.22916E-1 4.22916E-1 4.22916E-1 4.22916E-1 4.22916E-1 4.27138E-1 4.30216E-1 4.30986E-1 4.30986E-1 4.30986E-1 4.30986E-1 4.32142E-1 4.74057E-1 4.89348E-1 4.94451E-1 4.94451E-1 4.94451E-1 4.94451E-1 4.98378E-1 5.21922E-1 5.30927E-1 5.33665E-1 5.33665E-1 5.33665E-1 5.33665E-1 5.29754E-1 5.16433E-1 5.13295E-1 5.12118E-1 5.12118E-1 5.12118E-1 5.12118E-1 5.05052E-1 4.89348E-1 4.86602E-1 4.85817E-1 4.85817E-1 4.85817E-1 4.85817E-1 5.00733E-1 5.22706E-1 5.26231E-1 5.26623E-1 5.26623E-1 5.26623E-1 5.26623E-1 5.46148E-1 5.80234E-1 5.82433E-1 5.82433E-1 5.82433E-1 5.82433E-1 5.82433E-1 5.33665E-1 5.08586E-1 5.05838E-1 5.05838E-1 5.05838E-1 5.05838E-1 5.05838E-1 5.01126E-1 4.99163E-1
4.22916E-1 4.22916E-1 4.22916E-1 4.22916E-1 4.22916E-1 4.22916E-1 4.22916E-1 4.22916E-1 4.22916E-1 4.27138E-1 4.30216E-1 4.30986E-1 4.30986E-1 4.30986E-1 4.30986E-1 4.32142E-1 4.74057E-1 4.89348E-1 4.94451E-1 4.94451E-1 4.94451E-1 4.94451E-1 4.98378E-1 5.21922E-1 5.30927E-1 5.33665E-1 5.33665E-1 5.33665E-1 5.33665E-1 5.29754E-1 5.16433E-1 5.13295E-1 5.12118E-1 5.12118E-1 5.12118E-1 5.12118E-1 5.05052E-1 4.89348E-1 4.86602E-1 4.85817E-1 4.85817E-1 4.85817E-1 4.85817E-1 5.00733E-1 5.22706E-1 5.26231E-1 5.26623E-1 5.26623E-1 5.26623E-1 5.26623E-1 5.46148E-1 5.80234E-1 5.82433E-1 5.82433E-1 5.82433E-1 5.82433E-1 5.82433E-1 5.33665E-1 5.08586E-1 5.05838E-1 5.05838E-1 5.05838E-1 5.05838E-1 5.05838E-1 5.01126E-1 4.99163E-1
4.22916E-1 4.22916E-1 4.22916E-1 4.22916E-1 4.22916E-1 4.22916E-1 4.22916E-1 4.22916E-1 4.22916E-1 4.27138E-1 4.30216E-1 4.30986E-1 4.30986E-1 4.30986E-1 4.30986E-1 4.32142E-1 4.74057E-1 4.89348E-1 4.94451E-1 4.94451E-1 4.94451E-1 4.94451E-1 4.98378E-1 5.21922E-1 5.30927E-1 5.33665E-1 5.33665E-1 5.33665E-1 5.33665E-1 5.29754E-1 5.16433E-1 5.13295E-1 5.12118E-1 5.12118E-1 5.12118E-1 5.12118E-1 5.05052E-1 4.89348E-1 4.86602E-1 4.85817E-1 4.85817E-1 4.85817E-1 4.85817E-1 5.00733E-1 5.22706E-1 5.26231E-1 5.26623E-1 5.26623E-1 5.26623E-1 5.26623E-1 5.46148E-1 5.80234E-1 5.82433E-1 5.82433E-1 5.82433E-1 5.82433E-1 5.82433E-1 5.33665E-1 5.08586E-1 5.05838E-1 5.05838E-1 5.05838E-1 5.05838E-1 5.05838E-1 5.01126E-1 4.99163E-1
4.22916E-1 4.22916E-1 4.22916E-1 4.233E-1 4.233E-1 4.233E-1 4.233E-1 4.233E-1 4.233E-1 4.25986E-1 4.27907E-1 4.28676E-1 4.28676E-1 4.28676E-1 4.28676E-1 4.29061E-1 4.59984E-1 4.69752E-1 4.72882E-1 4.72882E-1 4.72882E-1 4.72882E-1 4.76015E-1 4.94844E-1 5.01911E-1 5.04267E-1 5.04267E-1 5.04267E-1 5.04267E-1 5.01519E-1 4.91311E-1 4.88956E-1 4.88564E-1 4.88564E-1 4.88564E-1 4.88564E-1 4.83071E-1 4.71317E-1 4.69361E-1 4.68578E-1 4.68578E-1 4.68578E-1 4.68578E-1 4.88956E-1 5.19178E-1 5.23489E-1 5.24273E-1 5.24273E-1 5.24273E-1 5.24273E-1 5.48094E-1 5.84771E-1 5.87053E-1 5.87053E-1 5.87053E-1 5.87053E-1 5.87053E-1 5.52758E-1 5.364E-1 5.34446E-1 5.34446E-1 5.34446E-1 5.34446E-1 5.34446E-1 5.12118E-1 5.01911E-1
4.22916E-1 4.22916E-1 4.233E-1 4.23683E-1 4.23683E-1 4.23683E-1 4.23683E-1 4.23683E-1 4.23683E-1 4.24834E-1 4.25602E-1 4.25986E-1 4.25986E-1 4.25986E-1 4.25986E-1 4.2637E-1 4.3407E-1 4.37932E-1 4.39092E-1 4.39092E-1 4.39092E-1 4.39092E-1 4.5297E-1 4.66623E-1 4.721E-1 4.73666E-1 4.73666E-1 4.73666E-1 4.73666E-1 4.71708E-1 4.65451E-1 4.64279E-1 4.63497E-1 4.63497E-1 4.63497E-1 4.63497E-1 4.60375E-1 4.52581E-1 4.39866E-1 4.39479E-1 4.39479E-1 4.39479E-1 4.39479E-1 4.76407E-1 5.14864E-1 5.20746E-1 5.2153E-1 5.2153E-1 5.2153E-1 5.2153E-1 5.50427E-1 5.89332E-1 5.91859E-1 5.92112E-1 5.92112E-1 5.92112E-1 5.92112E-1 5.84771E-1 5.79272E-1 5.78123E-1 5.78123E-1 5.78123E-1 5.78123E-1 5.78123E-1 5.23881E-1 5.0466E-1
4.22916E-1 4.22916E-1 4.233E-1 4.23683E-1 4.24067E-1 4.24067E-1 4.24067E-1 4.24067E-1 4.24067E-1 4.2445E-1 4.2445E-1 4.2445E-1 4.2445E-1 4.2445E-1 4.2445E-1 4.2445E-1 4.2445E-1 4.2445E-1 4.2445E-1 4.2445E-1 4.2445E-1 4.2445E-1 4.25986E-1 4.36386E-1 4.51803E-1 4.5297E-1 4.5297E-1 4.5297E-1 4.5297E-1 4.51803E-1 4.36772E-1 4.36E-1 4.35614E-1 4.35614E-1 4.35614E-1 4.35614E-1 4.33298E-1 4.28676E-1 4.27907E-1 4.27523E-1 4.27523E-1 4.27523E-1 4.27523E-1 4.68187E-1 5.12118E-1 5.18786E-1 5.19962E-1 5.19962E-1 5.19962E-1 5.19962E-1 5.51593E-1 5.92364E-1 5.95137E-1 5.95389E-1 5.95389E-1 5.95389E-1 5.95389E-1 5.93373E-1 5.92112E-1 5.91859E-1 5.91859E-1 5.91859E-1 5.91859E-1 5.91859E-1 5.31319E-1 5.07015E-1
4.22916E-1 4.22916E-1 4.233E-1 4.23683E-1 4.24067E-1 4.24067E-1 4.24067E-1 4.24067E-1 4.24067E-1 4.2445E-1 4.2445E-1 4.2445E-1 4.2445E-1 4.2445E-1 4.2445E-1 4.2445E-1 4.2445E-1 4.2445E-1 4.2445E-1 4.2445E-1 4.2445E-1 4.2445E-1 4.25986E-1 4.36386E-1 4.51803E-1 4.5297E-1 4.5297E-1 4.5297E-1 4.5297E-1 4.51803E-1 4.36772E-1 4.36E-1 4.35614E-1 4.35614E-1 4.35614E-1 4.35614E-1 4.33298E-1 4.28676E-1 4.27907E-1 4.27523E-1 4.27523E-1 4.27523E-1 4.27523E-1 4.68187E-1 5.12118E-1 5.18786E-1 5.19962E-1 5.19962E-1 5.19962E-1 5.19962E-1 5.51593E-1 5.92364E-1 5.95137E-1 5.95389E-1 5.95389E-1 5.95389E-1 5.95389E-1 5.93373E-1 5.92112E-1 5.91859E-1 5.91859E-1 5.91859E-1 5.91859E-1 5.91859E-1 5.31319E-1 5.07015E-1
4.22916E-1 4.22916E-1 4.233E-1 4.23683E-1 4.24067E-1 4.24067E-1 4.24067E-1 4.24067E-1 4.24067E-1 4.2445E-1 4.2445E-1 4.2445E-1 4.2445E-1 4.2445E-1 4.2445E-1 4.2445E-1 4.2445E-1 4.2445E-1 4.2445E-1 4.2445E-1 4.2445E-1 4.2445E-1 4.25986E-1 4.36386E-1 4.51803E-1 4.5297E-1 4.5297E-1 4.5297E-1 4.5297E-1 4.51803E-1 4.36772E-1 4.36E-1 4.35614E-1 4.35614E-1 4.35614E-1 4.35614E-1 4.33298E-1 4.28676E-1 4.27907E-1 4.27523E-1 4.27523E-1 4.27523E-1 4.27523E-1 4.68187E-1 5.12118E-1 5.18786E-1 5.19962E-1 5.19962E-1 5.19962E-1 5.19962E-1 5.51593E-1 5.92364E-1 5.95137E-1 5.95389E-1 5.95389E-1 5.95389E-1 5.95389E-1 5.93373E-1 5.92112E-1 5.91859E-1 5.91859E-1 5.91859E-1 5.91859E-1 5.91859E-1 5.31319E-1 5.07015E-1
4.22916E-1 4.22916E-1 4.233E-1 4.23683E-1 4.24067E-1 4.24067E-1 4.24067E-1 4.24067E-1 4.24067E-1 4.2445E-1 4.2445E-1 4.2445E-1 4.2445E-1 4.2445E-1 4.2445E-1 4.2445E-1 4.2445E-1 4.2445E-1 4.2445E-1 4.2445E-1 4.2445E-1 4.2445E-1 4.25986E-1 4.36386E-1 4.51803E-1 4.5297E-1 4.5297E-1 4.5297E-1 4.5297E-1 4.51803E-1 4.36772E-1 4.36E-1 4.35614E-1 4.35614E-1 4.35614E-1 4.35614E-1 4.33298E-1 4.28676E-1 4.27907E-1 4.27523E-1 4.27523E-1 4.27523E-1 4.27523E-1 4.68187E-1 5.12118E-1 5.18786E-1 5.19962E-1 5.19962E-1 5.19962E-1 5.19962E-1 5.51593E-1 5.92364E-1 5.95137E-1 5.95389E-1 5.95389E-1 5.95389E-1 5.95389E-1 5.93373E-1 5.92112E-1 5.91859E-1 5.91859E-1 5.91859E-1 5.91859E-1 5.91859E-1 5.31319E-1 5.07015E-1
4.22916E-1 4.22916E-1 4.233E-1 4.23683E-1 4.24067E-1 4.24067E-1 4.24067E-1 4.24067E-1 4.24067E-1 4.2445E-1 4.2445E-1 4.2445E-1 4.2445E-1 4.2445E-1 4.2445E-1 4.2445E-1 4.2445E-1 4.2445E-1 4.2445E-1 4.2445E-1 4.2445E-1 4.2445E-1 4.25986E-1 4.36386E-1 4.51803E-1 4.5297E-1 4.5297E-1 4.5297E-1 4.5297E-1 4.51803E-1 4.36772E-1 4.36E-1 4.35614E-1 4.35614E-1 4.35614E-1 4.35614E-1 4.33298E-1 4.28676E-1 4.27907E-1 4.27523E-1 4.27523E-1 4.27523E-1 4.27523E-1 4.68187E-1 5.12118E-1 5.18786E-1 5.19962E-1 5.19962E-1 5.19962E-1 5.19962E-1 5.51593E-1 5.92364E-1 5.95137E-1 5.95389E-1 5.95389E-1 5.95389E-1 5.95389E-1 5.93373E-1 5.92112E-1 5.91859E-1 5.91859E-1 5.91859E-1 5.91859E-1 5.91859E-1 5.31319E-1 5.07015E-1
4.22916E-1 4.22916E-1 4.233E-1 4.23683E-1 4.23683E-1 4.23683E-1 4.23683E-1 4.23683E-1 4.23683E-1 4.24067E-1 4.2445E-1 4.2445E-1 4.2445E-1 4.2445E-1 4.2445E-1 4.2445E-1 4.2445E-1 4.2445E-1 4.2445E-1 4.2445E-1 4.2445E-1 4.2445E-1 4.25218E-1 4.29446E-1 4.31371E-1 4.31756E-1 4.31756E-1 4.31756E-1 4.31756E-1 4.30216E-1 4.24834E-1 4.23683E-1 4.233E-1 4.233E-1 4.233E-1 4.233E-1 4.2215E-1 4.1947E-1 4.19088E-1 4.18706E-1 4.18706E-1 4.18706E-1 4.18706E-1 4.57645E-1 4.99163E-1 5.05445E-1 5.06623E-1 5.06623E-1 5.06623E-1 5.06623E-1 5.44201E-1 5.91607E-1 5.95137E-1 5.95137E-1 5.95137E-1 5.95137E-1 5.95137E-1 5.87053E-1 5.80784E-1 5.80234E-1 5.80234E-1 5.80234E-1 5.80234E-1 5.80234E-1 5.1957E-1 4.97592E-1
4.22916E-1 4.22916E-1 4.233E-1 4.233E-1 4.23683E-1 4.23683E-1 4.23683E-1 4.23683E-1 4.23683E-1 4.24067E-1 4.2445E-1 4.2445E-1 4.2445E-1 4.2445E-1 4.2445E-1 4.2445E-1 4.2445E-1 4.2445E-1 4.2445E-1 4.2445E-1 4.2445E-1 4.2445E-1 4.2445E-1 4.2445E-1 4.24067E-1 4.24067E-1 4.24067E-1 4.24067E-1 4.24067E-1 4.2215E-1 4.15651E-1 4.13745E-1 4.13364E-1 4.13364E-1 4.13364E-1 4.13364E-1 4.12983E-1 4.11841E-1 4.11841E-1 4.11841E-1 4.11841E-1 4.11841E-1 4.11841E-1 4.37545E-1 4.88564E-1 4.94451E-1 4.95629E-1 4.95629E-1 4.95629E-1 4.95629E-1 5.38352E-1 5.91101E-1 5.94886E-1 5.95137E-1 5.95137E-1 5.95137E-1 5.95137E-1 5.81609E-1 5.53534E-1 5.51981E-1 5.51981E-1 5.51981E-1 5.51981E-1 5.51981E-1 5.09763E-1 4.90133E-1
4.22916E-1 4.22916E-1 4.233E-1 4.233E-1 4.233E-1 4.233E-1 4.233E-1 4.233E-1 4.233E-1 4.23683E-1 4.24067E-1 4.2445E-1 4.2445E-1 4.2445E-1 4.2445E-1 4.2445E-1 4.2445E-1 4.2445E-1 4.2445E-1 4.2445E-1 4.2445E-1 4.2445E-1 4.24067E-1 4.21384E-1 4.20236E-1 4.19853E-1 4.19853E-1 4.19853E-1 4.19853E-1 4.17559E-1 4.1032E-1 4.08422E-1 4.07663E-1 4.07663E-1 4.07663E-1 4.07663E-1 4.07663E-1 4.07663E-1 4.07663E-1 4.07663E-1 4.07663E-1 4.07663E-1 4.07663E-1 4.32913E-1 4.82679E-1 4.88171E-1 4.89348E-1 4.89348E-1 4.89348E-1 4.89348E-1 5.34837E-1 5.90596E-1 5.94886E-1 5.95137E-1 5.95137E-1 5.95137E-1 5.95137E-1 5.7774E-1 5.4537E-1 5.43422E-1 5.43422E-1 5.43422E-1 5.43422E-1 5.43422E-1 5.04267E-1 4.85817E-1
4.22916E-1 4.22916E-1 4.233E-1 4.233E-1 4.233E-1 4.233E-1 4.233E-1 4.233E-1 4.233E-1 4.23683E-1 4.24067E-1 4.2445E-1 4.2445E-1 4.2445E-1 4.2445E-1 4.2445E-1 4.2445E-1 4.2445E-1 4.2445E-1 4.2445E-1 4.2445E-1 4.2445E-1 4.24067E-1 4.21384E-1 4.20236E-1 4.19853E-1 4.19853E-1 4.19853E-1 4.19853E-1 4.17559E-1 4.1032E-1 4.08422E-1 4.07663E-1 4.07663E-1 4.07663E-1 4.07663E-1 4.07663E-1 4.07663E-1 4.07663E-1 4.07663E-1 4.07663E-1 4.07663E-1 4.07663E-1 4.32913E-1 4.82679E-1 4.88171E-1 4.89348E-1 4.89348E-1 4.89348E-1 4.89348E-1 5.34837E-1 5.90596E-1 5.94886E-1 5.95137E-1 5.95137E-1 5.95137E-1 5.95137E-1 5.7774E-1 5.4537E-1 5.43422E-1 5.43422E-1 5.43422E-1 5.43422E-1 5.43422E-1 5.04267E-1 4.85817E-1
4.22916E-1 4.22916E-1 4.233E-1 4.233E-1 4.233E-1 4.233E-1 4.233E-1 4.233E-1 4.233E-1 4.23683E-1 4.24067E-1 4.2445E-1 4.2445E-1 4.2445E-1 4.2445E-1 4.2445E-1 4.2445E-1 4.2445E-1 4.2445E-1 4.2445E-1 4.2445E-1 4.2445E-1 4.24067E-1 4.21384E-1 4.20236E-1 4.19853E-1 4.19853E-1 4.19853E-1 4.19853E-1 4.17559E-1 4.1032E-1 4.08422E-1 4.07663E-1 4.07663E-1 4.07663E-1 4.07663E-1 4.07663E-1 4.07663E-1 4.07663E-1 4.07663E-1 4.07663E-1 4.07663E-1 4.07663E-1 4.32913E-1 4.82679E-1 4.88171E-1 4.89348E-1 4.89348E-1 4.89348E-1 4.89348E-1 5.34837E-1 5.90596E-1 5.94886E-1 5.95137E-1 5.95137E-1 5.95137E-1 5.95137E-1 5.7774E-1 5.4537E-1 5.43422E-1 5.43422E-1 5.43422E-1 5.43422E-1 5.43422E-1 5.04267E-1 4.85817E-1
4.22916E-1 4.22916E-1 4.233E-1 4.233E-1 4.233E-1 4.233E-1 4.233E-1 4.233E-1 4.233E-1 4.23683E-1 4.24067E-1 4.2445E-1 4.2445E-1 4.2445E-1 4.2445E-1 4.2445E-1 4.2445E-1 4.2445E-1 4.2445E-1 4.2445E-1 4.2445E-1 4.2445E-1 4.24067E-1 4.21384E-1 4.20236E-1 4.19853E-1 4.19853E-1 4.19853E-1 4.19853E-1 4.17559E-1 4.1032E-1 4.08422E-1 4.07663E-1 4.07663E-1 4.07663E-1 4.07663E-1 4.07663E-1 4.07663E-1 4.07663E-1 4.07663E-1 4.07663E-1 4.07663E-1 4.07663E-1 4.32913E-1 4.82679E-1 4.88171E-1 4.89348E-1 4.89348E-1 4.89348E-1 4.89348E-1 5.34837E-1 5.90596E-1 5.94886E-1 5.95137E-1 5.95137E-1 5.95137E-1 5.95137E-1 5.7774E-1 5.4537E-1 5.43422E-1 5.43422E-1 5.43422E-1 5.43422E-1 5.43422E-1 5.04267E-1 4.85817E-1
4.22916E-1 4.22916E-1 4.233E-1 4.233E-1 4.233E-1 4.233E-1 4.233E-1 4.233E-1 4.233E-1 4.23683E-1 4.24067E-1 4.2445E-1 4.2445E-1 4.2445E-1 4.2445E-1 4.2445E-1 4.2445E-1 4.2445E-1 4.2445E-1 4.2445E-1 4.2445E-1 4.2445E-1 4.24067E-1 4.21001E-1 4.19853E-1 4.1947E-1 4.1947E-1 4.1947E-1 4.1947E-1 4.17177E-1 4.0994E-1 4.08042E-1 4.07284E-1 4.07284E-1 4.07284E-1 4.07284E-1 4.07284E-1 4.07284E-1 4.07284E-1 4.07284E-1 4.07284E-1 4.07284E-1 4.07284E-1 4.31756E-1 4.80718E-1 4.86209E-1 4.86994E-1 4.86994E-1 4.86994E-1 4.86994E-1 5.32492E-1 5.88826E-1 5.92869E-1 5.93121E-1 5.93121E-1 5.93121E-1 5.93121E-1 5.7544E-1 5.43812E-1 5.41473E-1 5.41473E-1 5.41473E-1 5.41473E-1 5.41473E-1 5.03482E-1 4.85425E-1
4.22916E-1 4.22916E-1 4.22916E-1 4.22916E-1 4.22916E-1 4.22916E-1 4.22916E-1 4.22916E-1 4.22916E-1 4.233E-1 4.23683E-1 4.23683E-1 4.23683E-1 4.23683E-1 4.23683E-1 4.23683E-1 4.24067E-1 4.2445E-1 4.2445E-1 4.2445E-1 4.2445E-1 4.2445E-1 4.233E-1 4.16796E-1 4.14126E-1 4.13364E-1 4.13364E-1 4.13364E-1 4.13364E-1 4.11461E-1 4.05768E-1 4.04254E-1 4.03876E-1 4.03876E-1 4.03876E-1 4.03876E-1 4.03876E-1 4.03876E-1 4.03876E-1 4.03876E-1 4.03876E-1 4.03876E-1 4.03876E-1 4.15651E-1 4.32913E-1 4.35614E-1 4.36E-1 4.36E-1 4.36E-1 4.36E-1 4.85425E-1 5.24665E-1 5.30145E-1 5.30536E-1 5.30536E-1 5.30536E-1 5.30536E-1 5.18394E-1 5.09763E-1 5.08586E-1 5.08586E-1 5.08586E-1 5.08586E-1 5.08586E-1 4.89741E-1 4.80718E-1
