outputpop/cholera.asc
ncols         500
nrows         376
xllcorner     -74.6
yllcorner     17.9
cellsize      0.00606666666666658
NODATA_value  -9999
[rows 270 to 299 of 376, columns 330 to 395 of 500]
4.32527E-1 4.32527E-1 4.34455E-1 4.36E-1 4.36772E-1 4.36772E-1 4.36772E-1 4.36772E-1 4.36772E-1 4.62716E-1 4.72491E-1 4.76015E-1 4.76015E-1 4.76015E-1 4.76015E-1 4.80718E-1 6.21284E-1 6.66304E-1 6.80445E-1 6.80445E-1 6.80445E-1 6.80445E-1 7.06282E-1 8.34198E-1 8.68787E-1 8.7856E-1 8.7856E-1 8.7856E-1 8.7856E-1 8.87125E-1 9.03185E-1 9.08897E-1 8.0409E-1 8.0409E-1 8.0409E-1 8.0409E-1 9.05933E-1 8.94398E-1 8.92463E-1 9.01871E-1 9.01871E-1 9.01871E-1 9.01871E-1 8.61403E-1 7.762E-1 7.60854E-1 7.5791E-1 7.5791E-1 7.5791E-1 7.5791E-1 7.19546E-1 6.70012E-1 6.52691E-1 6.51742E-1 6.51742E-1 6.51742E-1 6.51742E-1 6.05171E-1 5.51981E-1 5.45759E-1 5.45759E-1 5.45759E-1 5.45759E-1 5.45759E-1 5.11725E-1 4.96022E-1
4.32527E-1 4.32527E-1 4.3407E-1 4.35614E-1 4.36E-1 4.36E-1 4.36E-1 4.36E-1 4.36E-1 4.60375E-1 4.69361E-1 4.72491E-1 4.72491E-1 4.72491E-1 4.72491E-1 4.7915E-1 6.54111E-1 6.92169E-1 6.99313E-1 6.99313E-1 6.99313E-1 6.99313E-1 7.26382E-1 8.55722E-1 8.8888E-1 8.98038E-1 8.98038E-1 8.98038E-1 8.98038E-1 8.92279E-1 9.06519E-1 9.09688E-1 8.0409E-1 8.0409E-1 8.0409E-1 8.0409E-1 9.04087E-1 8.98038E-1 8.95482E-1 8.94653E-1 8.94653E-1 8.94653E-1 8.94653E-1 8.37095E-1 7.08346E-1 6.84849E-1 6.80362E-1 6.80362E-1 6.80362E-1 6.80362E-1 6.35924E-1 5.87053E-1 5.79949E-1 5.79272E-1 5.79272E-1 5.79272E-1 5.79272E-1 5.75823E-1 5.7352E-1 5.73136E-1 5.73136E-1 5.73136E-1 5.73136E-1 5.73136E-1 5.18002E-1 4.9877E-1
4.32527E-1 4.32527E-1 4.3407E-1 4.35614E-1 4.36E-1 4.36E-1 4.36E-1 4.36E-1 4.36E-1 4.60375E-1 4.69361E-1 4.72491E-1 4.72491E-1 4.72491E-1 4.72491E-1 4.7915E-1 6.54111E-1 6.92169E-1 6.99313E-1 6.99313E-1 6.99313E-1 6.99313E-1 7.26382E-1 8.55722E-1 8.8888E-1 8.98038E-1 8.98038E-1 8.98038E-1 8.98038E-1 8.92279E-1 9.06519E-1 9.09688E-1 8.0409E-1 8.0409E-1 8.0409E-1 8.0409E-1 9.04087E-1 8.98038E-1 8.95482E-1 8.94653E-1 8.94653E-1 8.94653E-1 8.94653E-1 8.37095E-1 7.08346E-1 6.84849E-1 6.80362E-1 6.80362E-1 6.80362E-1 6.80362E-1 6.35924E-1 5.87053E-1 5.79949E-1 5.79272E-1 5.79272E-1 5.79272E-1 5.79272E-1 5.75823E-1 5.7352E-1 5.73136E-1 5.73136E-1 5.73136E-1 5.73136E-1 5.73136E-1 5.18002E-1 4.9877E-1
4.32527E-1 4.32527E-1 4.3407E-1 4.35614E-1 4.36E-1 4.36E-1 4.36E-1 4.36E-1 4.36E-1 4.60375E-1 4.69361E-1 4.72491E-1 4.72491E-1 4.72491E-1 4.72491E-1 4.7915E-1 6.54111E-1 6.92169E-1 6.99313E-1 6.99313E-1 6.99313E-1 6.99313E-1 7.26382E-1 8.55722E-1 8.8888E-1 8.98038E-1 8.98038E-1 8.98038E-1 8.98038E-1 8.92279E-1 9.06519E-1 9.09688E-1 8.0409E-1 8.0409E-1 8.0409E-1 8.0409E-1 9.04087E-1 8.98038E-1 8.95482E-1 8.94653E-1 8.94653E-1 8.94653E-1 8.94653E-1 8.37095E-1 7.08346E-1 6.84849E-1 6.80362E-1 6.80362E-1 6.80362E-1 6.80362E-1 6.35924E-1 5.87053E-1 5.79949E-1 5.79272E-1 5.79272E-1 5.79272E-1 5.79272E-1 5.75823E-1 5.7352E-1 5.73136E-1 5.73136E-1 5.73136E-1 5.73136E-1 5.73136E-1 5.18002E-1 4.9877E-1
4.32527E-1 4.32527E-1 4.3407E-1 4.35614E-1 4.36E-1 4.36E-1 4.36E-1 4.36E-1 4.36E-1 4.60375E-1 4.69361E-1 4.72491E-1 4.72491E-1 4.72491E-1 4.72491E-1 4.7915E-1 6.54111E-1 6.92169E-1 6.99313E-1 6.99313E-1 6.99313E-1 6.99313E-1 7.26382E-1 8.55722E-1 8.8888E-1 8.98038E-1 8.98038E-1 8.98038E-1 8.98038E-1 8.92279E-1 9.06519E-1 9.09688E-1 8.0409E-1 8.0409E-1 8.0409E-1 8.0409E-1 9.04087E-1 8.98038E-1 8.95482E-1 8.94653E-1 8.94653E-1 8.94653E-1 8.94653E-1 8.37095E-1 7.08346E-1 6.84849E-1 6.80362E-1 6.80362E-1 6.80362E-1 6.80362E-1 6.35924E-1 5.87053E-1 5.79949E-1 5.79272E-1 5.79272E-1 5.79272E-1 5.79272E-1 5.75823E-1 5.7352E-1 5.73136E-1 5.73136E-1 5.73136E-1 5.73136E-1 5.73136E-1 5.18002E-1 4.9877E-1
4.32527E-1 4.32527E-1 4.3407E-1 4.35227E-1 4.36E-1 4.36E-1 4.36E-1 4.36E-1 4.36E-1 4.59984E-1 4.68187E-1 4.71317E-1 4.71317E-1 4.71317E-1 4.71317E-1 4.77974E-1 6.57179E-1 6.93801E-1 7.01165E-1 7.01165E-1 7.01165E-1 7.01165E-1 7.28208E-1 8.56996E-1 8.89936E-1 8.99052E-1 8.99052E-1 8.99052E-1 8.99052E-1 8.9316E-1 9.06714E-1 9.09751E-1 8.0409E-1 8.0409E-1 8.0409E-1 8.0409E-1 9.03419E-1 8.95733E-1 8.92869E-1 8.91911E-1 8.91911E-1 8.91911E-1 8.91911E-1 8.34198E-1 7.06203E-1 6.83025E-1 6.75993E-1 6.75993E-1 6.75993E-1 6.75993E-1 6.32043E-1 5.84517E-1 5.76207E-1 5.75823E-1 5.75823E-1 5.75823E-1 5.75823E-1 5.73904E-1 5.58187E-1 5.58187E-1 5.58187E-1 5.58187E-1 5.58187E-1 5.58187E-1 5.1957E-1 5.01126E-1
4.32527E-1 4.32527E-1 4.33684E-1 4.34841E-1 4.35227E-1 4.35227E-1 4.35227E-1 4.35227E-1 4.35227E-1 4.57645E-1 4.64669E-1 4.67014E-1 4.67014E-1 4.67014E-1 4.67014E-1 4.74449E-1 6.66536E-1 6.99071E-1 7.06918E-1 7.06918E-1 7.06918E-1 7.06918E-1 7.33863E-1 8.61082E-1 8.93345E-1 8.92279E-1 8.92279E-1 8.92279E-1 8.92279E-1 8.9591E-1 9.07329E-1 9.07847E-1 8.0409E-1 8.0409E-1 8.0409E-1 8.0409E-1 9.01188E-1 8.87891E-1 8.83938E-1 8.82633E-1 8.82633E-1 8.82633E-1 8.82633E-1 8.24428E-1 6.99313E-1 6.71628E-1 6.6E-1 6.6E-1 6.6E-1 6.6E-1 6.19314E-1 5.7352E-1 5.4965E-1 5.49261E-1 5.49261E-1 5.49261E-1 5.49261E-1 5.53534E-1 5.56637E-1 5.57025E-1 5.57025E-1 5.57025E-1 5.57025E-1 5.57025E-1 5.24273E-1 5.08978E-1
4.32527E-1 4.32527E-1 4.32913E-1 4.32913E-1 4.33298E-1 4.33298E-1 4.33298E-1 4.33298E-1 4.33298E-1 4.35614E-1 4.37159E-1 4.37545E-1 4.37545E-1 4.37545E-1 4.37545E-1 4.59594E-1 6.89958E-1 7.21631E-1 7.31986E-1 7.31986E-1 7.31986E-1 7.31986E-1 7.57981E-1 8.77945E-1 8.97896E-1 9.06649E-1 9.06649E-1 9.06649E-1 9.06649E-1 9.07426E-1 9.03295E-1 8.3333E-1 8.0409E-1 8.0409E-1 8.0409E-1 8.0409E-1 9.00813E-1 8.4654E-1 8.36046E-1 8.32547E-1 8.32547E-1 8.32547E-1 8.32547E-1 7.75533E-1 6.4507E-1 5.93373E-1 5.83247E-1 5.83247E-1 5.83247E-1 5.83247E-1 5.36009E-1 5.00733E-1 4.95629E-1 4.95237E-1 4.95237E-1 4.95237E-1 4.95237E-1 5.26623E-1 5.48483E-1 5.50816E-1 5.50816E-1 5.50816E-1 5.50816E-1 5.50816E-1 5.45759E-1 5.43422E-1
4.32527E-1 4.32527E-1 4.32527E-1 4.32527E-1 4.32527E-1 4.32527E-1 4.32527E-1 4.32527E-1 4.32527E-1 4.32527E-1 4.32527E-1 4.32527E-1 4.32527E-1 4.32527E-1 4.32527E-1 4.55307E-1 6.94127E-1 7.27904E-1 7.38852E-1 7.38852E-1 7.38852E-1 7.38852E-1 7.64602E-1 8.82434E-1 9.01903E-1 8.46589E-1 8.46589E-1 8.46589E-1 8.46589E-1 8.37849E-1 8.0922E-1 8.0409E-1 8.0409E-1 8.0409E-1 8.0409E-1 8.0409E-1 8.97933E-1 8.326E-1 8.19716E-1 8.15426E-1 8.15426E-1 8.15426E-1 8.15426E-1 7.59875E-1 6.18328E-1 5.4965E-1 5.35618E-1 5.35618E-1 5.35618E-1 5.35618E-1 5.10156E-1 4.83855E-1 4.80326E-1 4.79934E-1 4.79934E-1 4.79934E-1 4.79934E-1 5.18786E-1 5.46148E-1 5.49261E-1 5.49261E-1 5.49261E-1 5.49261E-1 5.49261E-1 5.51981E-1 5.53146E-1
4.32527E-1 4.32527E-1 4.32527E-1 4.32527E-1 4.32527E-1 4.32527E-1 4.32527E-1 4.32527E-1 4.32527E-1 4.32527E-1 4.32527E-1 4.32527E-1 4.32527E-1 4.32527E-1 4.32527E-1 4.55307E-1 6.94127E-1 7.27904E-1 7.38852E-1 7.38852E-1 7.38852E-1 7.38852E-1 7.64602E-1 8.82434E-1 9.01903E-1 8.46589E-1 8.46589E-1 8.46589E-1 8.46589E-1 8.37849E-1 8.0922E-1 8.0409E-1 8.0409E-1 8.0409E-1 8.0409E-1 8.0409E-1 8.97933E-1 8.326E-1 8.19716E-1 8.15426E-1 8.15426E-1 8.15426E-1 8.15426E-1 7.59875E-1 6.18328E-1 5.4965E-1 5.35618E-1 5.35618E-1 5.35618E-1 5.35618E-1 5.10156E-1 4.83855E-1 4.80326E-1 4.79934E-1 4.79934E-1 4.79934E-1 4.79934E-1 5.18786E-1 5.46148E-1 5.49261E-1 5.49261E-1 5.49261E-1 5.49261E-1 5.49261E-1 5.51981E-1 5.53146E-1
4.32527E-1 4.32527E-1 4.32527E-1 4.32527E-1 4.32527E-1 4.32527E-1 4.32527E-1 4.32527E-1 4.32527E-1 4.32527E-1 4.32527E-1 4.32527E-1 4.32527E-1 4.32527E-1 4.32527E-1 4.55307E-1 6.94127E-1 7.27904E-1 7.38852E-1 7.38852E-1 7.38852E-1 7.38852E-1 7.64602E-1 8.82434E-1 9.01903E-1 8.46589E-1 8.46589E-1 8.46589E-1 8.46589E-1 8.37849E-1 8.0922E-1 8.0409E-1 8.0409E-1 8.0409E-1 8.0409E-1 8.0409E-1 8.97933E-1 8.326E-1 8.19716E-1 8.15426E-1 8.15426E-1 8.15426E-1 8.15426E-1 7.59875E-1 6.18328E-1 5.4965E-1 5.35618E-1 5.35618E-1 5.35618E-1 5.35618E-1 5.10156E-1 4.83855E-1 4.80326E-1 4.79934E-1 4.79934E-1 4.79934E-1 4.79934E-1 5.18786E-1 5.46148E-1 5.49261E-1 5.49261E-1 5.49261E-1 5.49261E-1 5.49261E-1 5.51981E-1 5.53146E-1
4.32527E-1 4.32527E-1 4.32527E-1 4.32527E-1 4.32527E-1 4.32527E-1 4.32527E-1 4.32527E-1 4.32527E-1 4.32527E-1 4.32527E-1 4.32527E-1 4.32527E-1 4.32527E-1 4.32527E-1 4.55307E-1 6.94127E-1 7.27904E-1 7.38852E-1 7.38852E-1 7.38852E-1 7.38852E-1 7.64602E-1 8.82434E-1 9.01903E-1 8.46589E-1 8.46589E-1 8.46589E-1 8.46589E-1 8.37849E-1 8.0922E-1 8.0409E-1 8.0409E-1 8.0409E-1 8.0409E-1 8.0409E-1 8.97933E-1 8.326E-1 8.19716E-1 8.15426E-1 8.15426E-1 8.15426E-1 8.15426E-1 7.59875E-1 6.18328E-1 5.4965E-1 5.35618E-1 5.35618E-1 5.35618E-1 5.35618E-1 5.10156E-1 4.83855E-1 4.80326E-1 4.79934E-1 4.79934E-1 4.79934E-1 4.79934E-1 5.18786E-1 5.46148E-1 5.49261E-1 5.49261E-1 5.49261E-1 5.49261E-1 5.49261E-1 5.51981E-1 5.53146E-1
4.32527E-1 4.32527E-1 4.32527E-1 4.32527E-1 4.32527E-1 4.32527E-1 4.32527E-1 4.32527E-1 4.32527E-1 4.32527E-1 4.32527E-1 4.32527E-1 4.32527E-1 4.32527E-1 4.32527E-1 4.54917E-1 6.93475E-1 7.27068E-1 7.37888E-1 7.37888E-1 7.37888E-1 7.37888E-1 7.63565E-1 8.81316E-1 9.00812E-1 9.09372E-1 9.09372E-1 9.09372E-1 9.09372E-1 9.09625E-1 8.42268E-1 8.14247E-1 8.0409E-1 8.0409E-1 8.0409E-1 8.0409E-1 8.98319E-1 8.34516E-1 8.21916E-1 8.17781E-1 8.17781E-1 8.17781E-1 8.17781E-1 7.61272E-1 6.15363E-1 5.43422E-1 5.28971E-1 5.28971E-1 5.28971E-1 5.28971E-1 5.05052E-1 4.80718E-1 4.77191E-1 4.76799E-1 4.76799E-1 4.76799E-1 4.76799E-1 5.13295E-1 5.38742E-1 5.41863E-1 5.41863E-1 5.41863E-1 5.41863E-1 5.41863E-1 5.47316E-1 5.50038E-1
4.32527E-1 4.32527E-1 4.32527E-1 4.32527E-1 4.32527E-1 4.32527E-1 4.32527E-1 4.32527E-1 4.32527E-1 4.32527E-1 4.32527E-1 4.32527E-1 4.32527E-1 4.32527E-1 4.32527E-1 4.54528E-1 6.91269E-1 7.23936E-1 7.34612E-1 7.34612E-1 7.34612E-1 7.34612E-1 7.59945E-1 8.77451E-1 8.96943E-1 9.05638E-1 9.05638E-1 9.05638E-1 9.05638E-1 9.06584E-1 9.09751E-1 8.42268E-1 8.0409E-1 8.0409E-1 8.0409E-1 8.0409E-1 8.99608E-1 8.40825E-1 8.29423E-1 8.25646E-1 8.25646E-1 8.25646E-1 8.25646E-1 7.65979E-1 6.0567E-1 5.21922E-1 5.0623E-1 5.0623E-1 5.0623E-1 5.0623E-1 4.88171E-1 4.69361E-1 4.66623E-1 4.66623E-1 4.66623E-1 4.66623E-1 4.66623E-1 4.94451E-1 5.1408E-1 5.16433E-1 5.16433E-1 5.16433E-1 5.16433E-1 5.16433E-1 5.3171E-1 5.38742E-1
4.32527E-1 4.32527E-1 4.32527E-1 4.32527E-1 4.32527E-1 4.32527E-1 4.32527E-1 4.32527E-1 4.32527E-1 4.32527E-1 4.32527E-1 4.32527E-1 4.32527E-1 4.32527E-1 4.32527E-1 4.53749E-1 6.85014E-1 7.1527E-1 7.25161E-1 7.25161E-1 7.25161E-1 7.25161E-1 7.49726E-1 8.66097E-1 8.95948E-1 8.94471E-1 8.94471E-1 8.94471E-1 8.94471E-1 8.9765E-1 9.07715E-1 9.00384E-1 8.0409E-1 8.0409E-1 8.0409E-1 8.0409E-1 8.93343E-1 8.57559E-1 8.48916E-1 8.46091E-1 8.46091E-1 8.46091E-1 8.46091E-1 7.78722E-1 5.7659E-1 4.61545E-1 4.31371E-1 4.31371E-1 4.31371E-1 4.31371E-1 4.29061E-1 4.2637E-1 4.25986E-1 4.25986E-1 4.25986E-1 4.25986E-1 4.25986E-1 4.30216E-1 4.33298E-1 4.33684E-1 4.33684E-1 4.33684E-1 4.33684E-1 4.33684E-1 4.86602E-1 5.0623E-1
4.32527E-1 4.32527E-1 4.32527E-1 4.32527E-1 4.32527E-1 4.32527E-1 4.32527E-1 4.32527E-1 4.32527E-1 4.32527E-1 4.32527E-1 4.32527E-1 4.32527E-1 4.32527E-1 4.32527E-1 4.53749E-1 6.84103E-1 7.1394E-1 7.23706E-1 7.23706E-1 7.23706E-1 7.23706E-1 7.4814E-1 8.64308E-1 8.94255E-1 8.92647E-1 8.92647E-1 8.92647E-1 8.92647E-1 8.96196E-1 9.07393E-1 9.06131E-1 8.0409E-1 8.0409E-1 8.0409E-1 8.0409E-1 8.93926E-1 8.59978E-1 8.51747E-1 8.49064E-1 8.49064E-1 8.49064E-1 8.49064E-1 7.80632E-1 5.55862E-1 4.52192E-1 4.21767E-1 4.21767E-1 4.21767E-1 4.21767E-1 4.21767E-1 4.21767E-1 4.21767E-1 4.21767E-1 4.21767E-1 4.21767E-1 4.21767E-1 4.22533E-1 4.22916E-1 4.22916E-1 4.22916E-1 4.22916E-1 4.22916E-1 4.22916E-1 4.79934E-1 5.01519E-1
4.32527E-1 4.32527E-1 4.32527E-1 4.32527E-1 4.32527E-1 4.32527E-1 4.32527E-1 4.32527E-1 4.32527E-1 4.32527E-1 4.32527E-1 4.32527E-1 4.32527E-1 4.32527E-1 4.32527E-1 4.53749E-1 6.84103E-1 7.1394E-1 7.23706E-1 7.23706E-1 7.23706E-1 7.23706E-1 7.4814E-1 8.64308E-1 8.94255E-1 8.92647E-1 8.92647E-1 8.92647E-1 8.92647E-1 8.96196E-1 9.07393E-1 9.06131E-1 8.0409E-1 8.0409E-1 8.0409E-1 8.0409E-1 8.93926E-1 8.59978E-1 8.51747E-1 8.49064E-1 8.49064E-1 8.49064E-1 8.49064E-1 7.80632E-1 5.55862E-1 4.52192E-1 4.21767E-1 4.21767E-1 4.21767E-1 4.21767E-1 4.21767E-1 4.21767E-1 4.21767E-1 4.21767E-1 4.21767E-1 4.21767E-1 4.21767E-1 4.22533E-1 4.22916E-1 4.22916E-1 4.22916E-1 4.22916E-1 4.22916E-1 4.22916E-1 4.79934E-1 5.01519E-1
4.32527E-1 4.32527E-1 4.32527E-1 4.32527E-1 4.32527E-1 4.32527E-1 4.32527E-1 4.32527E-1 4.32527E-1 4.32527E-1 4.32527E-1 4.32527E-1 4.32527E-1 4.32527E-1 4.32527E-1 4.53749E-1 6.84103E-1 7.1394E-1 7.23706E-1 7.23706E-1 7.23706E-1 7.23706E-1 7.4814E-1 8.64308E-1 8.94255E-1 8.92647E-1 8.92647E-1 8.92647E-1 8.92647E-1 8.96196E-1 9.07393E-1 9.06131E-1 8.0409E-1 8.0409E-1 8.0409E-1 8.0409E-1 8.93926E-1 8.59978E-1 8.51747E-1 8.49064E-1 8.49064E-1 8.49064E-1 8.49064E-1 7.80632E-1 5.55862E-1 4.52192E-1 4.21767E-1 4.21767E-1 4.21767E-1 4.21767E-1 4.21767E-1 4.21767E-1 4.21767E-1 4.21767E-1 4.21767E-1 4.21767E-1 4.21767E-1 4.22533E-1 4.22916E-1 4.22916E-1 4.22916E-1 4.22916E-1 4.22916E-1 4.22916E-1 4.79934E-1 5.01519E-1
4.32527E-1 4.32527E-1 4.32527E-1 4.32527E-1 4.32527E-1 4.32527E-1 4.32527E-1 4.32527E-1 4.32527E-1 4.32527E-1 4.32527E-1 4.32527E-1 4.32527E-1 4.32527E-1 4.32527E-1 4.53749E-1 6.84103E-1 7.1394E-1 7.23706E-1 7.23706E-1 7.23706E-1 7.23706E-1 7.4814E-1 8.64308E-1 8.94255E-1 8.92647E-1 8.92647E-1 8.92647E-1 8.92647E-1 8.96196E-1 9.07393E-1 9.06131E-1 8.0409E-1 8.0409E-1 8.0409E-1 8.0409E-1 8.93926E-1 8.59978E-1 8.51747E-1 8.49064E-1 8.49064E-1 8.49064E-1 8.49064E-1 7.80632E-1 5.55862E-1 4.52192E-1 4.21767E-1 4.21767E-1 4.21767E-1 4.21767E-1 4.21767E-1 4.21767E-1 4.21767E-1 4.21767E-1 4.21767E-1 4.21767E-1 4.21767E-1 4.22533E-1 4.22916E-1 4.22916E-1 4.22916E-1 4.22916E-1 4.22916E-1 4.22916E-1 4.79934E-1 5.01519E-1
4.32527E-1 4.32527E-1 4.32527E-1 4.32527E-1 4.32527E-1 4.32527E-1 4.32527E-1 4.32527E-1 4.32527E-1 4.32527E-1 4.32142E-1 4.32142E-1 4.32142E-1 4.32142E-1 4.32142E-1 4.52192E-1 6.75076E-1 7.05725E-1 7.14723E-1 7.14723E-1 7.14723E-1 7.14723E-1 7.37517E-1 8.49113E-1 8.79295E-1 8.87853E-1 8.87853E-1 8.87853E-1 8.87853E-1 8.91985E-1 8.95193E-1 8.98352E-1 8.99363E-1 8.99363E-1 8.99363E-1 8.99363E-1 8.93382E-1 8.50825E-1 8.4302E-1 8.40414E-1 8.40414E-1 8.40414E-1 8.40414E-1 7.7339E-1 5.49261E-1 4.39866E-1 4.21767E-1 4.21767E-1 4.21767E-1 4.21767E-1 4.21767E-1 4.21767E-1 4.21767E-1 4.21767E-1 4.21767E-1 4.21767E-1 4.21767E-1 4.2215E-1 4.22533E-1 4.22533E-1 4.22533E-1 4.22533E-1 4.22533E-1 4.22533E-1 4.75624E-1 4.95237E-1
4.32527E-1 4.32527E-1 4.32527E-1 4.32527E-1 4.32527E-1 4.32527E-1 4.32527E-1 4.32527E-1 4.32527E-1 4.31756E-1 4.31371E-1 4.30986E-1 4.30986E-1 4.30986E-1 4.30986E-1 4.36772E-1 6.20053E-1 6.74388E-1 6.84435E-1 6.84435E-1 6.84435E-1 6.84435E-1 7.01004E-1 7.90006E-1 8.17724E-1 8.25977E-1 8.25977E-1 8.25977E-1 8.25977E-1 8.34038E-1 8.59005E-1 8.64532E-1 8.66319E-1 8.66319E-1 8.66319E-1 8.66319E-1 8.52521E-1 8.17609E-1 8.11586E-1 8.09643E-1 8.09643E-1 8.09643E-1 8.09643E-1 7.48645E-1 5.2858E-1 4.36772E-1 4.21767E-1 4.21767E-1 4.21767E-1 4.21767E-1 4.21767E-1 4.21767E-1 4.21767E-1 4.21767E-1 4.21767E-1 4.21767E-1 4.21767E-1 4.2215E-1 4.2215E-1 4.2215E-1 4.2215E-1 4.2215E-1 4.2215E-1 4.2215E-1 4.61936E-1 4.75624E-1
4.32527E-1 4.32527E-1 4.32527E-1 4.32527E-1 4.32527E-1 4.32527E-1 4.32527E-1 4.32527E-1 4.32527E-1 4.30601E-1 4.29061E-1 4.28676E-1 4.28676E-1 4.28676E-1 4.28676E-1 4.28676E-1 4.30986E-1 4.32142E-1 4.32527E-1 4.32527E-1 4.32527E-1 4.32527E-1 4.35227E-1 4.63107E-1 4.69361E-1 4.70925E-1 4.70925E-1 4.70925E-1 4.70925E-1 5.7544E-1 7.08426E-1 7.22939E-1 7.27676E-1 7.27676E-1 7.27676E-1 7.27676E-1 7.28966E-1 7.31761E-1 7.32137E-1 7.32287E-1 7.32287E-1 7.32287E-1 7.32287E-1 6.92169E-1 4.86209E-1 4.30216E-1 4.2215E-1 4.2215E-1 4.2215E-1 4.2215E-1 4.21767E-1 4.21767E-1 4.21767E-1 4.21767E-1 4.21767E-1 4.21767E-1 4.21767E-1 4.21767E-1 4.21767E-1 4.21767E-1 4.21767E-1 4.21767E-1 4.21767E-1 4.21767E-1 4.22916E-1 4.233E-1
4.32527E-1 4.32527E-1 4.32527E-1 4.32527E-1 4.32527E-1 4.32527E-1 4.32527E-1 4.32527E-1 4.32527E-1 4.30601E-1 4.29061E-1 4.28676E-1 4.28676E-1 4.28676E-1 4.28676E-1 4.28676E-1 4.26754E-1 4.2637E-1 4.25986E-1 4.25986E-1 4.25986E-1 4.25986E-1 4.27138E-1 4.33298E-1 4.35227E-1 4.36E-1 4.36E-1 4.36E-1 4.36E-1 5.37961E-1 7.04209E-1 7.19004E-1 7.23783E-1 7.23783E-1 7.23783E-1 7.23783E-1 7.25619E-1 7.29572E-1 7.30177E-1 7.30403E-1 7.30403E-1 7.30403E-1 7.30403E-1 6.9086E-1 4.85032E-1 4.30216E-1 4.2215E-1 4.2215E-1 4.2215E-1 4.2215E-1 4.21767E-1 4.21767E-1 4.21767E-1 4.21767E-1 4.21767E-1 4.21767E-1 4.21767E-1 4.21767E-1 4.21767E-1 4.21767E-1 4.21767E-1 4.21767E-1 4.21767E-1 4.21767E-1 4.2215E-1 4.22533E-1
4.32527E-1 4.32527E-1 4.32527E-1 4.32527E-1 4.32527E-1 4.32527E-1 4.32527E-1 4.32527E-1 4.32527E-1 4.30601E-1 4.29061E-1 4.28676E-1 4.28676E-1 4.28676E-1 4.28676E-1 4.28676E-1 4.26754E-1 4.2637E-1 4.25986E-1 4.25986E-1 4.25986E-1 4.25986E-1 4.27138E-1 4.33298E-1 4.35227E-1 4.36E-1 4.36E-1 4.36E-1 4.36E-1 5.37961E-1 7.04209E-1 7.19004E-1 7.23783E-1 7.23783E-1 7.23783E-1 7.23783E-1 7.25619E-1 7.29572E-1 7.30177E-1 7.30403E-1 7.30403E-1 7.30403E-1 7.30403E-1 6.9086E-1 4.85032E-1 4.30216E-1 4.2215E-1 4.2215E-1 4.2215E-1 4.2215E-1 4.21767E-1 4.21767E-1 4.21767E-1 4.21767E-1 4.21767E-1 4.21767E-1 4.21767E-1 4.21767E-1 4.21767E-1 4.21767E-1 4.21767E-1 4.21767E-1 4.21767E-1 4.21767E-1 4.2215E-1 4.22533E-1
4.32527E-1 4.32527E-1 4.32527E-1 4.32527E-1 4.32527E-1 4.32527E-1 4.32527E-1 4.32527E-1 4.32527E-1 4.30601E-1 4.29061E-1 4.28676E-1 4.28676E-1 4.28676E-1 4.28676E-1 4.28676E-1 4.26754E-1 4.2637E-1 4.25986E-1 4.25986E-1 4.25986E-1 4.25986E-1 4.27138E-1 4.33298E-1 4.35227E-1 4.36E-1 4.36E-1 4.36E-1 4.36E-1 5.37961E-1 7.04209E-1 7.19004E-1 7.23783E-1 7.23783E-1 7.23783E-1 7.23783E-1 7.25619E-1 7.29572E-1 7.30177E-1 7.30403E-1 7.30403E-1 7.30403E-1 7.30403E-1 6.9086E-1 4.85032E-1 4.30216E-1 4.2215E-1 4.2215E-1 4.2215E-1 4.2215E-1 4.21767E-1 4.21767E-1 4.21767E-1 4.21767E-1 4.21767E-1 4.21767E-1 4.21767E-1 4.21767E-1 4.21767E-1 4.21767E-1 4.21767E-1 4.21767E-1 4.21767E-1 4.21767E-1 4.2215E-1 4.22533E-1
4.32527E-1 4.32527E-1 4.32527E-1 4.32527E-1 4.32527E-1 4.32527E-1 4.32527E-1 4.32527E-1 4.32527E-1 4.30601E-1 4.29061E-1 4.28676E-1 4.28676E-1 4.28676E-1 4.28676E-1 4.28676E-1 4.26754E-1 4.2637E-1 4.25986E-1 4.25986E-1 4.25986E-1 4.25986E-1 4.27138E-1 4.33298E-1 4.35227E-1 4.36E-1 4.36E-1 4.36E-1 4.36E-1 5.37961E-1 7.04209E-1 7.19004E-1 7.23783E-1 7.23783E-1 7.23783E-1 7.23783E-1 7.25619E-1 7.29572E-1 7.30177E-1 7.30403E-1 7.30403E-1 7.30403E-1 7.30403E-1 6.9086E-1 4.85032E-1 4.30216E-1 4.2215E-1 4.2215E-1 4.2215E-1 4.2215E-1 4.21767E-1 4.21767E-1 4.21767E-1 4.21767E-1 4.21767E-1 4.21767E-1 4.21767E-1 4.21767E-1 4.21767E-1 4.21767E-1 4.21767E-1 4.21767E-1 4.21767E-1 4.21767E-1 4.2215E-1 4.22533E-1
4.32142E-1 4.32142E-1 4.31756E-1 4.31756E-1 4.31756E-1 4.31756E-1 4.31756E-1 4.31756E-1 4.31756E-1 4.29831E-1 4.28676E-1 4.28292E-1 4.28292E-1 4.28292E-1 4.28292E-1 4.28292E-1 4.26754E-1 4.2637E-1 4.25986E-1 4.25986E-1 4.25986E-1 4.25986E-1 4.26754E-1 4.32142E-1 4.3407E-1 4.34841E-1 4.34841E-1 4.34841E-1 4.34841E-1 5.26231E-1 6.9429E-1 7.07554E-1 7.11899E-1 7.11899E-1 7.11899E-1 7.11899E-1 7.13548E-1 7.17218E-1 7.17762E-1 7.17918E-1 7.17918E-1 7.17918E-1 7.17918E-1 6.82527E-1 4.81502E-1 4.31756E-1 4.24834E-1 4.24834E-1 4.24834E-1 4.24834E-1 4.2445E-1 4.2445E-1 4.2445E-1 4.2445E-1 4.2445E-1 4.2445E-1 4.2445E-1 4.24067E-1 4.23683E-1 4.23683E-1 4.23683E-1 4.23683E-1 4.23683E-1 4.23683E-1 4.23683E-1 4.233E-1
4.30216E-1 4.30216E-1 4.30216E-1 4.29831E-1 4.29831E-1 4.29831E-1 4.29831E-1 4.29831E-1 4.29831E-1 4.28292E-1 4.27523E-1 4.27523E-1 4.27523E-1 4.27523E-1 4.27523E-1 4.27523E-1 4.2637E-1 4.25986E-1 4.25986E-1 4.25986E-1 4.25986E-1 4.25986E-1 4.2637E-1 4.29446E-1 4.30986E-1 4.31371E-1 4.31371E-1 4.31371E-1 4.31371E-1 4.90133E-1 6.33743E-1 6.57415E-1 6.65141E-1 6.65141E-1 6.65141E-1 6.65141E-1 6.68161E-1 6.74847E-1 6.75764E-1 6.76222E-1 6.76222E-1 6.76222E-1 6.76222E-1 6.15116E-1 4.70534E-1 4.36772E-1 4.32913E-1 4.32913E-1 4.32913E-1 4.32913E-1 4.32527E-1 4.32527E-1 4.32527E-1 4.32527E-1 4.32527E-1 4.32527E-1 4.32527E-1 4.30601E-1 4.29446E-1 4.29446E-1 4.29446E-1 4.29446E-1 4.29446E-1 4.29446E-1 4.27523E-1 4.26754E-1
4.27907E-1 4.27907E-1 4.27523E-1 4.27138E-1 4.26754E-1 4.26754E-1 4.26754E-1 4.26754E-1 4.26754E-1 4.2637E-1 4.25986E-1 4.25986E-1 4.25986E-1 4.25986E-1 4.25986E-1 4.25986E-1 4.25986E-1 4.25986E-1 4.25986E-1 4.25986E-1 4.25986E-1 4.25986E-1 4.25986E-1 4.25986E-1 4.25986E-1 4.25986E-1 4.25986E-1 4.25986E-1 4.25986E-1 4.25986E-1 4.25986E-1 4.25986E-1 4.25986E-1 4.25986E-1 4.25986E-1 4.25986E-1 4.26754E-1 4.27907E-1 4.28292E-1 4.28292E-1 4.28292E-1 4.28292E-1 4.28292E-1 4.3407E-1 4.54528E-1 4.55696E-1 4.56086E-1 4.56086E-1 4.56086E-1 4.56086E-1 4.55696E-1 4.55696E-1 4.55696E-1 4.55696E-1 4.55696E-1 4.55696E-1 4.55696E-1 4.51803E-1 4.37932E-1 4.37545E-1 4.37545E-1 4.37545E-1 4.37545E-1 4.37545E-1 4.33684E-1 4.31756E-1
4.27907E-1 4.27907E-1 4.27523E-1 4.27138E-1 4.26754E-1 4.26754E-1 4.26754E-1 4.26754E-1 4.26754E-1 4.2637E-1 4.25986E-1 4.25986E-1 4.25986E-1 4.25986E-1 4.25986E-1 4.25986E-1 4.25986E-1 4.25986E-1 4.25986E-1 4.25986E-1 4.25986E-1 4.25986E-1 4.25986E-1 4.25986E-1 4.25986E-1 4.25986E-1 4.25986E-1 4.25986E-1 4.25986E-1 4.25986E-1 4.25986E-1 4.25986E-1 4.25986E-1 4.25986E-1 4.25986E-1 4.25986E-1 4.26754E-1 4.27907E-1 4.28292E-1 4.28292E-1 4.28292E-1 4.28292E-1 4.28292E-1 4.3407E-1 4.54528E-1 4.55696E-1 4.56086E-1 4.56086E-1 4.56086E-1 4.56086E-1 4.55696E-1 4.55696E-1 4.55696E-1 4.55696E-1 4.55696E-1 4.55696E-1 4.55696E-1 4.51803E-1 4.37932E-1 4.37545E-1 4.37545E-1 4.37545E-1 4.37545E-1 4.37545E-1 4.33684E-1 4.31756E-1
