outputcumul/cholera.asc
ncols         343
nrows         248
xllcorner     -74.4803996469999
yllcorner     18.0221399550001
cellsize      0.00833308698833808
NODATA_value  -9999
[rows 124 to 154 of 248, columns 207 to 275 of 343]
1.03193E1 1.03193E1 1.03193E1 1.03193E1 1.03193E1 1.03193E1 1.03193E1 1.03193E1 1.03193E1 1.03193E1 9.3288E0 9.3288E0 9.3288E0 9.3288E0 9.48642E0 9.48642E0 9.48642E0 9.48642E0 9.23409E0 9.23409E0 9.23409E0 9.23409E0 9.23409E0 2.11165E1 2.11165E1 2.11165E1 2.11165E1 2.11165E1 2.22065E1 2.22065E1 2.22065E1 2.22065E1 2.22065E1 2.22065E1 2.11165E1 3.90296E1 2.56123E1 2.56123E1 2.53073E1 2.53073E1 2.53073E1 2.53073E1 2.53073E1 2.53073E1 3.97985E1 3.97985E1 3.97985E1 3.97985E1 2.62104E1 2.62104E1 2.62104E1 2.62104E1 2.62104E1 2.62104E1 2.62104E1 2.62104E1 2.62104E1 2.62104E1 2.62104E1 2.62104E1 2.62104E1 2.62104E1 3.09764E1 3.09764E1 3.09764E1 3.09764E1 3.09764E1 3.09764E1 3.09764E1
1.03193E1 1.03193E1 1.03193E1 1.03193E1 1.03193E1 1.03193E1 1.03193E1 1.03193E1 1.03193E1 1.03193E1 9.3288E0 9.3288E0 9.3288E0 9.48642E0 9.48642E0 9.48642E0 9.48642E0 9.48642E0 9.48642E0 9.48642E0 9.48642E0 2.11165E1 2.11165E1 2.11165E1 2.11165E1 2.11165E1 2.11165E1 2.11165E1 2.11165E1 2.11165E1 2.11165E1 2.11165E1 2.11165E1 2.11165E1 3.90296E1 3.90296E1 3.90296E1 2.56123E1 2.56123E1 2.56123E1 2.56123E1 2.53073E1 2.53073E1 2.53073E1 3.97985E1 3.97985E1 3.97985E1 3.97985E1 3.97985E1 2.62104E1 2.62104E1 2.62104E1 2.62104E1 2.62104E1 2.62104E1 2.62104E1 2.62104E1 2.62104E1 2.62104E1 2.62104E1 2.62104E1 2.62104E1 3.09764E1 3.09764E1 3.09764E1 3.09764E1 3.09764E1 3.09764E1 3.09764E1
1.03193E1 1.03193E1 1.03193E1 1.03193E1 1.03193E1 1.03193E1 1.03193E1 1.03193E1 1.03193E1 1.03193E1 1.03193E1 1.03193E1 1.03193E1 9.48642E0 9.48642E0 9.48642E0 9.48642E0 9.48642E0 9.48642E0 9.48642E0 2.11165E1 2.11165E1 2.11165E1 2.11165E1 2.11165E1 2.11165E1 2.11165E1 2.11165E1 2.11165E1 2.11165E1 2.11165E1 2.11165E1 2.11165E1 2.11165E1 3.90296E1 3.90296E1 3.90296E1 3.90296E1 3.90296E1 2.56123E1 2.56123E1 2.56123E1 2.56123E1 2.53073E1 3.97985E1 3.97985E1 3.97985E1 3.97985E1 3.97985E1 2.62104E1 2.62104E1 2.62104E1 2.62104E1 2.62104E1 2.62104E1 2.62104E1 2.62104E1 2.62104E1 2.62104E1 2.62104E1 2.62104E1 2.62104E1 3.09764E1 3.09764E1 3.09764E1 3.09764E1 3.09764E1 3.09764E1 3.09764E1
1.03193E1 1.03193E1 1.03193E1 1.03193E1 1.03193E1 1.03193E1 1.03193E1 1.03193E1 1.03193E1 1.03193E1 1.03193E1 1.03193E1 1.03193E1 9.48642E0 9.48642E0 9.48642E0 9.48642E0 9.48642E0 9.48642E0 9.48642E0 2.11165E1 2.11165E1 2.11165E1 2.11165E1 2.11165E1 2.11165E1 2.11165E1 2.11165E1 2.11165E1 2.11165E1 2.11165E1 2.11165E1 2.11165E1 2.11165E1 3.90296E1 3.90296E1 3.90296E1 3.90296E1 3.90296E1 2.56123E1 2.56123E1 2.56123E1 2.56123E1 2.56123E1 2.56123E1 3.97985E1 3.97985E1 3.97985E1 3.97985E1 3.97985E1 2.62104E1 2.62104E1 2.62104E1 2.62104E1 2.62104E1 2.62104E1 2.62104E1 2.62104E1 2.62104E1 2.62104E1 2.62104E1 3.09764E1 3.09764E1 3.09764E1 3.09764E1 3.09764E1 3.09764E1 3.09764E1 3.09764E1
1.03193E1 1.03193E1 1.03193E1 1.03193E1 1.03193E1 1.03193E1 1.03193E1 1.03193E1 1.03193E1 1.03193E1 1.03193E1 1.03193E1 1.03193E1 1.03193E1 9.48642E0 9.48642E0 9.48642E0 9.48642E0 9.48642E0 9.48642E0 9.48642E0 2.11165E1 2.11165E1 2.11165E1 2.11165E1 2.11165E1 2.11165E1 2.11165E1 2.11165E1 2.11165E1 2.11165E1 2.11165E1 2.11165E1 2.11165E1 3.90296E1 3.90296E1 3.90296E1 3.90296E1 3.90296E1 2.56123E1 2.56123E1 2.56123E1 2.56123E1 2.56123E1 2.56123E1 3.97985E1 3.97985E1 3.97985E1 3.97985E1 3.97985E1 3.97985E1 3.97985E1 2.62104E1 2.62104E1 2.62104E1 3.97985E1 2.62104E1 2.62104E1 2.62104E1 2.62104E1 2.62104E1 3.09764E1 3.09764E1 3.09764E1 3.09764E1 3.09764E1 3.09764E1 3.09764E1 3.09764E1
1.03193E1 1.03193E1 1.03193E1 1.03193E1 1.03193E1 1.03193E1 1.03193E1 1.03193E1 1.03193E1 1.03193E1 1.03193E1 1.03193E1 9.48642E0 9.48642E0 9.48642E0 9.48642E0 9.48642E0 9.48642E0 9.48642E0 9.48642E0 9.48642E0 2.11165E1 2.11165E1 2.11165E1 2.11165E1 2.11165E1 2.11165E1 2.11165E1 2.11165E1 2.11165E1 2.11165E1 2.11165E1 2.11165E1 3.90296E1 3.90296E1 3.90296E1 3.90296E1 3.90296E1 3.90296E1 3.90296E1 2.56123E1 2.56123E1 2.56123E1 2.56123E1 2.56123E1 2.56123E1 3.97985E1 3.97985E1 3.97985E1 3.97985E1 3.97985E1 3.97985E1 3.97985E1 3.97985E1 3.97985E1 3.97985E1 3.97985E1 3.97985E1 3.97985E1 3.97985E1 3.97985E1 3.09764E1 3.09764E1 3.09764E1 3.09764E1 3.09764E1 3.09764E1 3.09764E1 3.09764E1
1.03193E1 1.03193E1 1.03193E1 5.9295E0 5.9295E0 5.9295E0 5.9295E0 1.03193E1 1.03193E1 1.03193E1 1.03193E1 9.48642E0 9.48642E0 9.48642E0 9.48642E0 9.48642E0 9.48642E0 9.48642E0 9.48642E0 9.48642E0 1.7527E1 1.7527E1 1.7527E1 1.7527E1 1.7527E1 1.7527E1 1.7527E1 2.11165E1 2.11165E1 2.11165E1 2.11165E1 2.11165E1 2.11165E1 3.90296E1 3.90296E1 3.90296E1 3.90296E1 3.90296E1 3.90296E1 3.90296E1 3.90296E1 3.90296E1 2.56123E1 2.56123E1 2.56123E1 2.56123E1 3.97985E1 3.97985E1 3.97985E1 3.97985E1 3.97985E1 3.97985E1 3.97985E1 3.97985E1 3.97985E1 3.97985E1 3.97985E1 3.97985E1 3.97985E1 3.97985E1 3.97985E1 3.97985E1 3.09764E1 3.09764E1 3.09764E1 3.09764E1 3.09764E1 3.09764E1 3.09764E1
-9999 -9999 5.9295E0 5.9295E0 5.9295E0 5.9295E0 5.9295E0 5.9295E0 5.9295E0 5.9295E0 5.9295E0 5.9295E0 9.48642E0 9.48642E0 5.9295E0 5.9295E0 5.9295E0 5.9295E0 5.9295E0 5.9295E0 1.7527E1 1.7527E1 1.7527E1 1.7527E1 1.7527E1 1.7527E1 1.7527E1 1.7527E1 2.11165E1 2.11165E1 2.11165E1 2.11165E1 3.90296E1 3.90296E1 3.90296E1 3.90296E1 3.90296E1 3.90296E1 3.90296E1 3.90296E1 3.90296E1 3.90296E1 3.90296E1 3.90296E1 2.56123E1 2.56123E1 3.97985E1 3.97985E1 3.97985E1 3.97985E1 3.97985E1 3.97985E1 3.97985E1 3.97985E1 3.97985E1 3.97985E1 3.97985E1 3.97985E1 3.97985E1 3.97985E1 3.97985E1 3.97985E1 3.09764E1 3.09764E1 3.09764E1 3.09764E1 3.09764E1 3.09764E1 3.09764E1
-9999 -9999 5.9295E0 5.9295E0 5.9295E0 5.9295E0 5.9295E0 5.9295E0 5.9295E0 5.9295E0 5.9295E0 5.9295E0 5.9295E0 5.9295E0 5.9295E0 5.9295E0 5.9295E0 5.9295E0 5.9295E0 5.9295E0 1.7527E1 1.7527E1 1.7527E1 1.7527E1 1.7527E1 1.7527E1 1.7527E1 1.7527E1 1.7527E1 1.7527E1 2.11165E1 2.11165E1 3.90296E1 3.90296E1 3.90296E1 3.90296E1 3.90296E1 3.90296E1 3.90296E1 3.90296E1 3.90296E1 3.90296E1 3.90296E1 3.90296E1 2.56123E1 2.56123E1 2.56123E1 2.56123E1 3.97985E1 3.97985E1 3.97985E1 3.97985E1 3.97985E1 3.97985E1 3.97985E1 3.97985E1 3.97985E1 3.97985E1 3.97985E1 3.97985E1 3.97985E1 3.97985E1 3.09764E1 3.09764E1 3.09764E1 3.09764E1 3.09764E1 3.09764E1 5.53953E1
-9999 -9999 -9999 5.9295E0 5.9295E0 5.9295E0 5.9295E0 5.9295E0 5.9295E0 5.9295E0 5.9295E0 5.9295E0 5.9295E0 5.9295E0 5.9295E0 5.9295E0 5.9295E0 5.9295E0 5.9295E0 1.7527E1 1.7527E1 1.7527E1 1.7527E1 1.7527E1 1.7527E1 1.7527E1 1.7527E1 1.7527E1 1.7527E1 1.7527E1 1.7527E1 3.90296E1 3.90296E1 3.90296E1 3.90296E1 3.90296E1 3.90296E1 3.90296E1 3.90296E1 3.90296E1 3.90296E1 3.90296E1 3.90296E1 3.90296E1 3.90296E1 3.6953E1 3.6953E1 3.97985E1 3.97985E1 3.97985E1 3.97985E1 3.97985E1 3.97985E1 3.97985E1 3.97985E1 3.97985E1 3.97985E1 3.97985E1 3.97985E1 3.97985E1 3.97985E1 3.97985E1 3.09764E1 3.09764E1 3.09764E1 3.09764E1 3.09764E1 3.09764E1 5.53953E1
-9999 -9999 -9999 5.9295E0 5.9295E0 5.9295E0 5.9295E0 5.9295E0 5.9295E0 1.18449E1 1.18449E1 5.9295E0 1.18449E1 1.18449E1 1.18449E1 1.18449E1 1.18449E1 1.18449E1 1.18449E1 1.18449E1 1.2395E1 1.2395E1 1.7527E1 1.7527E1 1.7527E1 1.7527E1 1.7527E1 1.7527E1 1.7527E1 1.7527E1 1.7527E1 3.90296E1 3.90296E1 3.90296E1 3.90296E1 3.90296E1 3.90296E1 3.90296E1 3.90296E1 3.90296E1 3.90296E1 3.90296E1 3.90296E1 3.90296E1 3.90296E1 3.6953E1 3.6953E1 3.6953E1 3.6953E1 3.6953E1 3.97985E1 3.97985E1 3.97985E1 3.97985E1 3.97985E1 3.97985E1 3.97985E1 3.97985E1 3.97985E1 3.97985E1 3.97985E1 3.97985E1 3.09764E1 5.53953E1 5.53953E1 5.53953E1 3.09764E1 5.53953E1 5.53953E1
-9999 -9999 -9999 5.9295E0 5.9295E0 5.9295E0 5.9295E0 1.18449E1 1.18449E1 1.18449E1 1.18449E1 1.18449E1 1.18449E1 1.18449E1 1.18449E1 1.18449E1 1.18449E1 1.18449E1 1.18449E1 1.18449E1 1.18449E1 1.2395E1 1.2395E1 1.2395E1 1.2395E1 4.10399E1 1.7527E1 1.7527E1 1.7527E1 1.7527E1 1.7527E1 3.90296E1 3.90296E1 3.90296E1 3.90296E1 3.90296E1 3.90296E1 3.90296E1 3.90296E1 3.90296E1 3.90296E1 3.90296E1 3.90296E1 3.90296E1 3.6953E1 3.6953E1 3.6953E1 3.6953E1 3.6953E1 3.6953E1 3.97985E1 3.97985E1 3.97985E1 3.97985E1 3.97985E1 3.97985E1 3.97985E1 3.97985E1 3.97985E1 3.97985E1 3.97985E1 3.97985E1 3.97985E1 5.53953E1 5.53953E1 5.53953E1 5.53953E1 5.53953E1 5.53953E1
-9999 -9999 -9999 -9999 5.9295E0 5.9295E0 1.18449E1 1.18449E1 1.18449E1 1.18449E1 1.18449E1 1.18449E1 1.18449E1 1.18449E1 1.18449E1 1.18449E1 1.18449E1 1.18449E1 1.18449E1 1.18449E1 1.2395E1 1.2395E1 1.2395E1 1.2395E1 1.2395E1 4.10399E1 4.10399E1 4.10399E1 4.10399E1 4.10399E1 4.10399E1 4.10399E1 3.90296E1 3.90296E1 3.90296E1 3.90296E1 3.90296E1 3.90296E1 3.90296E1 3.90296E1 3.90296E1 3.90296E1 3.90296E1 3.90296E1 3.6953E1 3.6953E1 3.6953E1 3.6953E1 3.6953E1 3.6953E1 3.97985E1 3.97985E1 3.97985E1 3.97985E1 3.97985E1 3.97985E1 3.97985E1 3.97985E1 3.97985E1 3.97985E1 3.97985E1 3.97985E1 3.97985E1 3.97985E1 5.53953E1 5.53953E1 5.53953E1 5.53953E1 5.53953E1
-9999 -9999 -9999 -9999 -9999 5.9295E0 1.18449E1 1.18449E1 1.18449E1 1.18449E1 1.18449E1 1.18449E1 1.18449E1 1.18449E1 1.18449E1 1.18449E1 1.18449E1 1.18449E1 1.18449E1 1.2395E1 1.2395E1 1.2395E1 1.2395E1 1.2395E1 1.2395E1 1.2395E1 4.10399E1 4.10399E1 4.10399E1 4.10399E1 4.10399E1 4.10399E1 4.10399E1 3.90296E1 3.90296E1 3.90296E1 3.90296E1 3.90296E1 3.90296E1 3.90296E1 3.90296E1 3.90296E1 3.90296E1 3.6953E1 3.6953E1 3.6953E1 3.6953E1 3.6953E1 3.6953E1 3.6953E1 3.6953E1 3.97985E1 3.97985E1 3.97985E1 3.97985E1 3.97985E1 3.97985E1 3.97985E1 3.97985E1 3.97985E1 3.97985E1 3.97985E1 3.97985E1 5.53953E1 5.53953E1 5.53953E1 5.53953E1 5.53953E1 5.53953E1
-9999 -9999 -9999 -9999 -9999 -9999 -9999 -9999 -9999 1.18449E1 1.18449E1 1.18449E1 1.18449E1 1.18449E1 1.18449E1 1.18449E1 1.18449E1 1.18449E1 1.18449E1 1.2395E1 1.2395E1 1.2395E1 1.2395E1 1.2395E1 1.2395E1 1.2395E1 1.2395E1 4.10399E1 4.10399E1 4.10399E1 4.10399E1 4.10399E1 4.10399E1 4.10399E1 3.90296E1 3.90296E1 3.90296E1 3.90296E1 3.90296E1 3.90296E1 3.90296E1 3.6953E1 3.6953E1 3.6953E1 3.6953E1 3.6953E1 3.6953E1 3.6953E1 3.6953E1 3.6953E1 3.6953E1 3.6953E1 4.77363E1 3.97985E1 3.97985E1 3.97985E1 3.97985E1 3.97985E1 3.97985E1 3.97985E1 3.97985E1 3.97985E1 5.53953E1 5.53953E1 5.53953E1 5.53953E1 5.53953E1 5.53953E1 5.53953E1
-9999 -9999 -9999 -9999 -9999 -9999 -9999 -9999 -9999 -9999 -9999 1.18449E1 1.18449E1 1.18449E1 1.18449E1 1.18449E1 1.18449E1 1.18449E1 1.18449E1 1.2395E1 1.2395E1 1.2395E1 1.2395E1 1.2395E1 1.2395E1 1.2395E1 1.2395E1 4.10399E1 4.10399E1 4.10399E1 4.10399E1 4.10399E1 4.10399E1 4.10399E1 4.10399E1 4.10399E1 3.90296E1 3.90296E1 3.90296E1 3.90296E1 3.90296E1 3.6953E1 3.6953E1 3.6953E1 3.6953E1 3.6953E1 3.6953E1 3.6953E1 3.6953E1 3.6953E1 3.6953E1 3.6953E1 4.77363E1 4.77363E1 4.77363E1 3.97985E1 3.97985E1 3.97985E1 3.97985E1 3.97985E1 3.97985E1 3.97985E1 5.53953E1 5.53953E1 5.53953E1 5.53953E1 5.53953E1 5.53953E1 5.53953E1
-9999 -9999 -9999 -9999 -9999 -9999 -9999 -9999 -9999 -9999 -9999 -9999 -9999 1.18449E1 1.18449E1 1.18449E1 1.18449E1 1.18449E1 1.18449E1 1.2395E1 1.2395E1 1.2395E1 1.2395E1 1.2395E1 1.2395E1 1.2395E1 1.2395E1 4.10399E1 4.10399E1 4.10399E1 4.10399E1 4.10399E1 4.10399E1 4.10399E1 4.10399E1 4.10399E1 4.10399E1 4.10399E1 4.10399E1 3.90296E1 3.6953E1 3.6953E1 3.6953E1 3.6953E1 3.6953E1 3.6953E1 3.6953E1 3.6953E1 3.6953E1 3.6953E1 3.6953E1 4.77363E1 4.77363E1 4.77363E1 4.77363E1 4.77363E1 4.77363E1 3.97985E1 4.77363E1 3.97985E1 4.77363E1 5.53953E1 5.53953E1 5.53953E1 5.53953E1 5.53953E1 5.53953E1 5.53953E1 5.53953E1
-9999 -9999 -9999 -9999 -9999 -9999 -9999 -9999 -9999 -9999 -9999 -9999 -9999 -9999 1.18449E1 1.18449E1 1.18449E1 1.18449E1 1.18449E1 1.2395E1 1.2395E1 1.2395E1 1.2395E1 1.2395E1 1.2395E1 1.2395E1 1.2395E1 1.2395E1 4.10399E1 4.10399E1 4.10399E1 4.10399E1 4.10399E1 4.10399E1 4.10399E1 4.10399E1 4.10399E1 4.10399E1 4.10399E1 5.55414E1 3.6953E1 3.6953E1 3.6953E1 3.6953E1 3.6953E1 3.6953E1 3.6953E1 4.77363E1 4.77363E1 4.77363E1 4.77363E1 4.77363E1 4.77363E1 4.77363E1 4.77363E1 4.77363E1 4.77363E1 4.77363E1 4.77363E1 4.77363E1 4.77363E1 5.53953E1 5.53953E1 5.53953E1 5.53953E1 5.53953E1 5.53953E1 5.53953E1 5.53953E1
-9999 -9999 -9999 -9999 -9999 -9999 -9999 -9999 -9999 -9999 -9999 -9999 -9999 -9999 -9999 1.18449E1 1.18449E1 1.18449E1 1.18449E1 1.18449E1 1.2395E1 1.2395E1 1.2395E1 1.2395E1 1.2395E1 1.2395E1 1.2395E1 4.10399E1 4.10399E1 4.10399E1 4.10399E1 4.10399E1 4.10399E1 4.10399E1 4.10399E1 4.10399E1 4.10399E1 4.10399E1 5.55414E1 5.55414E1 5.55414E1 5.55414E1 3.6953E1 3.6953E1 3.6953E1 3.6953E1 3.6953E1 4.77363E1 4.77363E1 4.77363E1 4.77363E1 4.77363E1 4.77363E1 4.77363E1 4.77363E1 4.77363E1 4.77363E1 4.77363E1 4.77363E1 4.77363E1 4.77363E1 4.90658E1 5.53953E1 5.53953E1 5.53953E1 5.53953E1 5.53953E1 5.53953E1 5.53953E1
-9999 -9999 -9999 -9999 -9999 -9999 -9999 -9999 -9999 -9999 -9999 -9999 -9999 -9999 -9999 -9999 1.18449E1 1.18449E1 1.18449E1 1.18449E1 1.2395E1 1.2395E1 1.2395E1 1.2395E1 1.2395E1 1.2395E1 4.10399E1 4.10399E1 4.10399E1 4.10399E1 4.10399E1 4.10399E1 4.10399E1 4.10399E1 4.10399E1 4.10399E1 4.10399E1 5.55414E1 5.55414E1 5.55414E1 5.55414E1 5.55414E1 5.55414E1 5.55414E1 3.6953E1 3.6953E1 3.6953E1 4.77363E1 4.77363E1 4.77363E1 4.77363E1 4.77363E1 4.77363E1 4.77363E1 4.77363E1 4.77363E1 4.77363E1 4.77363E1 4.77363E1 4.77363E1 4.77363E1 4.90658E1 4.90658E1 4.90658E1 5.53953E1 5.53953E1 5.53953E1 5.53953E1 5.53953E1
-9999 -9999 -9999 -9999 -9999 -9999 -9999 -9999 -9999 -9999 -9999 -9999 -9999 -9999 -9999 -9999 1.18449E1 1.18449E1 1.18449E1 1.18449E1 1.2395E1 1.2395E1 1.2395E1 1.2395E1 1.2395E1 1.2395E1 1.2395E1 4.10399E1 4.10399E1 4.10399E1 4.10399E1 4.10399E1 4.10399E1 4.10399E1 4.10399E1 5.55414E1 5.55414E1 5.55414E1 5.55414E1 5.55414E1 5.55414E1 5.55414E1 5.55414E1 5.55414E1 3.6953E1 3.6953E1 4.77363E1 4.77363E1 4.77363E1 4.77363E1 4.77363E1 4.77363E1 4.77363E1 4.77363E1 4.77363E1 4.77363E1 4.77363E1 4.77363E1 4.77363E1 4.77363E1 4.77363E1 4.90658E1 4.90658E1 4.90658E1 4.90658E1 4.90658E1 4.90658E1 5.53953E1 5.53953E1
-9999 -9999 -9999 -9999 -9999 -9999 -9999 -9999 -9999 -9999 -9999 -9999 -9999 -9999 -9999 -9999 -9999 1.18449E1 1.2395E1 1.2395E1 1.2395E1 1.2395E1 1.2395E1 1.2395E1 1.2395E1 1.2395E1 1.2395E1 1.2395E1 4.10399E1 4.10399E1 4.10399E1 4.10399E1 4.10399E1 4.10399E1 5.55414E1 5.55414E1 5.55414E1 5.55414E1 5.55414E1 5.55414E1 5.55414E1 5.55414E1 5.55414E1 5.55414E1 5.55414E1 4.77363E1 4.77363E1 4.77363E1 4.77363E1 4.77363E1 4.77363E1 4.77363E1 4.77363E1 4.77363E1 4.77363E1 4.77363E1 4.77363E1 4.77363E1 4.77363E1 4.77363E1 4.77363E1 4.90658E1 4.90658E1 4.90658E1 4.90658E1 4.90658E1 4.90658E1 4.90658E1 5.53953E1
-9999 -9999 -9999 -9999 -9999 -9999 -9999 -9999 -9999 -9999 -9999 -9999 -9999 -9999 -9999 -9999 -9999 1.2395E1 1.2395E1 1.2395E1 1.2395E1 1.2395E1 1.2395E1 1.2395E1 1.2395E1 1.2395E1 1.2395E1 4.10399E1 4.10399E1 4.10399E1 4.10399E1 4.10399E1 4.10399E1 5.55414E1 5.55414E1 5.55414E1 5.55414E1 5.55414E1 5.55414E1 5.55414E1 5.55414E1 5.55414E1 5.55414E1 5.55414E1 5.55414E1 5.55414E1 4.77363E1 4.71531E1 4.71531E1 4.77363E1 4.77363E1 4.77363E1 4.77363E1 4.77363E1 4.77363E1 4.77363E1 4.77363E1 4.77363E1 4.77363E1 4.77363E1 4.77363E1 4.90658E1 4.90658E1 4.90658E1 4.90658E1 4.90658E1 4.90658E1 4.90658E1 4.90658E1
-9999 -9999 -9999 -9999 -9999 -9999 -9999 -9999 -9999 -9999 -9999 -9999 -9999 -9999 -9999 -9999 -9999 1.2395E1 1.2395E1 1.2395E1 1.2395E1 1.2395E1 1.2395E1 1.2395E1 1.2395E1 1.2395E1 1.2395E1 1.2395E1 4.10399E1 4.10399E1 4.10399E1 4.10399E1 4.10399E1 5.55414E1 5.55414E1 5.55414E1 5.55414E1 5.55414E1 5.55414E1 5.55414E1 5.55414E1 5.55414E1 5.55414E1 5.55414E1 5.55414E1 5.55414E1 5.55414E1 4.71531E1 4.71531E1 4.71531E1 4.71531E1 4.71531E1 4.77363E1 4.71531E1 4.71531E1 4.71531E1 4.71531E1 4.71531E1 4.71531E1 4.77363E1 4.90658E1 4.90658E1 4.90658E1 4.90658E1 4.90658E1 4.90658E1 4.90658E1 4.90658E1 4.90658E1
-9999 -9999 -9999 -9999 -9999 -9999 -9999 -9999 -9999 -9999 -9999 -9999 -9999 -9999 -9999 -9999 -9999 -9999 -9999 1.2395E1 1.2395E1 1.2395E1 4.68378E1 1.2395E1 1.2395E1 1.2395E1 1.2395E1 1.2395E1 4.10399E1 4.10399E1 4.10399E1 4.10399E1 4.10399E1 5.55414E1 5.55414E1 5.55414E1 5.55414E1 5.55414E1 5.55414E1 5.55414E1 5.55414E1 5.55414E1 5.55414E1 5.55414E1 5.55414E1 6.08739E1 6.08739E1 6.08739E1 4.71531E1 4.71531E1 4.71531E1 4.71531E1 4.71531E1 4.71531E1 4.71531E1 4.71531E1 4.97826E1 4.97826E1 4.97826E1 4.97826E1 4.90658E1 4.90658E1 4.90658E1 4.90658E1 4.90658E1 4.90658E1 4.90658E1 4.90658E1 4.90658E1
-9999 -9999 -9999 -9999 -9999 -9999 -9999 -9999 -9999 -9999 -9999 -9999 -9999 -9999 -9999 -9999 -9999 -9999 -9999 -9999 1.2395E1 4.68378E1 4.68378E1 1.2395E1 1.2395E1 1.2395E1 1.2395E1 1.2395E1 4.10399E1 4.10399E1 4.10399E1 4.10399E1 4.10399E1 5.55414E1 5.55414E1 5.55414E1 5.55414E1 5.55414E1 5.55414E1 5.55414E1 5.55414E1 5.55414E1 5.55414E1 5.55414E1 6.08739E1 5.55414E1 6.08739E1 6.08739E1 6.08739E1 6.08739E1 4.71531E1 4.71531E1 4.71531E1 4.71531E1 4.71531E1 4.97826E1 4.97826E1 4.97826E1 4.97826E1 4.97826E1 4.90658E1 4.90658E1 4.90658E1 4.90658E1 4.90658E1 4.90658E1 4.90658E1 4.90658E1 4.90658E1
-9999 -9999 -9999 -9999 -9999 -9999 -9999 -9999 -9999 -9999 -9999 -9999 -9999 -9999 -9999 -9999 -9999 -9999 -9999 -9999 -9999 4.68378E1 4.68378E1 4.68378E1 4.68378E1 4.68378E1 1.2395E1 4.68378E1 5.55414E1 5.55414E1 5.55414E1 5.55414E1 5.55414E1 5.55414E1 5.55414E1 5.55414E1 5.55414E1 5.55414E1 5.55414E1 5.55414E1 6.08739E1 6.08739E1 6.08739E1 6.08739E1 6.08739E1 6.08739E1 6.08739E1 6.08739E1 6.08739E1 6.08739E1 6.08739E1 4.71531E1 4.71531E1 4.71531E1 4.71531E1 4.97826E1 4.97826E1 4.97826E1 4.97826E1 4.97826E1 4.90658E1 4.90658E1 4.90658E1 4.90658E1 4.90658E1 4.90658E1 4.90658E1 4.90658E1 4.90658E1
-9999 -9999 -9999 -9999 -9999 -9999 -9999 -9999 -9999 -9999 -9999 -9999 -9999 -9999 -9999 -9999 -9999 -9999 -9999 -9999 -9999 -9999 4.68378E1 4.68378E1 4.68378E1 4.68378E1 4.68378E1 4.68378E1 4.68378E1 4.68378E1 5.55414E1 5.55414E1 5.55414E1 5.55414E1 5.55414E1 5.55414E1 5.55414E1 5.55414E1 6.08739E1 6.08739E1 6.08739E1 6.08739E1 6.08739E1 6.08739E1 6.08739E1 6.08739E1 6.08739E1 6.08739E1 6.08739E1 6.08739E1 6.08739E1 4.71531E1 4.71531E1 4.71531E1 4.71531E1 4.71531E1 4.97826E1 4.97826E1 4.97826E1 4.97826E1 4.97826E1 4.90658E1 4.90658E1 4.90658E1 4.90658E1 4.90658E1 4.90658E1 4.90658E1 5.03009E1
-9999 -9999 -9999 -9999 -9999 -9999 -9999 -9999 -9999 -9999 -9999 -9999 -9999 -9999 -9999 -9999 -9999 -9999 -9999 -9999 -9999 -9999 4.68378E1 4.68378E1 4.68378E1 4.68378E1 4.68378E1 4.68378E1 4.68378E1 4.68378E1 5.55414E1 5.55414E1 5.55414E1 5.55414E1 5.55414E1 5.55414E1 5.55414E1 6.08739E1 6.08739E1 6.08739E1 6.08739E1 6.08739E1 6.08739E1 6.08739E1 6.08739E1 6.08739E1 6.08739E1 6.08739E1 6.08739E1 6.08739E1 6.08739E1 6.08739E1 4.71531E1 4.71531E1 4.71531E1 4.97826E1 4.97826E1 4.97826E1 4.97826E1 4.97826E1 4.97826E1 4.97826E1 4.90658E1 5.03009E1 5.03009E1 5.03009E1 5.03009E1 5.03009E1 5.03009E1
-9999 -9999 -9999 -9999 -9999 -9999 -9999 -9999 -9999 -9999 -9999 -9999 -9999 -9999 -9999 -9999 -9999 -9999 -9999 -9999 -9999 -9999 -9999 4.68378E1 4.68378E1 4.68378E1 4.68378E1 4.68378E1 4.68378E1 4.68378E1 4.68378E1 5.55414E1 5.55414E1 5.55414E1 5.55414E1 6.08739E1 6.08739E1 6.08739E1 6.08739E1 6.08739E1 6.08739E1 6.08739E1 6.08739E1 6.08739E1 6.08739E1 6.08739E1 6.08739E1 6.08739E1 6.08739E1 6.08739E1 6.08739E1 6.08739E1 7.00183E1 7.00183E1 7.00183E1 7.00183E1 7.00183E1 4.97826E1 4.97826E1 4.97826E1 4.97826E1 4.97826E1 4.97826E1 5.03009E1 5.03009E1 5.03009E1 5.03009E1 5.03009E1 5.03009E1
-9999 -9999 -9999 -9999 -9999 -9999 -9999 -9999 -9999 -9999 -9999 -9999 -9999 -9999 -9999 -9999 -9999 -9999 -9999 -9999 -9999 -9999 -9999 4.68378E1 4.68378E1 4.68378E1 4.68378E1 4.68378E1 4.68378E1 4.68378E1 8.3413E1 5.55414E1 5.55414E1 5.55414E1 6.08739E1 6.08739E1 6.08739E1 6.08739E1 6.08739E1 6.08739E1 6.08739E1 6.08739E1 6.08739E1 6.08739E1 6.08739E1 6.08739E1 6.08739E1 6.08739E1 6.08739E1 6.08739E1 6.08739E1 6.08739E1 7.00183E1 7.00183E1 7.00183E1 7.00183E1 7.00183E1 7.00183E1 4.97826E1 4.97826E1 4.97826E1 4.97826E1 4.97826E1 5.03009E1 5.03009E1 5.03009E1 5.03009E1 5.03009E1 5.03009E1
