outputcumul/cholera.asc
ncols         343
nrows         248
xllcorner     -74.4803996469999
yllcorner     18.0221399550001
cellsize      0.00833308698833808
NODATA_value  -9999
[rows 186 to 216 of 248, columns 69 to 137 of 343]
2.68108E1 2.68108E1 2.68108E1 2.68108E1 2.68108E1 2.68108E1 2.0047E1 2.0047E1 2.0047E1 2.0047E1 2.0047E1 2.0047E1 2.0047E1 3.24902E1 3.24902E1 3.24902E1 3.24902E1 3.24902E1 3.24902E1 3.24902E1 2.22956E1 2.22956E1 2.22956E1 2.22956E1 2.22956E1 2.22956E1 2.22956E1 2.22956E1 2.22956E1 -9999 -9999 -9999 -9999 -9999 -9999 -9999 -9999 -9999 -9999 -9999 -9999 -9999 -9999 -9999 -9999 -9999 -9999 -9999 -9999 -9999 -9999 -9999 -9999 -9999 -9999 -9999 -9999 -9999 -9999 -9999 -9999 -9999 -9999 -9999 -9999 -9999 -9999 -9999 -9999
2.68108E1 2.68108E1 2.68108E1 2.68108E1 2.68108E1 2.68108E1 2.0047E1 2.0047E1 2.0047E1 2.0047E1 2.0047E1 2.0047E1 2.0047E1 3.24902E1 3.24902E1 3.24902E1 3.24902E1 3.24902E1 3.24902E1 3.24902E1 2.22956E1 2.22956E1 2.22956E1 2.22956E1 2.22956E1 2.22956E1 2.22956E1 2.22956E1 2.22956E1 -9999 -9999 -9999 -9999 -9999 -9999 -9999 -9999 -9999 -9999 -9999 -9999 -9999 -9999 -9999 -9999 -9999 3.63619E0 3.63619E0 1.44168E1 1.44168E1 -9999 -9999 -9999 1.44168E1 1.44168E1 -9999 -9999 -9999 -9999 -9999 -9999 -9999 -9999 -9999 -9999 -9999 -9999 -9999 -9999
2.68108E1 2.68108E1 2.68108E1 2.68108E1 2.68108E1 2.0047E1 2.0047E1 2.0047E1 2.0047E1 2.0047E1 3.24902E1 3.24902E1 3.24902E1 3.24902E1 3.24902E1 3.24902E1 3.24902E1 3.24902E1 2.22956E1 2.22956E1 2.22956E1 2.22956E1 2.22956E1 2.22956E1 2.22956E1 2.22956E1 2.22956E1 2.22956E1 -9999 -9999 -9999 -9999 -9999 -9999 -9999 -9999 -9999 -9999 -9999 -9999 -9999 -9999 -9999 3.63619E0 3.63619E0 3.63619E0 3.63619E0 3.63619E0 3.63619E0 1.44168E1 1.44168E1 1.44168E1 1.44168E1 1.44168E1 1.44168E1 3.38572E1 3.38572E1 3.38572E1 3.38572E1 3.38572E1 3.38572E1 -9999 -9999 -9999 -9999 -9999 -9999 -9999 -9999
4.45704E1 2.68108E1 2.68108E1 2.68108E1 2.0047E1 2.0047E1 2.0047E1 2.0047E1 2.0047E1 2.0047E1 3.24902E1 3.24902E1 3.24902E1 3.24902E1 3.24902E1 3.24902E1 3.24902E1 2.22956E1 2.22956E1 2.22956E1 2.22956E1 2.22956E1 2.22956E1 2.22956E1 2.22956E1 2.22956E1 2.22956E1 2.22956E1 -9999 -9999 -9999 -9999 -9999 -9999 -9999 -9999 -9999 -9999 -9999 -9999 -9999 3.63619E0 3.63619E0 3.63619E0 3.63619E0 3.63619E0 3.63619E0 3.63619E0 1.44168E1 1.44168E1 1.44168E1 1.44168E1 1.44168E1 1.44168E1 1.44168E1 3.38572E1 3.38572E1 3.38572E1 3.38572E1 3.38572E1 3.38572E1 3.38572E1 3.38572E1 3.38572E1 3.38572E1 3.38572E1 -9999 -9999 -9999
4.45704E1 2.68108E1 2.68108E1 2.68108E1 2.0047E1 2.0047E1 2.0047E1 2.0047E1 2.0047E1 2.0047E1 3.24902E1 3.24902E1 3.24902E1 3.24902E1 3.24902E1 3.24902E1 2.22956E1 2.22956E1 2.22956E1 2.22956E1 2.22956E1 2.22956E1 2.22956E1 2.22956E1 2.22956E1 2.22956E1 2.22956E1 2.22956E1 2.22956E1 -9999 -9999 2.22956E1 4.25036E0 4.25036E0 4.25036E0 4.25036E0 4.25036E0 4.25036E0 4.25036E0 4.25036E0 3.63619E0 3.63619E0 3.63619E0 3.63619E0 3.63619E0 3.63619E0 3.63619E0 3.63619E0 1.44168E1 1.44168E1 1.44168E1 1.44168E1 1.44168E1 1.44168E1 1.44168E1 3.38572E1 3.38572E1 3.38572E1 3.38572E1 3.38572E1 3.38572E1 3.38572E1 3.38572E1 3.38572E1 3.38572E1 3.38572E1 3.38572E1 4.97522E1 4.97522E1
4.45704E1 2.68108E1 2.68108E1 2.68108E1 2.06882E1 2.06882E1 2.06882E1 2.06882E1 2.06882E1 2.06882E1 2.06882E1 2.06882E1 3.24902E1 3.24902E1 3.24902E1 3.24902E1 3.24902E1 2.39118E1 2.22956E1 2.22956E1 1.30491E1 1.30491E1 1.30491E1 1.30491E1 1.30491E1 2.22956E1 2.22956E1 2.22956E1 2.22956E1 2.22956E1 2.22956E1 2.22956E1 4.25036E0 4.25036E0 4.25036E0 4.25036E0 4.25036E0 4.25036E0 4.25036E0 3.63619E0 3.63619E0 3.63619E0 3.63619E0 3.63619E0 3.63619E0 3.63619E0 3.63619E0 3.63619E0 1.44168E1 1.44168E1 1.44168E1 1.44168E1 1.44168E1 1.44168E1 1.44168E1 3.38572E1 1.72153E1 1.72153E1 3.38572E1 1.72153E1 3.38572E1 3.38572E1 3.38572E1 3.38572E1 3.38572E1 3.38572E1 3.38572E1 4.97522E1 4.97522E1
3.06353E1 3.06353E1 2.06882E1 2.06882E1 2.06882E1 2.06882E1 2.06882E1 2.06882E1 2.06882E1 2.06882E1 2.06882E1 2.06882E1 2.39118E1 2.39118E1 2.39118E1 2.39118E1 2.39118E1 2.39118E1 2.39118E1 2.39118E1 1.30491E1 1.30491E1 1.30491E1 1.30491E1 1.30491E1 1.30491E1 2.22956E1 2.22956E1 2.22956E1 1.30491E1 2.22956E1 2.22956E1 4.25036E0 4.25036E0 4.25036E0 4.25036E0 4.25036E0 4.25036E0 3.63619E0 3.63619E0 3.63619E0 3.63619E0 3.63619E0 3.63619E0 3.63619E0 3.63619E0 3.63619E0 3.63619E0 1.44168E1 1.44168E1 1.44168E1 1.44168E1 1.44168E1 1.44168E1 1.44168E1 1.44168E1 1.72153E1 1.72153E1 1.72153E1 1.72153E1 1.72153E1 1.72153E1 1.72153E1 1.72153E1 1.72153E1 1.72153E1 4.97522E1 4.97522E1 4.97522E1
2.92169E1 2.06882E1 2.06882E1 2.06882E1 2.06882E1 2.06882E1 2.06882E1 2.06882E1 2.06882E1 2.06882E1 2.06882E1 2.06882E1 2.39118E1 2.39118E1 2.39118E1 2.39118E1 2.39118E1 2.39118E1 2.39118E1 1.30491E1 1.30491E1 1.30491E1 1.30491E1 1.30491E1 1.30491E1 1.30491E1 1.45201E1 1.30491E1 1.30491E1 1.30491E1 1.30491E1 1.30491E1 4.25036E0 4.25036E0 4.25036E0 4.25036E0 4.25036E0 3.63619E0 3.63619E0 3.63619E0 3.63619E0 3.63619E0 3.63619E0 3.63619E0 3.63619E0 3.63619E0 3.63619E0 3.63619E0 3.63619E0 1.44168E1 1.44168E1 1.44168E1 1.44168E1 1.44168E1 1.44168E1 1.44168E1 1.44168E1 1.72153E1 1.72153E1 1.72153E1 1.72153E1 1.72153E1 1.72153E1 1.72153E1 1.72153E1 1.72153E1 4.97522E1 4.97522E1 4.97522E1
2.92169E1 2.92169E1 2.06882E1 2.06882E1 2.06882E1 2.06882E1 2.06882E1 2.06882E1 2.06882E1 2.06882E1 2.06882E1 2.06882E1 2.06882E1 2.39118E1 2.39118E1 2.39118E1 2.39118E1 2.39118E1 1.45201E1 1.45201E1 1.45201E1 1.45201E1 1.45201E1 1.45201E1 1.45201E1 1.45201E1 1.45201E1 1.30491E1 1.30491E1 1.30491E1 1.30491E1 1.30491E1 4.25036E0 4.25036E0 4.25036E0 4.25036E0 4.25036E0 4.25036E0 3.63619E0 3.63619E0 3.63619E0 3.63619E0 3.63619E0 3.63619E0 3.63619E0 3.63619E0 3.63619E0 3.63619E0 1.44168E1 1.44168E1 1.44168E1 1.44168E1 1.44168E1 1.44168E1 1.44168E1 1.44168E1 1.72153E1 1.72153E1 1.72153E1 1.72153E1 1.72153E1 1.72153E1 1.72153E1 1.72153E1 5.66014E0 4.97522E1 4.97522E1 4.97522E1 4.97522E1
2.92169E1 2.92169E1 2.92169E1 2.06882E1 2.06882E1 2.06882E1 2.06882E1 2.06882E1 2.06882E1 2.06882E1 2.06882E1 2.06882E1 2.06882E1 2.06882E1 2.06882E1 2.39118E1 2.39118E1 1.45201E1 1.45201E1 1.45201E1 1.45201E1 1.45201E1 1.45201E1 1.45201E1 1.45201E1 1.45201E1 1.45201E1 1.30491E1 4.09362E0 1.30491E1 1.30491E1 4.25036E0 4.25036E0 4.25036E0 4.25036E0 4.25036E0 4.25036E0 4.25036E0 3.8491E0 3.8491E0 3.8491E0 3.8491E0 3.8491E0 3.8491E0 3.8491E0 3.8491E0 3.63619E0 3.63619E0 1.44168E1 1.44168E1 1.44168E1 1.44168E1 1.44168E1 1.44168E1 1.44168E1 1.44168E1 1.44168E1 1.72153E1 1.72153E1 1.72153E1 1.72153E1 1.72153E1 1.72153E1 5.66014E0 5.66014E0 4.97522E1 4.97522E1 4.97522E1 4.97522E1
2.92169E1 2.92169E1 2.92169E1 2.92169E1 2.06882E1 2.06882E1 2.06882E1 2.06882E1 2.06882E1 2.06882E1 2.06882E1 2.06882E1 2.06882E1 2.06882E1 2.39118E1 2.39118E1 1.45201E1 1.45201E1 1.45201E1 1.45201E1 1.45201E1 1.45201E1 1.45201E1 1.45201E1 1.45201E1 1.45201E1 1.45201E1 1.36042E1 1.36042E1 4.09362E0 1.30491E1 4.25036E0 4.25036E0 4.25036E0 4.09362E0 4.09362E0 4.09362E0 3.8491E0 3.8491E0 3.8491E0 3.8491E0 3.8491E0 3.8491E0 3.8491E0 3.8491E0 3.8491E0 3.63619E0 3.63619E0 3.63619E0 1.44168E1 1.44168E1 1.44168E1 1.44168E1 1.44168E1 1.44168E1 1.44168E1 1.44168E1 1.72153E1 1.72153E1 1.72153E1 1.72153E1 1.72153E1 1.72153E1 5.66014E0 5.66014E0 5.66014E0 4.97522E1 4.97522E1 4.97522E1
2.92169E1 2.92169E1 2.92169E1 2.92169E1 2.92169E1 2.06882E1 2.06882E1 2.06882E1 2.06882E1 2.06882E1 2.06882E1 2.06882E1 2.06882E1 2.06882E1 2.39118E1 2.39118E1 1.36042E1 1.45201E1 1.45201E1 1.45201E1 1.36042E1 1.36042E1 1.36042E1 1.45201E1 1.45201E1 1.45201E1 1.36042E1 1.36042E1 1.36042E1 4.09362E0 4.09362E0 4.25036E0 4.09362E0 4.09362E0 4.09362E0 4.09362E0 4.09362E0 4.09362E0 3.8491E0 3.8491E0 3.8491E0 3.8491E0 3.8491E0 3.8491E0 3.8491E0 3.8491E0 3.8491E0 3.63619E0 3.63619E0 3.63619E0 6.75005E0 6.75005E0 6.75005E0 6.75005E0 6.75005E0 8.97761E0 8.97761E0 8.97761E0 8.97761E0 8.97761E0 8.97761E0 4.35686E1 4.35686E1 4.35686E1 4.35686E1 5.66014E0 5.66014E0 4.97522E1 4.97522E1
2.92169E1 2.92169E1 2.92169E1 2.92169E1 2.92169E1 2.06882E1 2.06882E1 2.06882E1 2.06882E1 2.06882E1 2.06882E1 2.06882E1 2.06882E1 2.06882E1 2.06882E1 1.36042E1 1.36042E1 1.36042E1 1.36042E1 1.36042E1 1.36042E1 1.36042E1 1.36042E1 1.36042E1 1.36042E1 1.36042E1 1.36042E1 1.36042E1 4.09362E0 4.09362E0 4.09362E0 4.09362E0 4.09362E0 4.09362E0 4.09362E0 4.09362E0 4.09362E0 4.09362E0 3.8491E0 3.8491E0 3.8491E0 3.8491E0 3.8491E0 3.8491E0 3.8491E0 3.8491E0 3.8491E0 3.63619E0 6.75005E0 6.75005E0 6.75005E0 6.75005E0 6.75005E0 6.75005E0 6.75005E0 6.75005E0 8.97761E0 8.97761E0 8.97761E0 4.35686E1 4.35686E1 4.35686E1 4.35686E1 4.35686E1 5.66014E0 5.66014E0 5.66014E0 4.97522E1 4.97522E1
2.92169E1 2.92169E1 2.92169E1 2.92169E1 2.92169E1 2.06882E1 2.06882E1 2.06882E1 2.06882E1 2.06882E1 2.06882E1 2.06882E1 2.06882E1 2.06882E1 2.06882E1 1.36042E1 1.36042E1 1.36042E1 1.36042E1 1.36042E1 1.36042E1 1.36042E1 1.36042E1 1.36042E1 1.36042E1 1.36042E1 1.36042E1 1.36042E1 1.25458E1 1.25458E1 1.25458E1 1.25458E1 4.09362E0 4.09362E0 4.09362E0 2.03505E0 4.09362E0 4.09362E0 4.09362E0 3.8491E0 3.8491E0 3.8491E0 1.33737E0 3.8491E0 3.8491E0 3.8491E0 3.8491E0 3.8491E0 6.75005E0 6.75005E0 6.75005E0 6.75005E0 6.75005E0 6.75005E0 6.75005E0 8.97761E0 8.97761E0 8.97761E0 8.97761E0 4.35686E1 4.35686E1 4.35686E1 4.35686E1 5.66014E0 5.66014E0 5.66014E0 5.66014E0 5.66014E0 4.97522E1
2.92169E1 2.92169E1 2.92169E1 2.92169E1 2.92169E1 2.92169E1 2.06882E1 2.06882E1 2.06882E1 2.06882E1 2.06882E1 2.06882E1 4.42565E0 4.42565E0 4.42565E0 4.42565E0 4.42565E0 4.42565E0 4.42565E0 4.42565E0 1.36042E1 1.36042E1 1.36042E1 3.11453E0 3.11453E0 1.36042E1 1.36042E1 1.36042E1 1.25458E1 1.25458E1 1.25458E1 1.25458E1 1.25458E1 1.25458E1 2.03505E0 2.03505E0 2.03505E0 2.03505E0 2.03505E0 1.33737E0 1.33737E0 1.33737E0 1.33737E0 1.33737E0 1.33737E0 1.33737E0 1.33737E0 1.33737E0 6.75005E0 6.75005E0 6.75005E0 6.75005E0 6.75005E0 6.75005E0 6.75005E0 8.97761E0 8.97761E0 8.97761E0 8.97761E0 8.97761E0 4.35686E1 4.35686E1 4.35686E1 4.35686E1 4.35686E1 5.66014E0 5.66014E0 5.66014E0 5.66014E0
2.92169E1 2.92169E1 2.92169E1 2.92169E1 2.92169E1 2.06882E1 2.06882E1 2.06882E1 1.65166E1 1.65166E1 1.65166E1 4.42565E0 4.42565E0 4.42565E0 4.42565E0 4.42565E0 4.42565E0 4.42565E0 3.11453E0 4.42565E0 3.11453E0 3.11453E0 3.11453E0 3.11453E0 3.11453E0 3.11453E0 1.36042E1 1.36042E1 1.25458E1 1.25458E1 1.25458E1 1.25458E1 1.25458E1 1.25458E1 2.03505E0 2.03505E0 2.03505E0 2.03505E0 2.03505E0 1.33737E0 1.33737E0 1.33737E0 1.33737E0 1.33737E0 1.33737E0 1.33737E0 1.33737E0 1.33737E0 1.33737E0 6.75005E0 6.75005E0 6.75005E0 6.75005E0 6.75005E0 6.75005E0 8.97761E0 8.97761E0 8.97761E0 8.97761E0 8.97761E0 4.35686E1 4.35686E1 4.35686E1 4.35686E1 4.35686E1 4.35686E1 5.66014E0 1.28936E1 1.28936E1
2.92169E1 1.65166E1 1.65166E1 1.65166E1 1.65166E1 1.65166E1 1.65166E1 1.65166E1 1.65166E1 1.65166E1 4.42565E0 4.42565E0 4.42565E0 4.42565E0 4.42565E0 4.42565E0 4.42565E0 4.42565E0 4.42565E0 3.11453E0 3.11453E0 3.11453E0 3.11453E0 3.11453E0 3.11453E0 1.25458E1 1.25458E1 1.36042E1 1.25458E1 1.25458E1 1.25458E1 1.25458E1 1.25458E1 2.03505E0 2.03505E0 2.03505E0 2.03505E0 2.03505E0 2.03505E0 2.03505E0 1.33737E0 1.33737E0 1.33737E0 1.33737E0 1.33737E0 1.33737E0 1.33737E0 1.33737E0 1.33737E0 6.75005E0 6.75005E0 6.75005E0 6.75005E0 6.75005E0 6.75005E0 8.97761E0 8.97761E0 8.97761E0 8.97761E0 8.97761E0 8.97761E0 8.97761E0 4.35686E1 1.28936E1 1.28936E1 1.28936E1 1.28936E1 1.28936E1 1.28936E1
1.65166E1 1.65166E1 1.65166E1 1.65166E1 1.65166E1 1.65166E1 1.65166E1 1.65166E1 1.65166E1 1.65166E1 1.65166E1 4.42565E0 4.42565E0 4.42565E0 4.42565E0 4.42565E0 4.42565E0 4.42565E0 4.42565E0 3.11453E0 3.11453E0 3.11453E0 3.11453E0 3.11453E0 3.11453E0 3.11453E0 1.25458E1 1.25458E1 1.25458E1 1.25458E1 1.25458E1 1.25458E1 2.03505E0 2.03505E0 2.03505E0 2.03505E0 2.03505E0 2.03505E0 2.03505E0 2.03505E0 2.03505E0 1.33737E0 1.33737E0 1.33737E0 1.33737E0 1.33737E0 1.33737E0 1.33737E0 1.33737E0 6.75005E0 6.75005E0 6.75005E0 6.75005E0 6.75005E0 6.75005E0 8.97761E0 8.97761E0 8.97761E0 8.97761E0 8.97761E0 8.97761E0 8.97761E0 8.97761E0 1.28936E1 1.28936E1 1.28936E1 1.28936E1 1.28936E1 1.28936E1
1.65166E1 1.65166E1 1.65166E1 1.65166E1 1.65166E1 1.65166E1 1.65166E1 1.65166E1 1.65166E1 1.65166E1 4.42565E0 4.42565E0 4.42565E0 4.42565E0 4.42565E0 4.42565E0 4.42565E0 4.42565E0 4.42565E0 3.11453E0 3.11453E0 3.11453E0 3.11453E0 3.11453E0 3.11453E0 1.25458E1 1.25458E1 1.25458E1 1.23303E0 1.23303E0 2.03505E0 2.03505E0 2.03505E0 2.03505E0 2.03505E0 2.03505E0 2.03505E0 2.03505E0 2.03505E0 2.03505E0 2.03505E0 2.03505E0 2.03505E0 2.03505E0 8.97761E0 8.97761E0 8.97761E0 1.33737E0 6.75005E0 6.75005E0 6.75005E0 8.97761E0 6.75005E0 6.75005E0 8.97761E0 8.97761E0 8.97761E0 8.97761E0 8.97761E0 8.97761E0 8.97761E0 8.97761E0 8.97761E0 1.28936E1 1.28936E1 1.28936E1 1.28936E1 1.28936E1 2.45056E1
2.92169E1 1.65166E1 1.65166E1 1.65166E1 1.65166E1 1.65166E1 1.65166E1 1.65166E1 1.65166E1 1.65166E1 1.65166E1 4.42565E0 4.42565E0 4.42565E0 4.42565E0 4.42565E0 4.42565E0 4.42565E0 4.42565E0 4.42565E0 3.11453E0 3.11453E0 3.11453E0 3.11453E0 3.11453E0 1.25458E1 1.25458E1 1.25458E1 1.23303E0 1.23303E0 1.23303E0 2.03505E0 2.03505E0 2.03505E0 2.03505E0 2.03505E0 2.03505E0 2.03505E0 2.03505E0 2.03505E0 2.03505E0 2.03505E0 2.03505E0 2.03505E0 8.97761E0 8.97761E0 6.28694E-1 6.28694E-1 8.97761E0 8.97761E0 8.97761E0 8.97761E0 6.28694E-1 8.97761E0 6.28694E-1 6.28694E-1 6.28694E-1 8.97761E0 8.97761E0 2.0013E1 8.97761E0 8.97761E0 8.97761E0 8.97761E0 1.28936E1 1.28936E1 1.28936E1 1.28936E1 1.28936E1
2.92169E1 1.65166E1 1.65166E1 1.65166E1 1.65166E1 1.65166E1 1.65166E1 1.65166E1 1.65166E1 1.65166E1 1.65166E1 4.42565E0 4.42565E0 4.42565E0 4.42565E0 4.42565E0 4.42565E0 4.42565E0 3.11453E0 3.11453E0 3.11453E0 3.11453E0 3.11453E0 3.11453E0 3.11453E0 1.25458E1 1.25458E1 1.25458E1 1.25458E1 1.23303E0 1.23303E0 1.23303E0 1.23303E0 1.23303E0 1.23303E0 2.03505E0 2.03505E0 2.03505E0 2.03505E0 2.03505E0 1.23303E0 1.23303E0 6.28694E-1 6.28694E-1 6.28694E-1 6.28694E-1 6.28694E-1 6.28694E-1 6.28694E-1 6.28694E-1 6.28694E-1 6.28694E-1 6.28694E-1 6.28694E-1 6.28694E-1 6.28694E-1 6.28694E-1 2.0013E1 2.0013E1 2.0013E1 2.0013E1 8.97761E0 8.97761E0 8.97761E0 8.97761E0 2.0013E1 1.28936E1 2.0013E1 1.61305E1
1.85034E1 1.85034E1 1.85034E1 1.65166E1 1.65166E1 1.65166E1 1.65166E1 1.65166E1 1.65166E1 1.65166E1 1.65166E1 4.42565E0 4.42565E0 4.42565E0 4.42565E0 4.42565E0 4.42565E0 4.42565E0 3.11453E0 3.11453E0 3.11453E0 3.11453E0 3.11453E0 3.11453E0 3.11453E0 3.11453E0 1.88162E0 1.88162E0 1.88162E0 1.88162E0 1.23303E0 1.23303E0 1.23303E0 1.23303E0 1.23303E0 1.23303E0 1.23303E0 1.23303E0 1.23303E0 1.23303E0 1.23303E0 1.23303E0 6.28694E-1 6.28694E-1 6.28694E-1 6.28694E-1 6.28694E-1 6.28694E-1 6.28694E-1 6.28694E-1 6.28694E-1 6.28694E-1 6.28694E-1 6.28694E-1 6.28694E-1 6.28694E-1 6.28694E-1 2.0013E1 2.0013E1 2.0013E1 2.0013E1 2.0013E1 2.0013E1 2.0013E1 2.0013E1 2.0013E1 2.0013E1 2.0013E1 1.61305E1
1.85034E1 1.85034E1 1.85034E1 1.85034E1 1.65166E1 1.65166E1 1.65166E1 1.65166E1 1.65166E1 1.65166E1 1.65166E1 1.65166E1 4.42565E0 4.42565E0 4.42565E0 4.42565E0 4.42565E0 4.42565E0 3.11453E0 3.11453E0 3.11453E0 3.11453E0 3.11453E0 3.11453E0 3.11453E0 3.11453E0 1.88162E0 1.88162E0 1.88162E0 1.88162E0 1.88162E0 1.23303E0 1.23303E0 1.23303E0 1.23303E0 1.23303E0 1.23303E0 1.23303E0 1.23303E0 1.23303E0 1.23303E0 1.23303E0 6.28694E-1 6.28694E-1 6.28694E-1 6.28694E-1 6.28694E-1 6.28694E-1 6.28694E-1 6.28694E-1 6.28694E-1 6.28694E-1 6.28694E-1 6.28694E-1 6.28694E-1 6.28694E-1 6.28694E-1 6.28694E-1 2.0013E1 2.0013E1 2.0013E1 2.0013E1 2.0013E1 2.0013E1 2.0013E1 2.0013E1 2.0013E1 1.61305E1 1.61305E1
1.85034E1 1.85034E1 1.85034E1 1.85034E1 1.65166E1 1.65166E1 1.65166E1 1.65166E1 1.65166E1 1.65166E1 1.65166E1 1.65166E1 2.37603E0 2.37603E0 2.25037E0 2.25037E0 2.25037E0 2.25037E0 2.25037E0 2.25037E0 2.25037E0 2.25037E0 2.25037E0 2.25037E0 2.25037E0 1.88162E0 1.88162E0 1.88162E0 1.88162E0 1.88162E0 1.88162E0 1.88162E0 1.23303E0 1.23303E0 1.23303E0 1.23303E0 1.23303E0 1.23303E0 1.23303E0 1.23303E0 1.23303E0 1.11488E0 6.28694E-1 6.28694E-1 6.28694E-1 6.28694E-1 6.28694E-1 6.28694E-1 6.28694E-1 6.28694E-1 6.28694E-1 6.28694E-1 6.28694E-1 6.28694E-1 6.28694E-1 6.28694E-1 1.16282E1 1.16282E1 2.0013E1 2.0013E1 1.1893E1 1.1893E1 1.1893E1 1.358E1 1.358E1 1.358E1 1.358E1 1.358E1 1.358E1
1.85034E1 1.85034E1 1.85034E1 1.85034E1 1.65166E1 1.65166E1 1.65166E1 1.65166E1 1.65166E1 1.65166E1 2.37603E0 2.37603E0 2.37603E0 2.37603E0 2.25037E0 2.25037E0 2.25037E0 2.25037E0 2.25037E0 2.25037E0 2.25037E0 2.25037E0 2.25037E0 2.25037E0 2.25037E0 1.88162E0 1.88162E0 1.88162E0 1.88162E0 1.88162E0 1.88162E0 1.88162E0 1.88162E0 1.11488E0 1.11488E0 1.11488E0 1.11488E0 1.11488E0 1.11488E0 1.11488E0 1.23303E0 1.11488E0 9.07742E-1 9.07742E-1 9.07742E-1 9.07742E-1 9.07742E-1 9.07742E-1 9.07742E-1 2.51615E0 2.51615E0 2.51615E0 2.51615E0 2.51615E0 2.51615E0 1.16282E1 1.16282E1 1.16282E1 1.16282E1 1.1893E1 1.1893E1 1.1893E1 1.1893E1 1.1893E1 1.358E1 1.358E1 1.358E1 1.358E1 1.358E1
1.85034E1 1.85034E1 1.85034E1 1.85034E1 1.65166E1 1.65166E1 2.71087E0 2.71087E0 2.71087E0 2.37603E0 2.37603E0 2.37603E0 2.37603E0 2.37603E0 2.25037E0 2.25037E0 2.25037E0 2.22861E0 2.22861E0 2.25037E0 2.22861E0 2.25037E0 2.25037E0 2.25037E0 2.25037E0 1.88162E0 1.88162E0 1.88162E0 1.88162E0 1.88162E0 1.88162E0 1.88162E0 1.88162E0 1.88162E0 1.11488E0 1.11488E0 1.11488E0 1.11488E0 1.11488E0 1.11488E0 1.11488E0 1.11488E0 9.07742E-1 9.07742E-1 9.07742E-1 9.07742E-1 9.07742E-1 2.51615E0 2.51615E0 2.51615E0 2.51615E0 2.51615E0 2.51615E0 3.53053E0 1.16282E1 1.16282E1 1.16282E1 1.16282E1 1.16282E1 1.16282E1 1.1893E1 1.1893E1 1.1893E1 1.1893E1 1.1893E1 1.358E1 1.358E1 1.358E1 1.358E1
1.85034E1 1.85034E1 1.85034E1 1.85034E1 1.85034E1 2.71087E0 2.71087E0 2.71087E0 2.71087E0 2.37603E0 2.37603E0 2.37603E0 2.37603E0 2.37603E0 2.37603E0 2.25037E0 2.22861E0 2.22861E0 2.22861E0 2.22861E0 2.22861E0 2.25037E0 2.25037E0 2.25037E0 2.25037E0 2.25037E0 1.88162E0 1.88162E0 1.88162E0 1.88162E0 1.88162E0 1.88162E0 1.88162E0 1.88162E0 1.11488E0 1.11488E0 1.11488E0 1.11488E0 1.11488E0 1.77856E-1 1.77856E-1 9.07742E-1 9.07742E-1 9.07742E-1 9.07742E-1 9.07742E-1 9.07742E-1 2.51615E0 2.51615E0 2.51615E0 2.51615E0 2.51615E0 3.53053E0 3.53053E0 1.16282E1 1.16282E1 1.16282E1 1.16282E1 1.16282E1 1.16282E1 1.1893E1 1.1893E1 1.1893E1 1.1893E1 1.1893E1 1.1893E1 1.358E1 1.358E1 1.358E1
1.90254E1 1.85034E1 1.85034E1 1.85034E1 1.90254E1 2.71087E0 2.71087E0 2.71087E0 2.71087E0 2.37603E0 2.37603E0 2.37603E0 2.37603E0 2.37603E0 2.37603E0 2.37603E0 2.22861E0 2.22861E0 2.22861E0 2.22861E0 2.22861E0 2.22861E0 1.59872E0 1.59872E0 1.59872E0 1.59872E0 1.59872E0 1.88162E0 1.88162E0 1.88162E0 1.88162E0 1.88162E0 1.88162E0 1.11488E0 1.11488E0 1.11488E0 1.11488E0 1.11488E0 1.77856E-1 1.77856E-1 1.77856E-1 9.07742E-1 9.07742E-1 9.07742E-1 9.07742E-1 9.07742E-1 2.51615E0 2.51615E0 2.51615E0 2.51615E0 3.53053E0 3.53053E0 3.53053E0 1.16282E1 1.16282E1 1.16282E1 1.16282E1 1.16282E1 1.16282E1 1.16282E1 1.16282E1 1.1893E1 1.1893E1 1.1893E1 1.1893E1 1.1893E1 1.358E1 1.358E1 1.358E1
4.5094E0 1.90254E1 1.90254E1 1.90254E1 1.40066E0 2.71087E0 2.71087E0 2.71087E0 2.71087E0 2.37603E0 2.37603E0 2.37603E0 2.37603E0 2.37603E0 2.37603E0 2.37603E0 2.22861E0 2.22861E0 2.22861E0 2.22861E0 1.47574E0 1.47574E0 1.47574E0 1.59872E0 1.59872E0 1.59872E0 1.88162E0 1.88162E0 1.88162E0 1.88162E0 1.88162E0 1.11488E0 1.11488E0 1.11488E0 1.11488E0 1.11488E0 1.11488E0 1.77856E-1 1.77856E-1 1.77856E-1 1.77856E-1 1.77856E-1 9.07742E-1 9.07742E-1 9.07742E-1 9.07742E-1 2.51615E0 2.51615E0 2.51615E0 2.51615E0 3.53053E0 3.53053E0 3.53053E0 1.16282E1 1.16282E1 1.16282E1 1.16282E1 1.16282E1 1.16282E1 1.16282E1 1.16282E1 1.1893E1 1.1893E1 1.1893E1 1.1893E1 1.358E1 1.358E1 1.358E1 4.57901E0
4.5094E0 4.5094E0 1.90254E1 1.90254E1 1.40066E0 2.71087E0 2.71087E0 2.71087E0 2.71087E0 2.71087E0 2.37603E0 2.37603E0 2.37603E0 2.37603E0 2.37603E0 2.22861E0 2.22861E0 2.22861E0 2.22861E0 1.47574E0 1.47574E0 1.47574E0 1.47574E0 1.59872E0 1.59872E0 1.59872E0 1.59872E0 1.88162E0 1.88162E0 1.88162E0 1.11488E0 1.11488E0 1.11488E0 1.26973E0 1.26973E0 1.11488E0 1.26973E0 1.26973E0 1.77856E-1 1.77856E-1 1.77856E-1 1.77856E-1 1.77856E-1 9.07742E-1 9.07742E-1 2.51615E0 2.51615E0 2.51615E0 3.53053E0 3.53053E0 3.53053E0 3.53053E0 3.53053E0 3.53053E0 1.16282E1 1.33341E0 1.33341E0 1.16282E1 1.16282E1 1.16282E1 1.16282E1 1.1893E1 1.1893E1 1.1893E1 1.1893E1 4.57901E0 4.57901E0 4.57901E0 4.57901E0
4.5094E0 4.5094E0 4.5094E0 4.5094E0 1.40066E0 1.40066E0 2.71087E0 2.71087E0 2.71087E0 2.71087E0 2.71087E0 2.37603E0 2.37603E0 2.37603E0 2.37603E0 2.22861E0 2.22861E0 2.22861E0 2.22861E0 1.47574E0 1.47574E0 1.47574E0 1.47574E0 1.59872E0 1.59872E0 1.59872E0 1.88162E0 1.88162E0 1.88162E0 1.88162E0 1.11488E0 1.11488E0 1.11488E0 1.26973E0 1.26973E0 1.26973E0 1.26973E0 1.26973E0 1.26973E0 1.77856E-1 1.77856E-1 1.77856E-1 1.77856E-1 1.77856E-1 2.51615E0 2.51615E0 1.54809E0 3.53053E0 3.53053E0 3.53053E0 3.53053E0 3.53053E0 3.53053E0 1.33341E0 1.33341E0 1.33341E0 1.33341E0 1.33341E0 1.16282E1 1.16282E1 1.16282E1 1.16282E1 4.57901E0 4.57901E0 4.57901E0 4.57901E0 4.57901E0 4.57901E0 4.57901E0
