outputcumul/cholera.asc
ncols         343
nrows         248
xllcorner     -74.4803996469999
yllcorner     18.0221399550001
cellsize      0.00833308698833808
NODATA_value  -9999
[rows 93 to 123 of 248, columns 207 to 275 of 343]
-9999 -9999 -9999 7.00472E0 7.00472E0 7.00472E0 7.00472E0 7.00472E0 7.00472E0 7.00472E0 7.00472E0 7.00472E0 7.00472E0 5.89225E0 5.89225E0 5.89225E0 5.89225E0 5.89225E0 5.02327E0 4.95143E0 5.02327E0 5.02327E0 5.02327E0 6.82484E0 6.82484E0 6.82484E0 6.82484E0 6.82484E0 6.82484E0 6.82484E0 6.82484E0 6.82484E0 6.82484E0 3.56309E0 3.56309E0 3.56309E0 3.56309E0 3.56309E0 3.56309E0 3.56309E0 3.56309E0 3.56309E0 3.56309E0 3.56309E0 1.14011E1 1.14011E1 5.6693E0 1.14011E1 1.14011E1 1.14011E1 1.14011E1 1.14011E1 1.14011E1 1.14011E1 1.14011E1 1.70943E1 1.70943E1 1.70943E1 1.70943E1 1.70943E1 1.70943E1 1.70943E1 1.70943E1 1.70943E1 1.70943E1 1.70943E1 1.70943E1 2.29032E1 2.29032E1
-9999 -9999 -9999 -9999 7.00472E0 7.00472E0 7.00472E0 7.00472E0 7.00472E0 7.00472E0 7.00472E0 7.00472E0 7.00472E0 7.00472E0 7.00472E0 7.00472E0 5.89225E0 5.02327E0 4.95143E0 4.95143E0 4.95143E0 6.82484E0 6.82484E0 6.82484E0 6.82484E0 6.82484E0 6.82484E0 6.82484E0 6.82484E0 6.82484E0 6.82484E0 6.82484E0 6.82484E0 6.82484E0 6.82484E0 3.56309E0 3.56309E0 3.56309E0 3.56309E0 3.56309E0 3.56309E0 3.56309E0 3.56309E0 3.56309E0 1.14011E1 1.14011E1 5.6693E0 1.14011E1 1.14011E1 1.14011E1 1.14011E1 1.14011E1 1.14011E1 1.14011E1 1.14011E1 1.14011E1 1.70943E1 1.70943E1 1.70943E1 1.70943E1 1.70943E1 1.70943E1 1.70943E1 1.70943E1 1.70943E1 1.70943E1 2.29032E1 2.29032E1 2.29032E1
-9999 -9999 7.21196E0 -9999 -9999 7.00472E0 7.00472E0 7.00472E0 7.00472E0 7.00472E0 7.00472E0 7.00472E0 7.00472E0 7.00472E0 7.00472E0 7.00472E0 7.00472E0 7.00472E0 4.95143E0 4.95143E0 4.95143E0 4.95143E0 4.95143E0 6.82484E0 6.82484E0 6.82484E0 6.82484E0 6.82484E0 6.82484E0 6.82484E0 6.82484E0 6.82484E0 6.82484E0 6.82484E0 6.82484E0 6.82484E0 3.56309E0 3.56309E0 3.56309E0 3.56309E0 3.56309E0 3.56309E0 3.56309E0 1.14011E1 1.14011E1 1.14011E1 1.14011E1 1.14011E1 1.14011E1 1.14011E1 1.14011E1 1.14011E1 1.14011E1 1.14011E1 1.14011E1 1.14011E1 1.70943E1 1.70943E1 1.70943E1 1.70943E1 1.70943E1 1.70943E1 1.70943E1 1.70943E1 1.70943E1 1.70943E1 2.70036E1 2.70036E1 2.70036E1
-9999 -9999 7.21196E0 -9999 7.21196E0 7.00472E0 7.00472E0 7.00472E0 7.00472E0 7.00472E0 7.00472E0 7.00472E0 7.00472E0 7.00472E0 7.00472E0 7.00472E0 7.00472E0 7.00472E0 4.95143E0 4.95143E0 4.95143E0 4.95143E0 4.95143E0 4.95143E0 6.82484E0 6.82484E0 6.82484E0 6.82484E0 6.82484E0 6.82484E0 6.82484E0 6.82484E0 6.82484E0 6.82484E0 6.82484E0 6.82484E0 8.2691E0 3.56309E0 3.56309E0 3.56309E0 3.56309E0 3.56309E0 3.56309E0 1.14011E1 1.14011E1 1.14011E1 1.14011E1 1.14011E1 1.14011E1 1.14011E1 1.14011E1 1.14011E1 1.14011E1 1.14011E1 1.14011E1 1.14011E1 1.14011E1 1.70943E1 1.70943E1 1.70943E1 1.70943E1 1.70943E1 1.70943E1 1.70943E1 2.70036E1 2.70036E1 2.70036E1 2.70036E1 2.70036E1
7.21196E0 7.21196E0 7.21196E0 7.21196E0 7.21196E0 7.21196E0 7.21196E0 7.21196E0 7.00472E0 7.00472E0 7.00472E0 7.00472E0 7.00472E0 7.00472E0 7.00472E0 7.00472E0 7.00472E0 7.00472E0 4.95143E0 4.95143E0 4.95143E0 4.95143E0 4.95143E0 4.95143E0 4.95143E0 6.82484E0 6.82484E0 6.82484E0 6.82484E0 6.82484E0 6.82484E0 6.82484E0 6.82484E0 6.82484E0 6.82484E0 6.82484E0 8.2691E0 3.56309E0 3.56309E0 3.56309E0 3.56309E0 3.56309E0 3.56309E0 1.14011E1 1.14011E1 1.14011E1 1.14011E1 1.14011E1 1.14011E1 1.14011E1 1.14011E1 1.14011E1 1.14011E1 1.14011E1 1.14011E1 1.14011E1 1.14011E1 1.70943E1 1.70943E1 1.70943E1 1.70943E1 1.70943E1 1.70943E1 1.70943E1 2.70036E1 2.70036E1 2.70036E1 2.70036E1 2.70036E1
7.21196E0 7.21196E0 7.21196E0 7.21196E0 7.21196E0 7.21196E0 7.21196E0 7.21196E0 7.21196E0 7.00472E0 7.00472E0 7.00472E0 7.00472E0 7.00472E0 7.00472E0 7.00472E0 4.95143E0 7.00472E0 4.95143E0 4.95143E0 4.95143E0 4.95143E0 4.95143E0 4.95143E0 4.95143E0 6.82484E0 6.82484E0 6.82484E0 6.82484E0 6.82484E0 6.82484E0 6.82484E0 6.82484E0 6.82484E0 6.82484E0 6.82484E0 8.2691E0 8.2691E0 3.56309E0 3.56309E0 3.56309E0 3.56309E0 3.56309E0 1.14011E1 1.14011E1 1.14011E1 1.14011E1 1.14011E1 1.14011E1 1.14011E1 1.14011E1 1.14011E1 1.14011E1 1.14011E1 1.14011E1 1.14011E1 1.14011E1 1.98391E1 1.98391E1 1.98391E1 1.70943E1 1.70943E1 2.70036E1 2.70036E1 2.70036E1 2.70036E1 2.70036E1 2.70036E1 2.70036E1
7.21196E0 7.21196E0 7.21196E0 7.21196E0 7.21196E0 7.21196E0 7.21196E0 7.21196E0 7.21196E0 7.21196E0 7.21196E0 7.00472E0 7.00472E0 7.00472E0 7.00472E0 7.00472E0 4.95143E0 4.95143E0 4.95143E0 4.95143E0 4.95143E0 4.95143E0 4.95143E0 4.95143E0 4.95143E0 6.82484E0 6.82484E0 6.82484E0 6.82484E0 8.2691E0 6.82484E0 8.2691E0 8.2691E0 8.2691E0 8.2691E0 8.2691E0 8.2691E0 8.2691E0 8.2691E0 3.56309E0 3.56309E0 3.56309E0 3.56309E0 1.14011E1 1.14011E1 1.14011E1 1.14011E1 1.14011E1 1.14011E1 1.14011E1 1.14011E1 1.14011E1 1.14011E1 1.14011E1 1.14011E1 1.14011E1 1.98391E1 1.98391E1 1.98391E1 1.98391E1 1.98391E1 1.98391E1 2.70036E1 2.70036E1 2.70036E1 2.70036E1 2.70036E1 2.70036E1 2.70036E1
3.12704E0 3.12704E0 3.12704E0 7.21196E0 7.21196E0 7.21196E0 3.12704E0 7.21196E0 7.21196E0 7.21196E0 7.21196E0 7.21196E0 7.21196E0 7.21196E0 7.21196E0 7.21196E0 4.95143E0 4.95143E0 4.95143E0 4.95143E0 4.95143E0 4.95143E0 4.95143E0 4.95143E0 4.95143E0 6.82484E0 6.82484E0 6.82484E0 6.82484E0 8.2691E0 8.2691E0 8.2691E0 8.2691E0 8.2691E0 8.2691E0 8.2691E0 8.2691E0 8.2691E0 8.2691E0 8.2691E0 3.56309E0 3.56309E0 3.56309E0 1.14011E1 1.14011E1 1.14011E1 1.14011E1 1.14011E1 1.14011E1 1.14011E1 1.14011E1 1.14011E1 1.14011E1 1.14011E1 1.14011E1 1.98391E1 1.98391E1 1.98391E1 1.98391E1 1.98391E1 1.98391E1 1.98391E1 2.70036E1 2.70036E1 2.70036E1 2.70036E1 2.70036E1 2.70036E1 2.70036E1
3.12704E0 3.12704E0 3.12704E0 3.12704E0 3.12704E0 7.21196E0 3.12704E0 3.12704E0 3.12704E0 3.12704E0 7.21196E0 7.21196E0 7.21196E0 7.21196E0 7.21196E0 4.95143E0 4.95143E0 4.95143E0 4.95143E0 4.95143E0 4.95143E0 4.95143E0 4.95143E0 4.95143E0 6.82484E0 6.82484E0 6.82484E0 6.82484E0 6.82484E0 8.2691E0 8.2691E0 8.2691E0 8.2691E0 8.2691E0 8.2691E0 8.2691E0 8.2691E0 8.2691E0 8.2691E0 8.2691E0 8.2691E0 8.2691E0 1.78208E1 1.14011E1 1.78208E1 1.14011E1 1.14011E1 1.14011E1 1.14011E1 1.14011E1 1.14011E1 1.14011E1 1.98391E1 1.98391E1 1.98391E1 1.98391E1 1.98391E1 1.98391E1 1.98391E1 1.98391E1 1.98391E1 1.98391E1 2.70036E1 2.70036E1 2.70036E1 2.70036E1 2.70036E1 2.70036E1 2.70036E1
3.12704E0 3.12704E0 3.12704E0 3.12704E0 3.12704E0 3.12704E0 3.12704E0 3.12704E0 3.12704E0 3.12704E0 7.21196E0 7.21196E0 7.21196E0 7.21196E0 7.21196E0 4.95143E0 4.95143E0 4.95143E0 4.95143E0 4.95143E0 4.95143E0 5.09343E0 4.95143E0 4.95143E0 6.82484E0 6.82484E0 6.82484E0 6.82484E0 6.82484E0 8.2691E0 8.2691E0 8.2691E0 8.2691E0 8.2691E0 8.2691E0 8.2691E0 8.2691E0 8.2691E0 8.2691E0 8.2691E0 8.2691E0 8.2691E0 1.78208E1 1.78208E1 1.78208E1 1.78208E1 1.14011E1 1.14011E1 1.14011E1 1.14011E1 1.14011E1 1.98391E1 1.98391E1 1.98391E1 1.98391E1 1.98391E1 1.98391E1 1.98391E1 1.98391E1 1.98391E1 1.98391E1 1.98391E1 3.23471E1 2.70036E1 2.70036E1 2.70036E1 2.70036E1 2.70036E1 2.70036E1
3.12704E0 3.12704E0 3.12704E0 3.12704E0 3.12704E0 3.12704E0 3.12704E0 3.12704E0 3.12704E0 3.12704E0 7.21196E0 7.21196E0 3.12704E0 7.21196E0 7.21196E0 4.95143E0 4.95143E0 4.95143E0 4.95143E0 4.95143E0 5.09343E0 5.09343E0 5.09343E0 4.95143E0 4.95143E0 6.82484E0 6.82484E0 6.82484E0 6.82484E0 8.2691E0 8.2691E0 6.82484E0 8.2691E0 8.2691E0 8.2691E0 8.2691E0 8.2691E0 8.2691E0 8.2691E0 8.2691E0 1.78208E1 1.78208E1 1.78208E1 1.78208E1 1.78208E1 1.78208E1 1.78208E1 1.78208E1 1.78208E1 1.14011E1 1.14011E1 1.98391E1 1.98391E1 1.98391E1 1.98391E1 1.98391E1 1.98391E1 1.98391E1 1.98391E1 1.98391E1 3.23471E1 3.23471E1 3.23471E1 2.70036E1 2.70036E1 2.70036E1 2.70036E1 2.70036E1 2.70036E1
3.12704E0 3.12704E0 3.12704E0 3.12704E0 3.12704E0 3.12704E0 3.12704E0 3.12704E0 3.12704E0 3.12704E0 3.12704E0 3.12704E0 3.12704E0 3.12704E0 3.12704E0 4.95143E0 3.12704E0 4.95143E0 4.95143E0 4.95143E0 5.09343E0 5.09343E0 5.09343E0 5.09343E0 5.09343E0 9.80505E0 6.82484E0 6.82484E0 6.82484E0 6.82484E0 6.82484E0 6.82484E0 6.82484E0 8.2691E0 8.2691E0 8.2691E0 8.2691E0 8.2691E0 8.2691E0 1.78208E1 1.78208E1 1.78208E1 1.78208E1 1.78208E1 1.78208E1 1.78208E1 1.78208E1 1.78208E1 1.78208E1 1.78208E1 1.78208E1 1.98391E1 1.98391E1 1.98391E1 1.98391E1 1.98391E1 1.98391E1 1.98391E1 1.98391E1 3.23471E1 3.23471E1 3.23471E1 3.23471E1 3.23471E1 3.23471E1 2.70036E1 2.70036E1 2.70036E1 2.70036E1
3.12704E0 3.12704E0 3.12704E0 3.12704E0 3.12704E0 3.12704E0 3.12704E0 3.12704E0 3.12704E0 3.12704E0 3.12704E0 3.12704E0 3.12704E0 3.12704E0 3.12704E0 3.12704E0 3.12704E0 3.12704E0 4.95143E0 4.95143E0 5.09343E0 5.09343E0 5.09343E0 5.09343E0 5.09343E0 9.80505E0 6.82484E0 6.82484E0 6.82484E0 6.82484E0 6.82484E0 6.82484E0 6.82484E0 6.82484E0 8.2691E0 8.2691E0 8.2691E0 8.2691E0 8.2691E0 1.78208E1 1.78208E1 1.78208E1 1.78208E1 1.78208E1 1.78208E1 1.78208E1 1.78208E1 1.78208E1 1.78208E1 1.78208E1 1.78208E1 1.78208E1 1.78208E1 1.78208E1 1.98391E1 1.98391E1 1.98391E1 1.78208E1 1.78208E1 1.78208E1 3.23471E1 3.23471E1 3.23471E1 3.23471E1 3.23471E1 3.23471E1 2.70036E1 2.70036E1 2.70036E1
3.12704E0 3.12704E0 3.12704E0 3.12704E0 3.12704E0 3.12704E0 3.12704E0 3.12704E0 3.12704E0 3.12704E0 3.12704E0 3.12704E0 3.12704E0 3.12704E0 3.12704E0 3.12704E0 3.12704E0 3.12704E0 3.12704E0 5.09343E0 5.09343E0 5.09343E0 5.09343E0 5.09343E0 5.09343E0 9.80505E0 9.80505E0 6.82484E0 6.82484E0 6.82484E0 6.82484E0 6.82484E0 6.82484E0 6.82484E0 8.2691E0 8.2691E0 8.2691E0 8.2691E0 1.78208E1 1.78208E1 1.78208E1 1.78208E1 1.78208E1 1.78208E1 1.78208E1 1.78208E1 1.78208E1 1.78208E1 1.78208E1 1.78208E1 1.78208E1 1.78208E1 1.78208E1 1.78208E1 1.78208E1 1.78208E1 1.78208E1 1.78208E1 1.78208E1 1.78208E1 3.23471E1 3.23471E1 3.23471E1 3.23471E1 3.23471E1 3.23471E1 3.23471E1 2.70036E1 2.70036E1
3.12704E0 3.12704E0 3.12704E0 3.12704E0 3.12704E0 3.12704E0 3.12704E0 3.12704E0 3.12704E0 3.12704E0 3.12704E0 3.12704E0 3.12704E0 3.12704E0 3.12704E0 3.12704E0 3.12704E0 3.12704E0 5.09343E0 5.09343E0 5.09343E0 5.09343E0 5.09343E0 5.09343E0 9.80505E0 9.80505E0 9.80505E0 9.80505E0 9.80505E0 6.82484E0 6.82484E0 6.82484E0 6.82484E0 6.82484E0 8.2691E0 8.2691E0 8.2691E0 8.2691E0 8.2691E0 8.2691E0 1.78208E1 1.78208E1 1.78208E1 1.78208E1 1.78208E1 1.78208E1 1.78208E1 1.78208E1 1.78208E1 1.78208E1 1.78208E1 1.78208E1 1.78208E1 1.78208E1 1.78208E1 1.78208E1 1.78208E1 1.78208E1 1.78208E1 3.23471E1 3.23471E1 3.23471E1 3.23471E1 3.23471E1 3.23471E1 3.23471E1 3.23471E1 3.23471E1 3.23471E1
3.12704E0 3.12704E0 3.12704E0 3.12704E0 3.12704E0 3.12704E0 3.12704E0 3.12704E0 3.12704E0 3.12704E0 3.12704E0 3.12704E0 3.12704E0 3.12704E0 3.12704E0 3.12704E0 3.12704E0 5.09343E0 5.09343E0 5.09343E0 5.09343E0 5.09343E0 5.09343E0 5.09343E0 9.80505E0 9.80505E0 9.80505E0 9.80505E0 9.80505E0 9.80505E0 9.80505E0 6.82484E0 6.82484E0 8.2691E0 8.2691E0 8.2691E0 8.2691E0 8.2691E0 8.2691E0 8.2691E0 8.2691E0 1.78208E1 1.78208E1 1.78208E1 1.78208E1 1.78208E1 1.78208E1 1.78208E1 1.78208E1 1.78208E1 1.78208E1 1.78208E1 1.78208E1 1.78208E1 1.78208E1 1.78208E1 1.78208E1 1.78208E1 1.78208E1 3.23471E1 3.23471E1 3.23471E1 3.23471E1 3.23471E1 3.23471E1 3.23471E1 3.23471E1 3.23471E1 3.23471E1
3.12704E0 3.12704E0 3.12704E0 3.12704E0 3.12704E0 3.12704E0 3.12704E0 3.12704E0 3.12704E0 3.12704E0 3.12704E0 3.12704E0 3.12704E0 3.12704E0 3.12704E0 3.12704E0 5.09343E0 5.09343E0 5.09343E0 5.09343E0 5.09343E0 9.80505E0 9.80505E0 9.80505E0 9.80505E0 9.80505E0 9.80505E0 9.80505E0 9.80505E0 9.80505E0 9.80505E0 1.93986E1 1.93986E1 8.2691E0 8.2691E0 8.2691E0 8.2691E0 8.2691E0 8.2691E0 8.2691E0 8.2691E0 1.78208E1 1.78208E1 1.78208E1 1.78208E1 1.78208E1 1.78208E1 1.84231E1 1.84231E1 1.78208E1 1.78208E1 1.78208E1 1.78208E1 1.78208E1 1.78208E1 1.78208E1 1.78208E1 1.78208E1 1.78208E1 3.23471E1 3.23471E1 3.23471E1 3.23471E1 3.23471E1 3.23471E1 3.23471E1 3.23471E1 3.23471E1 3.23471E1
3.12704E0 3.12704E0 3.12704E0 3.12704E0 3.12704E0 3.12704E0 3.12704E0 3.12704E0 3.12704E0 3.12704E0 3.12704E0 3.12704E0 3.12704E0 3.12704E0 3.12704E0 5.09343E0 3.12704E0 5.09343E0 5.09343E0 9.80505E0 9.80505E0 9.80505E0 9.80505E0 9.80505E0 9.80505E0 9.80505E0 9.80505E0 9.80505E0 9.80505E0 9.80505E0 1.93986E1 1.93986E1 1.93986E1 1.93986E1 1.93986E1 1.93986E1 8.2691E0 8.2691E0 8.2691E0 8.2691E0 8.2691E0 8.2691E0 1.78208E1 1.78208E1 1.78208E1 1.78208E1 1.78208E1 1.84231E1 1.84231E1 1.84231E1 1.84231E1 1.84231E1 1.84231E1 1.78208E1 1.78208E1 1.78208E1 1.78208E1 1.78208E1 1.78208E1 2.57258E1 3.23471E1 3.23471E1 3.23471E1 3.23471E1 3.23471E1 3.23471E1 3.23471E1 3.23471E1 3.23471E1
3.12704E0 3.12704E0 3.12704E0 3.12704E0 3.12704E0 3.12704E0 3.12704E0 3.12704E0 3.12704E0 3.12704E0 3.12704E0 3.12704E0 3.12704E0 3.12704E0 3.12704E0 3.12704E0 5.09343E0 5.09343E0 5.09343E0 9.80505E0 9.80505E0 9.80505E0 9.80505E0 9.80505E0 9.80505E0 9.80505E0 9.80505E0 9.80505E0 9.80505E0 1.93986E1 1.93986E1 1.93986E1 1.93986E1 1.93986E1 1.93986E1 1.93986E1 1.93986E1 8.2691E0 8.2691E0 8.2691E0 8.2691E0 8.2691E0 1.78208E1 1.78208E1 1.78208E1 1.84231E1 1.84231E1 1.84231E1 1.84231E1 1.84231E1 1.84231E1 1.84231E1 1.84231E1 1.78208E1 1.78208E1 1.78208E1 1.78208E1 1.78208E1 2.57258E1 2.57258E1 2.57258E1 3.23471E1 3.23471E1 3.23471E1 3.23471E1 3.23471E1 3.23471E1 3.23471E1 3.23471E1
-9999 3.12704E0 3.12704E0 3.12704E0 3.12704E0 3.12704E0 3.12704E0 3.12704E0 3.12704E0 3.12704E0 3.12704E0 3.12704E0 3.12704E0 3.12704E0 3.12704E0 3.12704E0 3.12704E0 5.09343E0 9.96989E0 9.80505E0 9.96989E0 9.80505E0 9.80505E0 9.80505E0 9.80505E0 9.80505E0 9.80505E0 9.80505E0 9.96989E0 1.93986E1 1.93986E1 1.93986E1 1.93986E1 1.93986E1 1.93986E1 1.93986E1 1.93986E1 8.2691E0 8.2691E0 8.2691E0 8.2691E0 8.2691E0 8.2691E0 8.2691E0 1.84231E1 1.84231E1 1.84231E1 1.84231E1 1.84231E1 1.84231E1 1.84231E1 1.84231E1 1.84231E1 1.84231E1 1.84231E1 2.57258E1 2.57258E1 2.57258E1 2.57258E1 2.57258E1 2.57258E1 2.57258E1 3.23471E1 3.23471E1 3.23471E1 3.23471E1 3.23471E1 3.23471E1 3.23471E1
-9999 -9999 -9999 3.12704E0 3.12704E0 3.12704E0 3.12704E0 3.12704E0 3.12704E0 3.12704E0 3.12704E0 3.12704E0 3.12704E0 9.23409E0 9.23409E0 9.23409E0 9.23409E0 3.12704E0 9.96989E0 9.96989E0 9.96989E0 9.80505E0 9.80505E0 9.96989E0 9.96989E0 9.80505E0 9.96989E0 9.96989E0 1.93986E1 1.93986E1 1.93986E1 1.93986E1 1.93986E1 1.93986E1 1.93986E1 1.93986E1 1.93986E1 8.2691E0 8.2691E0 8.2691E0 8.2691E0 8.2691E0 8.2691E0 1.84231E1 1.84231E1 1.84231E1 1.84231E1 1.84231E1 1.84231E1 1.84231E1 1.84231E1 1.84231E1 1.84231E1 1.84231E1 2.57258E1 2.57258E1 2.57258E1 2.57258E1 2.57258E1 2.57258E1 2.57258E1 2.57258E1 2.57258E1 3.23471E1 3.23471E1 3.23471E1 3.23471E1 3.23471E1 3.23471E1
-9999 -9999 -9999 -9999 -9999 3.12704E0 3.12704E0 3.12704E0 3.12704E0 3.12704E0 3.12704E0 3.12704E0 9.23409E0 9.23409E0 9.23409E0 9.23409E0 9.23409E0 9.23409E0 9.96989E0 9.96989E0 9.96989E0 9.96989E0 9.96989E0 9.96989E0 9.96989E0 9.96989E0 9.96989E0 9.96989E0 1.93986E1 1.93986E1 1.93986E1 1.93986E1 1.93986E1 2.53073E1 2.53073E1 1.93986E1 1.93986E1 8.2691E0 8.2691E0 8.2691E0 8.2691E0 8.2691E0 2.57258E1 2.57258E1 2.57258E1 1.84231E1 1.84231E1 1.84231E1 1.84231E1 1.84231E1 1.84231E1 1.84231E1 1.84231E1 1.84231E1 2.57258E1 2.57258E1 2.57258E1 2.57258E1 2.57258E1 2.57258E1 2.57258E1 2.57258E1 2.57258E1 2.57258E1 3.23471E1 3.23471E1 3.23471E1 3.23471E1 3.23471E1
-9999 -9999 -9999 -9999 -9999 -9999 -9999 3.12704E0 3.12704E0 9.23409E0 9.23409E0 9.23409E0 9.23409E0 9.23409E0 9.23409E0 9.23409E0 9.23409E0 9.23409E0 9.23409E0 9.23409E0 9.96989E0 9.96989E0 9.96989E0 9.96989E0 9.96989E0 9.96989E0 9.96989E0 9.96989E0 9.96989E0 2.22065E1 1.93986E1 1.93986E1 2.53073E1 2.53073E1 2.53073E1 2.53073E1 2.53073E1 2.53073E1 2.57258E1 2.57258E1 2.57258E1 2.57258E1 2.57258E1 2.57258E1 2.57258E1 2.57258E1 2.57258E1 1.84231E1 1.84231E1 1.84231E1 1.84231E1 1.84231E1 1.84231E1 2.57258E1 2.57258E1 2.57258E1 2.57258E1 2.57258E1 2.57258E1 2.57258E1 2.57258E1 2.57258E1 2.57258E1 2.57258E1 3.30088E1 3.30088E1 3.23471E1 3.23471E1 3.23471E1
-9999 -9999 -9999 -9999 -9999 -9999 -9999 3.12704E0 9.23409E0 9.23409E0 9.23409E0 9.23409E0 9.23409E0 9.23409E0 9.23409E0 9.23409E0 9.23409E0 9.23409E0 9.23409E0 9.23409E0 9.23409E0 9.23409E0 9.96989E0 9.96989E0 9.96989E0 9.96989E0 9.96989E0 9.96989E0 2.22065E1 2.22065E1 2.22065E1 2.22065E1 2.22065E1 2.53073E1 2.53073E1 2.53073E1 2.53073E1 2.53073E1 2.53073E1 2.57258E1 2.57258E1 2.57258E1 2.57258E1 2.57258E1 2.57258E1 2.57258E1 2.57258E1 2.57258E1 2.57258E1 1.84231E1 1.84231E1 1.84231E1 2.57258E1 2.57258E1 2.57258E1 2.57258E1 2.57258E1 2.57258E1 2.57258E1 2.57258E1 2.57258E1 2.57258E1 3.30088E1 3.30088E1 3.30088E1 3.30088E1 3.30088E1 3.30088E1 3.23471E1
-9999 -9999 -9999 -9999 -9999 -9999 9.3288E0 9.3288E0 9.3288E0 9.23409E0 9.23409E0 9.23409E0 9.23409E0 9.23409E0 9.23409E0 9.23409E0 9.23409E0 9.23409E0 9.23409E0 9.23409E0 9.23409E0 9.23409E0 9.23409E0 9.23409E0 9.96989E0 9.96989E0 9.96989E0 2.22065E1 2.22065E1 2.22065E1 2.22065E1 2.22065E1 2.22065E1 2.22065E1 2.53073E1 2.53073E1 2.53073E1 2.53073E1 2.53073E1 2.53073E1 2.53073E1 2.57258E1 2.57258E1 2.57258E1 2.57258E1 2.57258E1 2.57258E1 2.57258E1 2.57258E1 2.57258E1 2.57258E1 2.57258E1 2.57258E1 2.57258E1 2.57258E1 2.57258E1 2.57258E1 2.57258E1 2.57258E1 2.57258E1 2.57258E1 2.57258E1 3.30088E1 3.30088E1 3.30088E1 3.30088E1 3.30088E1 3.30088E1 3.30088E1
-9999 -9999 -9999 -9999 -9999 -9999 9.3288E0 9.3288E0 9.3288E0 9.3288E0 9.23409E0 9.23409E0 9.23409E0 9.23409E0 9.23409E0 9.23409E0 9.23409E0 9.23409E0 9.23409E0 9.23409E0 9.23409E0 9.23409E0 9.23409E0 9.23409E0 2.22065E1 2.22065E1 2.22065E1 2.22065E1 2.22065E1 2.22065E1 2.22065E1 2.22065E1 2.22065E1 2.53073E1 2.53073E1 2.53073E1 2.53073E1 2.53073E1 2.53073E1 2.53073E1 2.53073E1 2.57258E1 2.57258E1 2.62104E1 2.57258E1 2.57258E1 2.57258E1 2.57258E1 2.57258E1 2.57258E1 2.57258E1 2.57258E1 2.57258E1 2.57258E1 2.57258E1 2.57258E1 2.57258E1 2.57258E1 2.57258E1 2.57258E1 2.57258E1 2.57258E1 3.30088E1 3.30088E1 3.30088E1 3.30088E1 3.30088E1 3.30088E1 3.30088E1
-9999 -9999 -9999 -9999 1.03193E1 1.03193E1 1.03193E1 1.03193E1 9.3288E0 9.3288E0 9.3288E0 9.23409E0 9.23409E0 9.23409E0 9.23409E0 9.23409E0 9.23409E0 9.23409E0 9.23409E0 9.23409E0 9.23409E0 9.23409E0 9.23409E0 9.23409E0 2.22065E1 2.22065E1 2.22065E1 2.22065E1 2.22065E1 2.22065E1 2.22065E1 2.22065E1 2.53073E1 2.22065E1 2.53073E1 2.53073E1 2.53073E1 2.53073E1 2.53073E1 2.53073E1 2.53073E1 2.53073E1 2.62104E1 2.62104E1 2.62104E1 2.62104E1 2.62104E1 2.62104E1 2.62104E1 2.57258E1 2.57258E1 2.57258E1 2.57258E1 2.57258E1 2.57258E1 2.57258E1 2.57258E1 2.57258E1 2.57258E1 2.57258E1 2.57258E1 2.57258E1 2.57258E1 3.30088E1 3.30088E1 3.30088E1 3.30088E1 3.30088E1 3.30088E1
1.03193E1 1.03193E1 1.03193E1 1.03193E1 1.03193E1 1.03193E1 1.03193E1 1.03193E1 9.3288E0 9.3288E0 9.3288E0 9.3288E0 9.3288E0 9.23409E0 9.23409E0 9.23409E0 9.23409E0 9.23409E0 9.23409E0 9.23409E0 9.23409E0 9.23409E0 9.23409E0 9.23409E0 2.22065E1 2.22065E1 2.22065E1 2.22065E1 2.22065E1 2.22065E1 2.22065E1 2.22065E1 2.22065E1 2.53073E1 2.53073E1 2.53073E1 2.53073E1 2.53073E1 2.53073E1 2.53073E1 2.53073E1 2.53073E1 2.53073E1 2.62104E1 2.62104E1 2.62104E1 2.62104E1 2.62104E1 2.62104E1 2.62104E1 2.57258E1 2.57258E1 2.57258E1 2.57258E1 2.57258E1 2.57258E1 2.57258E1 2.57258E1 2.57258E1 2.57258E1 2.62104E1 2.62104E1 2.62104E1 2.62104E1 3.30088E1 3.30088E1 3.30088E1 3.30088E1 3.48216E1
1.03193E1 1.03193E1 1.03193E1 1.03193E1 1.03193E1 1.03193E1 1.03193E1 9.3288E0 9.3288E0 9.3288E0 9.3288E0 9.3288E0 9.3288E0 9.23409E0 9.23409E0 9.23409E0 9.23409E0 9.23409E0 9.23409E0 9.23409E0 9.23409E0 9.23409E0 9.23409E0 9.23409E0 9.23409E0 2.22065E1 2.22065E1 2.22065E1 2.22065E1 2.22065E1 2.22065E1 2.22065E1 2.22065E1 2.22065E1 2.53073E1 2.22065E1 2.22065E1 2.53073E1 2.53073E1 2.53073E1 2.53073E1 2.53073E1 2.53073E1 2.62104E1 2.62104E1 2.62104E1 2.62104E1 2.62104E1 2.62104E1 2.62104E1 2.62104E1 2.57258E1 2.57258E1 2.57258E1 2.57258E1 2.57258E1 2.57258E1 2.57258E1 2.57258E1 2.57258E1 2.62104E1 2.62104E1 2.62104E1 2.62104E1 3.09764E1 3.09764E1 3.09764E1 3.09764E1 3.48216E1
1.03193E1 1.03193E1 1.03193E1 1.03193E1 1.03193E1 1.03193E1 1.03193E1 1.03193E1 9.3288E0 9.3288E0 9.3288E0 9.3288E0 9.3288E0 9.3288E0 9.48642E0 9.23409E0 9.23409E0 9.23409E0 9.23409E0 9.23409E0 9.23409E0 9.23409E0 9.23409E0 9.23409E0 2.22065E1 2.22065E1 2.22065E1 2.22065E1 2.22065E1 2.22065E1 2.22065E1 2.22065E1 2.22065E1 2.22065E1 2.22065E1 2.22065E1 2.22065E1 2.53073E1 2.53073E1 2.53073E1 2.53073E1 2.53073E1 2.53073E1 2.53073E1 3.97985E1 2.62104E1 2.62104E1 2.62104E1 2.62104E1 2.62104E1 2.62104E1 2.62104E1 2.62104E1 2.62104E1 2.62104E1 2.57258E1 2.57258E1 2.57258E1 2.57258E1 2.62104E1 2.62104E1 2.62104E1 2.62104E1 3.09764E1 3.09764E1 3.09764E1 3.09764E1 3.09764E1 3.48216E1
1.03193E1 1.03193E1 1.03193E1 1.03193E1 1.03193E1 1.03193E1 1.03193E1 1.03193E1 1.03193E1 9.3288E0 9.3288E0 9.3288E0 9.3288E0 9.3288E0 9.48642E0 9.48642E0 9.23409E0 9.23409E0 9.23409E0 9.23409E0 9.23409E0 9.23409E0 9.23409E0 2.11165E1 2.11165E1 2.11165E1 2.11165E1 2.22065E1 2.22065E1 2.22065E1 2.22065E1 2.22065E1 2.22065E1 2.22065E1 2.22065E1 2.22065E1 2.56123E1 2.56123E1 2.53073E1 2.53073E1 2.53073E1 2.53073E1 2.53073E1 2.53073E1 3.97985E1 3.97985E1 3.97985E1 2.62104E1 2.62104E1 2.62104E1 2.62104E1 2.62104E1 2.62104E1 2.62104E1 2.62104E1 2.62104E1 2.62104E1 2.62104E1 2.62104E1 2.62104E1 2.62104E1 2.62104E1 2.62104E1 3.09764E1 3.09764E1 3.09764E1 3.09764E1 3.09764E1 3.09764E1
