outputcumul/cholera.asc
ncols         343
nrows         248
xllcorner     -74.4803996469999
yllcorner     18.0221399550001
cellsize      0.00833308698833808
NODATA_value  -9999
[rows 186 to 216 of 248, columns 138 to 206 of 343]
-9999 -9999 -9999 -9999 -9999 -9999 -9999 -9999 -9999 -9999 -9999 -9999 -9999 -9999 -9999 -9999 -9999 -9999 -9999 -9999 -9999 -9999 -9999 -9999 -9999 -9999 -9999 -9999 -9999 -9999 -9999 -9999 -9999 -9999 -9999 -9999 -9999 -9999 -9999 -9999 -9999 -9999 -9999 -9999 -9999 -9999 -9999 -9999 -9999 -9999 -9999 -9999 -9999 -9999 -9999 -9999 -9999 -9999 -9999 -9999 -9999 -9999 -9999 -9999 -9999 -9999 -9999 -9999 -9999
-9999 -9999 -9999 -9999 -9999 -9999 -9999 -9999 -9999 -9999 -9999 -9999 -9999 -9999 -9999 -9999 -9999 -9999 -9999 -9999 -9999 -9999 -9999 -9999 -9999 -9999 -9999 -9999 -9999 -9999 -9999 -9999 -9999 -9999 -9999 -9999 -9999 -9999 -9999 -9999 -9999 -9999 -9999 -9999 -9999 -9999 -9999 -9999 -9999 -9999 -9999 -9999 -9999 -9999 -9999 -9999 -9999 -9999 -9999 -9999 -9999 -9999 -9999 -9999 -9999 -9999 -9999 -9999 -9999
-9999 -9999 -9999 -9999 -9999 -9999 -9999 -9999 -9999 -9999 -9999 -9999 -9999 -9999 -9999 -9999 -9999 -9999 -9999 -9999 -9999 -9999 -9999 -9999 -9999 -9999 -9999 -9999 -9999 -9999 -9999 -9999 -9999 -9999 -9999 -9999 -9999 -9999 -9999 -9999 -9999 -9999 -9999 -9999 -9999 -9999 -9999 -9999 -9999 -9999 -9999 -9999 -9999 -9999 -9999 -9999 -9999 -9999 -9999 -9999 -9999 -9999 -9999 -9999 -9999 -9999 -9999 -9999 -9999
-9999 -9999 -9999 -9999 -9999 -9999 -9999 -9999 -9999 -9999 -9999 -9999 -9999 -9999 -9999 -9999 -9999 -9999 -9999 -9999 -9999 -9999 -9999 -9999 -9999 -9999 -9999 -9999 -9999 -9999 -9999 -9999 -9999 -9999 -9999 -9999 -9999 -9999 -9999 -9999 -9999 -9999 -9999 -9999 -9999 -9999 -9999 -9999 -9999 -9999 -9999 -9999 -9999 -9999 -9999 -9999 -9999 -9999 -9999 -9999 -9999 -9999 -9999 -9999 -9999 -9999 -9999 -9999 -9999
4.97522E1 -9999 -9999 -9999 -9999 -9999 -9999 -9999 -9999 -9999 -9999 -9999 -9999 -9999 -9999 -9999 -9999 -9999 -9999 -9999 -9999 -9999 -9999 -9999 -9999 -9999 -9999 -9999 -9999 -9999 -9999 -9999 -9999 -9999 -9999 -9999 -9999 -9999 -9999 -9999 -9999 -9999 -9999 -9999 -9999 -9999 -9999 -9999 -9999 -9999 -9999 -9999 -9999 -9999 -9999 -9999 -9999 -9999 -9999 -9999 -9999 -9999 -9999 -9999 -9999 -9999 -9999 -9999 -9999
4.97522E1 4.97522E1 -9999 -9999 -9999 -9999 -9999 -9999 -9999 -9999 -9999 -9999 -9999 -9999 -9999 -9999 -9999 -9999 -9999 -9999 -9999 -9999 -9999 -9999 -9999 -9999 -9999 -9999 -9999 -9999 -9999 -9999 -9999 -9999 -9999 -9999 -9999 -9999 -9999 -9999 -9999 -9999 -9999 -9999 -9999 -9999 -9999 -9999 -9999 -9999 -9999 -9999 -9999 -9999 -9999 -9999 -9999 -9999 -9999 -9999 -9999 -9999 -9999 -9999 -9999 -9999 -9999 -9999 -9999
4.97522E1 4.97522E1 4.97522E1 5.17362E1 -9999 -9999 -9999 -9999 -9999 -9999 -9999 -9999 -9999 -9999 -9999 4.5822E1 4.5822E1 4.5822E1 4.5822E1 4.7566E1 4.7566E1 -9999 -9999 -9999 -9999 -9999 -9999 -9999 -9999 -9999 -9999 -9999 -9999 -9999 -9999 -9999 -9999 -9999 -9999 -9999 -9999 -9999 -9999 -9999 -9999 -9999 -9999 -9999 -9999 -9999 -9999 -9999 -9999 -9999 -9999 -9999 -9999 -9999 -9999 -9999 -9999 -9999 -9999 -9999 -9999 -9999 -9999 -9999 -9999
4.97522E1 4.97522E1 5.17362E1 5.17362E1 5.17362E1 5.17362E1 5.17362E1 4.13759E1 4.13759E1 4.13759E1 4.13759E1 4.72699E1 4.5822E1 4.5822E1 4.5822E1 4.5822E1 4.5822E1 4.5822E1 4.5822E1 4.7566E1 4.7566E1 4.7566E1 4.7566E1 4.7566E1 -9999 -9999 -9999 -9999 -9999 -9999 -9999 -9999 -9999 -9999 -9999 -9999 -9999 -9999 -9999 -9999 -9999 -9999 -9999 -9999 -9999 -9999 -9999 -9999 -9999 -9999 -9999 -9999 -9999 -9999 -9999 -9999 -9999 -9999 -9999 -9999 -9999 -9999 -9999 -9999 -9999 -9999 -9999 -9999 -9999
4.97522E1 4.97522E1 4.97522E1 5.17362E1 5.17362E1 5.17362E1 5.17362E1 4.13759E1 4.13759E1 4.13759E1 4.13759E1 4.72699E1 4.72699E1 4.5822E1 4.5822E1 4.5822E1 4.5822E1 4.5822E1 4.5822E1 4.7566E1 4.7566E1 4.7566E1 4.7566E1 4.7566E1 4.7566E1 -9999 -9999 -9999 -9999 -9999 -9999 -9999 -9999 -9999 -9999 -9999 -9999 -9999 -9999 -9999 -9999 -9999 -9999 -9999 -9999 -9999 -9999 -9999 -9999 -9999 -9999 -9999 -9999 -9999 -9999 -9999 -9999 -9999 -9999 -9999 -9999 -9999 -9999 -9999 -9999 -9999 -9999 -9999 -9999
4.97522E1 4.97522E1 4.97522E1 5.17362E1 5.17362E1 5.17362E1 5.17362E1 4.13759E1 4.13759E1 4.13759E1 4.13759E1 4.72699E1 4.72699E1 4.5822E1 4.5822E1 4.5822E1 4.5822E1 4.5822E1 4.5822E1 4.5822E1 4.7566E1 4.7566E1 4.7566E1 4.7566E1 4.7566E1 4.7566E1 -9999 -9999 -9999 -9999 -9999 -9999 -9999 5.0504E1 5.0504E1 5.0504E1 5.0504E1 5.0504E1 5.0504E1 5.0504E1 5.0504E1 5.0504E1 5.0504E1 5.0504E1 5.0504E1 5.0504E1 -9999 -9999 -9999 -9999 -9999 -9999 -9999 -9999 -9999 -9999 -9999 -9999 -9999 -9999 -9999 -9999 -9999 -9999 -9999 -9999 -9999 -9999 -9999
4.97522E1 4.97522E1 4.97522E1 5.17362E1 5.17362E1 5.17362E1 4.13759E1 4.13759E1 4.13759E1 4.13759E1 4.72699E1 4.72699E1 4.72699E1 4.5822E1 4.5822E1 4.5822E1 4.5822E1 4.5822E1 4.5822E1 4.5822E1 4.7566E1 4.7566E1 4.7566E1 4.7566E1 4.7566E1 4.7566E1 4.7566E1 -9999 -9999 -9999 -9999 5.70797E1 5.70797E1 5.0504E1 5.0504E1 5.0504E1 5.0504E1 5.0504E1 5.0504E1 5.0504E1 5.0504E1 5.0504E1 5.0504E1 5.0504E1 5.0504E1 5.0504E1 5.0504E1 5.0504E1 5.0504E1 5.0504E1 -9999 -9999 -9999 -9999 -9999 -9999 -9999 -9999 -9999 -9999 -9999 -9999 -9999 -9999 -9999 -9999 -9999 -9999 -9999
4.97522E1 4.97522E1 5.17362E1 5.17362E1 5.17362E1 5.17362E1 5.17362E1 5.17362E1 5.17362E1 4.13759E1 4.72699E1 4.72699E1 4.72699E1 4.72699E1 4.72699E1 4.72699E1 4.5822E1 4.5822E1 4.5822E1 4.5822E1 4.5822E1 4.7566E1 4.7566E1 4.30014E1 4.30014E1 4.30014E1 5.70797E1 5.70797E1 5.70797E1 5.70797E1 5.70797E1 5.70797E1 5.70797E1 5.70797E1 5.0504E1 6.73845E1 6.73845E1 6.73845E1 6.73845E1 6.73845E1 5.0504E1 6.73845E1 5.0504E1 5.0504E1 5.0504E1 5.0504E1 5.0504E1 5.0504E1 5.0504E1 5.0504E1 5.0504E1 5.0504E1 -9999 -9999 -9999 -9999 -9999 5.21489E1 5.21489E1 5.21489E1 -9999 -9999 -9999 -9999 -9999 -9999 -9999 -9999 -9999
4.97522E1 4.97522E1 4.97522E1 5.17362E1 5.17362E1 5.17362E1 5.17362E1 5.17362E1 5.17362E1 4.13759E1 4.72699E1 4.72699E1 4.72699E1 4.72699E1 4.72699E1 4.72699E1 4.43432E1 4.43432E1 4.43432E1 4.43432E1 4.43432E1 4.43432E1 4.7566E1 4.30014E1 4.30014E1 4.30014E1 4.30014E1 5.70797E1 5.70797E1 5.70797E1 5.70797E1 5.70797E1 5.70797E1 6.73845E1 6.73845E1 6.73845E1 6.73845E1 6.73845E1 6.73845E1 6.73845E1 6.73845E1 6.73845E1 6.73845E1 7.54329E1 7.54329E1 7.54329E1 7.54329E1 7.54329E1 7.54329E1 7.54329E1 7.54329E1 7.54329E1 -9999 -9999 -9999 -9999 5.47288E1 5.21489E1 5.21489E1 5.21489E1 6.85894E1 6.85894E1 6.85894E1 6.85894E1 -9999 -9999 -9999 -9999 -9999
4.97522E1 4.97522E1 4.97522E1 4.97522E1 5.17362E1 5.17362E1 5.17362E1 5.17362E1 4.13759E1 4.13759E1 4.72699E1 4.72699E1 4.72699E1 4.72699E1 4.72699E1 4.72699E1 4.72699E1 4.43432E1 4.43432E1 4.43432E1 4.43432E1 4.43432E1 4.43432E1 4.30014E1 4.30014E1 4.30014E1 5.70797E1 5.70797E1 5.70797E1 5.70797E1 5.70797E1 5.70797E1 5.70797E1 5.70797E1 6.73845E1 6.73845E1 6.73845E1 6.73845E1 6.73845E1 6.73845E1 6.73845E1 6.73845E1 6.73845E1 7.54329E1 7.54329E1 7.54329E1 7.54329E1 7.54329E1 7.54329E1 7.54329E1 7.54329E1 7.54329E1 -9999 -9999 -9999 5.47288E1 5.47288E1 5.47288E1 5.21489E1 5.21489E1 5.21489E1 6.85894E1 6.85894E1 6.85894E1 6.85894E1 6.85894E1 6.85894E1 6.85894E1 6.75298E1
5.66014E0 2.45056E1 5.17362E1 5.17362E1 5.17362E1 5.17362E1 5.17362E1 5.17362E1 4.13759E1 4.13759E1 4.43432E1 4.43432E1 4.43432E1 4.43432E1 4.43432E1 4.43432E1 4.43432E1 4.43432E1 4.43432E1 4.43432E1 4.43432E1 4.30014E1 4.30014E1 4.30014E1 4.30014E1 4.30014E1 5.70797E1 5.70797E1 5.70797E1 5.70797E1 5.70797E1 5.70797E1 5.70797E1 5.70797E1 6.73845E1 6.73845E1 6.73845E1 6.73845E1 6.73845E1 6.73845E1 6.73845E1 6.73845E1 6.73845E1 7.54329E1 7.54329E1 7.54329E1 7.54329E1 7.54329E1 7.54329E1 7.54329E1 7.54329E1 7.54329E1 5.47288E1 5.47288E1 5.47288E1 5.47288E1 5.47288E1 5.47288E1 5.21489E1 5.21489E1 5.21489E1 5.21489E1 6.85894E1 6.85894E1 6.85894E1 6.85894E1 6.85894E1 6.85894E1 6.75298E1
1.28936E1 2.45056E1 2.87068E1 2.87068E1 5.17362E1 5.17362E1 5.17362E1 5.17362E1 4.13759E1 4.43432E1 4.43432E1 4.43432E1 4.43432E1 4.43432E1 4.43432E1 4.43432E1 4.43432E1 4.43432E1 4.43432E1 4.43432E1 4.30014E1 4.30014E1 4.30014E1 4.30014E1 4.30014E1 4.30014E1 5.70797E1 5.70797E1 5.70797E1 5.70797E1 5.70797E1 5.70797E1 5.70797E1 5.70797E1 5.70797E1 6.73845E1 6.73845E1 6.73845E1 6.73845E1 6.73845E1 6.73845E1 6.73845E1 6.73845E1 7.54329E1 7.54329E1 7.54329E1 7.54329E1 7.54329E1 7.54329E1 7.54329E1 5.47288E1 5.47288E1 5.47288E1 5.47288E1 5.47288E1 5.47288E1 5.47288E1 5.47288E1 5.21489E1 5.21489E1 5.21489E1 5.21489E1 6.85894E1 6.85894E1 6.85894E1 6.85894E1 6.85894E1 6.85894E1 6.75298E1
1.28936E1 2.45056E1 2.45056E1 2.45056E1 2.87068E1 2.87068E1 2.87068E1 2.87068E1 2.05807E1 2.05807E1 2.05807E1 2.05807E1 2.05807E1 4.43432E1 4.43432E1 4.43432E1 4.43432E1 4.43432E1 4.30014E1 4.30014E1 4.30014E1 4.30014E1 4.30014E1 4.30014E1 4.30014E1 4.30014E1 1.86968E1 1.86968E1 5.70797E1 5.70797E1 5.70797E1 5.70797E1 5.70797E1 5.70797E1 5.70797E1 6.73845E1 6.73845E1 6.73845E1 6.73845E1 6.73845E1 6.73845E1 6.73845E1 7.54329E1 7.54329E1 7.54329E1 7.54329E1 7.54329E1 7.54329E1 7.54329E1 4.83755E1 4.83755E1 5.47288E1 5.47288E1 5.47288E1 5.47288E1 5.47288E1 5.47288E1 5.47288E1 5.21489E1 5.21489E1 5.21489E1 5.21489E1 6.85894E1 6.85894E1 6.85894E1 6.85894E1 6.85894E1 6.85894E1 6.85894E1
2.45056E1 2.45056E1 2.45056E1 2.45056E1 2.87068E1 2.87068E1 2.87068E1 2.87068E1 2.05807E1 2.05807E1 2.05807E1 2.05807E1 2.05807E1 2.05807E1 1.79319E1 1.79319E1 4.43432E1 4.43432E1 4.43432E1 4.30014E1 4.30014E1 4.30014E1 4.30014E1 4.30014E1 4.30014E1 1.86968E1 1.86968E1 1.86968E1 5.70797E1 5.70797E1 5.70797E1 5.70797E1 5.70797E1 5.70797E1 5.70797E1 4.82456E1 6.73845E1 6.73845E1 6.73845E1 4.29236E1 4.29236E1 4.29236E1 7.54329E1 7.54329E1 7.54329E1 7.54329E1 7.54329E1 7.54329E1 7.54329E1 4.83755E1 4.83755E1 4.83755E1 5.47288E1 5.47288E1 5.47288E1 5.47288E1 5.47288E1 5.47288E1 5.21489E1 5.21489E1 5.21489E1 5.21489E1 6.85894E1 6.85894E1 6.85894E1 6.85894E1 6.85894E1 6.85894E1 6.85894E1
2.45056E1 2.45056E1 2.45056E1 2.45056E1 2.45056E1 2.87068E1 2.87068E1 2.87068E1 2.05807E1 2.05807E1 2.05807E1 2.05807E1 2.05807E1 2.05807E1 1.79319E1 1.79319E1 1.79319E1 1.79319E1 1.79319E1 1.79319E1 1.79319E1 1.86968E1 1.86968E1 1.86968E1 1.86968E1 1.86968E1 1.86968E1 1.86968E1 5.70797E1 5.70797E1 5.70797E1 5.70797E1 5.70797E1 5.70797E1 4.82456E1 4.82456E1 4.82456E1 6.73845E1 4.29236E1 4.29236E1 4.29236E1 4.29236E1 7.54329E1 7.54329E1 7.54329E1 4.54178E1 4.54178E1 4.54178E1 4.54178E1 4.83755E1 4.83755E1 4.83755E1 4.83755E1 5.47288E1 5.47288E1 5.47288E1 5.47288E1 5.21489E1 5.21489E1 5.21489E1 5.21489E1 5.21489E1 4.14554E1 4.14554E1 6.85894E1 6.85894E1 6.85894E1 6.85894E1 6.85894E1
2.45056E1 2.45056E1 2.45056E1 2.45056E1 2.45056E1 2.45056E1 2.87068E1 2.87068E1 2.05807E1 2.05807E1 2.05807E1 2.05807E1 2.05807E1 1.79319E1 1.79319E1 1.79319E1 1.79319E1 1.79319E1 1.79319E1 1.79319E1 1.79319E1 1.86968E1 1.86968E1 1.86968E1 1.86968E1 1.86968E1 1.86968E1 1.86968E1 4.82456E1 4.82456E1 4.82456E1 4.82456E1 4.82456E1 4.82456E1 4.82456E1 4.82456E1 4.82456E1 4.29236E1 4.29236E1 4.29236E1 4.29236E1 4.29236E1 4.29236E1 7.54329E1 4.54178E1 4.54178E1 4.54178E1 4.54178E1 4.83755E1 4.83755E1 4.83755E1 4.83755E1 4.83755E1 5.47288E1 5.47288E1 5.47288E1 5.21489E1 5.21489E1 5.21489E1 5.21489E1 5.21489E1 4.14554E1 4.14554E1 4.14554E1 4.14554E1 6.85894E1 6.85894E1 6.85894E1 6.85894E1
2.45056E1 2.45056E1 2.45056E1 2.45056E1 2.45056E1 2.87068E1 2.87068E1 2.87068E1 2.05807E1 2.05807E1 2.05807E1 2.05807E1 2.05807E1 1.79319E1 1.79319E1 1.79319E1 1.79319E1 1.79319E1 1.79319E1 1.79319E1 1.79319E1 1.86968E1 1.86968E1 1.86968E1 1.86968E1 1.86968E1 1.86968E1 4.82456E1 4.82456E1 4.82456E1 4.82456E1 4.82456E1 4.82456E1 4.82456E1 4.82456E1 4.82456E1 4.82456E1 2.75523E1 4.29236E1 4.29236E1 4.29236E1 4.29236E1 4.29236E1 4.29236E1 4.29236E1 4.54178E1 4.54178E1 4.54178E1 4.83755E1 4.83755E1 4.83755E1 4.83755E1 4.83755E1 5.47288E1 5.47288E1 5.47288E1 5.21489E1 5.21489E1 5.21489E1 5.21489E1 5.21489E1 5.21489E1 5.21489E1 4.14554E1 4.14554E1 4.14554E1 4.14554E1 3.66227E1 6.85894E1
1.61305E1 1.61305E1 1.61305E1 1.61305E1 1.61305E1 1.61305E1 1.61305E1 1.61305E1 2.05807E1 2.05807E1 2.05807E1 2.05807E1 2.05807E1 1.79241E1 1.79241E1 1.79241E1 1.79241E1 1.79241E1 1.79319E1 1.86968E1 1.79319E1 1.86968E1 1.79241E1 1.79241E1 1.86968E1 1.79241E1 1.79241E1 4.82456E1 4.82456E1 4.82456E1 4.82456E1 4.82456E1 4.82456E1 4.82456E1 4.82456E1 4.82456E1 2.75523E1 2.75523E1 4.29236E1 4.29236E1 4.29236E1 4.29236E1 4.29236E1 4.29236E1 3.97949E1 3.97949E1 3.97949E1 4.54178E1 4.54178E1 3.37535E1 4.83755E1 4.83755E1 4.83755E1 5.47288E1 5.47288E1 5.47288E1 5.21489E1 5.21489E1 5.21489E1 5.21489E1 4.14554E1 4.14554E1 5.21489E1 4.14554E1 4.14554E1 4.14554E1 4.14554E1 3.66227E1 3.66227E1
1.61305E1 1.61305E1 1.61305E1 1.61305E1 1.61305E1 1.61305E1 1.61305E1 1.61305E1 1.61305E1 1.61305E1 1.61305E1 1.61305E1 1.79241E1 1.79241E1 1.79241E1 1.79241E1 1.79241E1 1.79241E1 1.79241E1 1.79241E1 1.86968E1 1.79241E1 1.79241E1 1.79241E1 1.79241E1 1.79241E1 1.79241E1 1.79241E1 4.82456E1 4.82456E1 4.82456E1 4.82456E1 4.82456E1 4.82456E1 4.82456E1 4.82456E1 2.75523E1 2.75523E1 4.29236E1 4.29236E1 4.29236E1 4.29236E1 4.29236E1 3.97949E1 3.97949E1 3.97949E1 3.97949E1 3.97949E1 3.37535E1 3.37535E1 3.37535E1 3.37535E1 4.83755E1 5.47288E1 5.47288E1 3.06629E1 3.06629E1 3.06629E1 5.21489E1 5.21489E1 4.14554E1 4.14554E1 4.14554E1 4.14554E1 4.14554E1 4.14554E1 4.14554E1 4.14554E1 3.66227E1
1.358E1 1.358E1 1.358E1 1.358E1 1.358E1 1.61305E1 1.61305E1 1.61305E1 1.61305E1 1.61305E1 1.61305E1 1.61305E1 1.79241E1 1.67905E1 1.79241E1 1.79241E1 1.79241E1 1.79241E1 1.79241E1 1.79241E1 1.79241E1 1.79241E1 1.79241E1 1.79241E1 1.79241E1 1.79241E1 1.79241E1 2.43374E1 4.82456E1 4.82456E1 4.82456E1 4.82456E1 4.82456E1 4.82456E1 4.82456E1 2.75523E1 2.75523E1 2.75523E1 4.29236E1 4.29236E1 4.29236E1 4.29236E1 4.29236E1 3.97949E1 3.97949E1 3.97949E1 3.97949E1 3.37535E1 3.37535E1 3.37535E1 3.37535E1 3.37535E1 3.37535E1 3.37535E1 3.06629E1 3.06629E1 3.06629E1 3.06629E1 4.14554E1 4.14554E1 4.14554E1 4.14554E1 4.14554E1 4.14554E1 4.14554E1 4.14554E1 4.14554E1 4.14554E1 3.66227E1
1.358E1 1.358E1 1.358E1 1.358E1 1.358E1 1.358E1 1.61305E1 1.61305E1 1.61305E1 1.61305E1 1.61305E1 1.67905E1 1.67905E1 1.67905E1 1.67905E1 1.67905E1 1.67905E1 1.67905E1 1.79241E1 1.79241E1 1.79241E1 1.79241E1 1.79241E1 1.79241E1 1.79241E1 1.79241E1 1.79241E1 2.43374E1 2.43374E1 2.43374E1 4.82456E1 4.82456E1 4.82456E1 4.82456E1 4.82456E1 2.75523E1 2.75523E1 2.75523E1 4.29236E1 4.29236E1 4.29236E1 4.29236E1 4.29236E1 3.97949E1 3.97949E1 3.97949E1 3.97949E1 3.97949E1 3.37535E1 3.37535E1 3.37535E1 3.37535E1 3.37535E1 3.40526E1 3.40526E1 3.40526E1 3.06629E1 3.06629E1 4.14554E1 4.14554E1 4.14554E1 4.14554E1 4.14554E1 4.14554E1 4.14554E1 4.14554E1 4.14554E1 4.14554E1 3.66227E1
1.358E1 1.358E1 1.358E1 1.358E1 1.358E1 1.358E1 1.67905E1 1.67905E1 1.67905E1 1.67905E1 1.67905E1 1.67905E1 1.67905E1 1.67905E1 1.67905E1 1.67905E1 1.67905E1 1.67905E1 1.53256E1 1.53256E1 1.53256E1 1.79241E1 1.79241E1 1.79241E1 1.79241E1 1.79241E1 2.43374E1 2.43374E1 2.43374E1 2.43374E1 2.43374E1 4.82456E1 4.82456E1 4.82456E1 4.82456E1 2.75523E1 2.75523E1 2.75523E1 2.75523E1 2.75523E1 4.29236E1 4.29236E1 3.97949E1 3.97949E1 3.97949E1 3.97949E1 3.37535E1 3.37535E1 3.37535E1 3.37535E1 3.37535E1 3.37535E1 3.37535E1 3.40526E1 3.40526E1 3.40526E1 3.40526E1 3.06629E1 4.14554E1 4.14554E1 4.14554E1 4.14554E1 4.14554E1 4.14554E1 4.14554E1 4.14554E1 4.14554E1 3.66227E1 3.66227E1
1.358E1 1.358E1 1.358E1 1.358E1 1.358E1 4.57901E0 1.67905E1 1.67905E1 1.67905E1 1.67905E1 1.67905E1 1.67905E1 1.67905E1 1.67905E1 1.67905E1 1.67905E1 1.67905E1 1.67905E1 1.53256E1 1.53256E1 1.53256E1 1.53256E1 1.53256E1 1.53256E1 1.53256E1 2.43374E1 2.43374E1 2.43374E1 2.43374E1 2.43374E1 2.43374E1 2.43374E1 4.82456E1 4.82456E1 4.82456E1 2.75523E1 2.75523E1 2.75523E1 2.75523E1 2.75523E1 2.03257E1 4.29236E1 3.97949E1 3.97949E1 3.97949E1 3.37535E1 3.37535E1 3.37535E1 3.37535E1 3.37535E1 3.37535E1 3.40526E1 3.37535E1 3.40526E1 3.40526E1 3.40526E1 3.40526E1 3.06629E1 3.06629E1 3.06629E1 4.14554E1 4.14554E1 4.14554E1 4.14554E1 4.14554E1 4.14554E1 4.14554E1 3.66227E1 3.66227E1
1.358E1 1.358E1 1.358E1 4.57901E0 4.57901E0 4.57901E0 4.57901E0 1.67905E1 1.67905E1 1.67905E1 1.67905E1 1.67905E1 1.67905E1 1.67905E1 1.67905E1 1.67905E1 1.67905E1 1.67905E1 1.67905E1 1.67905E1 1.53256E1 1.53256E1 1.53256E1 1.53256E1 1.53256E1 1.53256E1 2.43374E1 2.43374E1 2.43374E1 2.43374E1 2.43374E1 2.43374E1 4.82456E1 4.82456E1 4.82456E1 2.75523E1 2.75523E1 2.75523E1 2.75523E1 2.75523E1 2.03257E1 3.97949E1 3.97949E1 3.37535E1 3.37535E1 3.37535E1 3.37535E1 3.37535E1 3.37535E1 3.37535E1 3.37535E1 3.40526E1 3.40526E1 3.40526E1 3.40526E1 3.40526E1 3.06629E1 3.06629E1 3.06629E1 4.14554E1 4.14554E1 4.14554E1 4.14554E1 4.14554E1 4.14554E1 7.58121E1 7.58121E1 3.66227E1 3.66227E1
4.57901E0 4.57901E0 4.57901E0 4.57901E0 4.57901E0 4.57901E0 4.57901E0 1.67905E1 1.67905E1 1.67905E1 1.67905E1 1.67905E1 1.67905E1 1.67905E1 1.67905E1 1.67905E1 1.67905E1 1.67905E1 1.67905E1 1.53256E1 1.53256E1 1.53256E1 1.53256E1 1.53256E1 1.53256E1 1.53256E1 1.53256E1 1.53256E1 2.43374E1 2.43374E1 2.43374E1 2.43374E1 2.43374E1 2.43374E1 2.75523E1 2.75523E1 2.75523E1 2.75523E1 2.75523E1 2.75523E1 2.03257E1 2.03257E1 3.37535E1 3.37535E1 3.37535E1 3.37535E1 3.37535E1 3.37535E1 3.37535E1 3.37535E1 3.37535E1 3.40526E1 3.40526E1 3.40526E1 3.40526E1 3.40526E1 3.06629E1 3.06629E1 4.14554E1 4.14554E1 4.14554E1 4.14554E1 4.14554E1 7.58121E1 7.58121E1 7.58121E1 7.58121E1 7.58121E1 3.66227E1
4.57901E0 4.57901E0 4.57901E0 4.57901E0 4.57901E0 4.57901E0 4.57901E0 1.67905E1 1.67905E1 1.67905E1 1.67905E1 1.67905E1 1.67905E1 1.67905E1 1.67905E1 1.67905E1 1.67905E1 1.67905E1 1.67905E1 1.53256E1 1.53256E1 1.53256E1 1.53256E1 1.53256E1 1.53256E1 1.53256E1 1.53256E1 1.53256E1 1.53256E1 2.43374E1 2.43374E1 2.43374E1 2.43374E1 2.43374E1 2.75523E1 2.75523E1 2.75523E1 2.75523E1 2.75523E1 2.03257E1 2.03257E1 2.03257E1 3.37535E1 3.37535E1 3.37535E1 1.97917E1 1.97917E1 3.37535E1 3.37535E1 3.37535E1 3.40526E1 3.40526E1 2.21702E1 3.40526E1 3.40526E1 3.40526E1 3.06629E1 3.06629E1 3.06629E1 3.06629E1 4.14554E1 4.14554E1 4.14554E1 7.58121E1 7.58121E1 7.58121E1 7.58121E1 7.58121E1 3.66227E1
4.57901E0 4.57901E0 4.57901E0 4.57901E0 4.57901E0 4.57901E0 4.57901E0 1.67905E1 1.67905E1 1.67905E1 1.67905E1 1.67905E1 1.67905E1 1.67905E1 1.67905E1 1.67905E1 1.67905E1 1.67905E1 1.67905E1 1.53256E1 1.53256E1 1.53256E1 1.53256E1 1.53256E1 1.53256E1 1.53256E1 1.53256E1 1.53256E1 1.53256E1 2.43374E1 2.43374E1 2.43374E1 2.43374E1 2.43374E1 2.75523E1 2.75523E1 2.75523E1 2.75523E1 2.03257E1 2.03257E1 2.03257E1 2.03257E1 2.03257E1 3.37535E1 3.37535E1 1.97917E1 1.97917E1 1.97917E1 2.21702E1 2.21702E1 2.21702E1 2.21702E1 2.53287E1 3.40526E1 3.40526E1 3.40526E1 3.06629E1 3.06629E1 3.06629E1 3.06629E1 2.15573E1 7.20382E1 7.20382E1 7.58121E1 7.58121E1 7.58121E1 7.58121E1 7.58121E1 3.66227E1
