outputlogistic/cholera.asc
ncols         343
nrows         248
xllcorner     -74.4803996469999
yllcorner     18.0221399550001
cellsize      0.00833308698833808
NODATA_value  -9999
[rows 30 to 59 of 248, columns 136 to 203 of 343]
4.20441E-1 4.20441E-1 4.20441E-1 4.20441E-1 4.20441E-1 4.20441E-1 4.20441E-1 4.20441E-1 4.20441E-1 5.30369E-1 5.30369E-1 5.30369E-1 5.30369E-1 5.30369E-1 5.30369E-1 4.87168E-1 5.34364E-1 5.34364E-1 5.34364E-1 5.34364E-1 5.11304E-1 5.11304E-1 5.11304E-1 5.11304E-1 5.11304E-1 5.11304E-1 5.66943E-1 5.66943E-1 5.66943E-1 5.66943E-1 5.66943E-1 5.04847E-1 5.04847E-1 5.04847E-1 5.04847E-1 5.04847E-1 5.04847E-1 5.04847E-1 5.04847E-1 4.08052E-1 6.10923E-1 6.10923E-1 6.10923E-1 6.10923E-1 6.10923E-1 6.10923E-1 6.10923E-1 6.10923E-1 6.10923E-1 6.10923E-1 6.10923E-1 6.10923E-1 6.10923E-1 6.10923E-1 6.10923E-1 5.54749E-1 5.54749E-1 5.54749E-1 5.54749E-1 5.54749E-1 5.54749E-1 6.85061E-1 6.85061E-1 6.85061E-1 6.85061E-1 6.85061E-1 6.85061E-1 6.85061E-1
4.20441E-1 4.20441E-1 4.20441E-1 4.20441E-1 5.05348E-1 5.05348E-1 5.05348E-1 5.05348E-1 4.20441E-1 5.30369E-1 5.30369E-1 4.87168E-1 4.87168E-1 4.87168E-1 4.87168E-1 4.87168E-1 5.34364E-1 5.34364E-1 5.34364E-1 5.34364E-1 5.32319E-1 5.11304E-1 5.11304E-1 5.11304E-1 5.11304E-1 5.11304E-1 5.66943E-1 5.66943E-1 5.66943E-1 5.66943E-1 5.66943E-1 5.04847E-1 5.04847E-1 5.04847E-1 5.04847E-1 5.04847E-1 5.04847E-1 5.04847E-1 5.04847E-1 4.08052E-1 4.08052E-1 4.08052E-1 4.08052E-1 6.10923E-1 4.08052E-1 4.08052E-1 6.10923E-1 6.10923E-1 6.10923E-1 6.10923E-1 6.10923E-1 6.10923E-1 6.10923E-1 5.54749E-1 5.54749E-1 5.54749E-1 5.54749E-1 5.54749E-1 5.54749E-1 5.54749E-1 6.85061E-1 6.85061E-1 6.85061E-1 6.85061E-1 6.85061E-1 6.85061E-1 6.59609E-1 6.59609E-1
4.20441E-1 4.20441E-1 4.20441E-1 4.20441E-1 4.20441E-1 5.05348E-1 5.05348E-1 5.05348E-1 5.05348E-1 5.05348E-1 4.87168E-1 4.87168E-1 4.87168E-1 4.87168E-1 4.87168E-1 5.34364E-1 5.34364E-1 5.34364E-1 5.34364E-1 5.34364E-1 5.32319E-1 5.11304E-1 5.11304E-1 5.11304E-1 5.11304E-1 5.11304E-1 5.11304E-1 5.66943E-1 5.66943E-1 5.66943E-1 5.66943E-1 5.04847E-1 5.04847E-1 5.04847E-1 5.04847E-1 5.04847E-1 5.04847E-1 5.04847E-1 5.04847E-1 4.08052E-1 4.08052E-1 4.08052E-1 4.08052E-1 4.08052E-1 4.08052E-1 4.08052E-1 4.08052E-1 6.10923E-1 6.10923E-1 6.10923E-1 6.10923E-1 6.10923E-1 5.54749E-1 5.54749E-1 5.54749E-1 5.54749E-1 5.54749E-1 5.54749E-1 5.54749E-1 5.54749E-1 5.54749E-1 5.54749E-1 6.85061E-1 6.85061E-1 5.54749E-1 6.59609E-1 6.59609E-1 6.59609E-1
4.20441E-1 4.20441E-1 4.20441E-1 4.20441E-1 4.20441E-1 5.05348E-1 5.05348E-1 5.05348E-1 5.05348E-1 5.05348E-1 4.87168E-1 4.87168E-1 4.87168E-1 4.87168E-1 4.87168E-1 5.34364E-1 5.34364E-1 5.34364E-1 5.34364E-1 5.34364E-1 5.32319E-1 5.32319E-1 5.11304E-1 5.11304E-1 5.11304E-1 5.11304E-1 5.11304E-1 5.11304E-1 5.66943E-1 5.66943E-1 5.66943E-1 5.04847E-1 5.04847E-1 5.04847E-1 5.04847E-1 5.04847E-1 5.04847E-1 5.04847E-1 5.04847E-1 4.08052E-1 4.08052E-1 4.08052E-1 4.08052E-1 4.08052E-1 4.08052E-1 4.08052E-1 4.08052E-1 6.10923E-1 6.10923E-1 6.10923E-1 5.54749E-1 5.54749E-1 5.54749E-1 5.54749E-1 5.54749E-1 5.54749E-1 5.54749E-1 5.54749E-1 5.54749E-1 5.54749E-1 5.54749E-1 5.54749E-1 5.54749E-1 5.54749E-1 5.54749E-1 6.59609E-1 6.59609E-1 6.59609E-1
4.20441E-1 4.20441E-1 4.20441E-1 4.20441E-1 4.20441E-1 5.05348E-1 5.05348E-1 5.05348E-1 5.05348E-1 5.05348E-1 4.87168E-1 4.87168E-1 4.87168E-1 4.87168E-1 4.87168E-1 5.34364E-1 5.34364E-1 5.34364E-1 5.34364E-1 5.34364E-1 5.32319E-1 5.32319E-1 5.32319E-1 5.11304E-1 5.11304E-1 5.11304E-1 5.11304E-1 5.11304E-1 5.66943E-1 5.66943E-1 5.66943E-1 5.04847E-1 5.04847E-1 5.04847E-1 5.04847E-1 5.04847E-1 5.04847E-1 5.04847E-1 5.04847E-1 4.08052E-1 4.08052E-1 4.08052E-1 4.08052E-1 4.08052E-1 4.08052E-1 4.08052E-1 4.08052E-1 4.08052E-1 6.10923E-1 6.10923E-1 6.10923E-1 5.54749E-1 5.54749E-1 5.54749E-1 5.54749E-1 5.54749E-1 5.54749E-1 5.54749E-1 5.54749E-1 5.54749E-1 5.54749E-1 5.54749E-1 5.54749E-1 5.54749E-1 5.54749E-1 6.59609E-1 6.59609E-1 6.59609E-1
4.20441E-1 4.20441E-1 4.20441E-1 4.20441E-1 4.20441E-1 5.05348E-1 5.05348E-1 5.05348E-1 5.05348E-1 5.05348E-1 4.87168E-1 4.87168E-1 4.87168E-1 4.87168E-1 4.87168E-1 5.34364E-1 5.34364E-1 5.34364E-1 5.34364E-1 4.81021E-1 5.32319E-1 5.32319E-1 5.32319E-1 5.32319E-1 5.11304E-1 5.11304E-1 5.11304E-1 5.11304E-1 5.11304E-1 5.66943E-1 5.66943E-1 5.04847E-1 5.04847E-1 5.04847E-1 5.04847E-1 5.04847E-1 5.04847E-1 5.04847E-1 5.04847E-1 4.08052E-1 4.08052E-1 4.08052E-1 4.08052E-1 4.08052E-1 4.08052E-1 4.08052E-1 4.08052E-1 4.08052E-1 4.08052E-1 6.10923E-1 6.10923E-1 3.75678E-1 5.54749E-1 5.54749E-1 5.54749E-1 5.54749E-1 5.54749E-1 5.54749E-1 5.54749E-1 5.54749E-1 5.54749E-1 5.54749E-1 5.54749E-1 5.54749E-1 5.54749E-1 6.59609E-1 6.59609E-1 6.59609E-1
4.20441E-1 4.20441E-1 4.20441E-1 4.20441E-1 5.05348E-1 5.05348E-1 5.05348E-1 5.05348E-1 5.05348E-1 5.05348E-1 5.05348E-1 4.87168E-1 4.87168E-1 4.87168E-1 4.87168E-1 5.34364E-1 5.34364E-1 5.34364E-1 5.34364E-1 4.81021E-1 4.81021E-1 5.32319E-1 5.32319E-1 5.32319E-1 5.32319E-1 5.11304E-1 5.11304E-1 5.11304E-1 5.11304E-1 5.66943E-1 5.66943E-1 5.04847E-1 5.04847E-1 5.04847E-1 5.04847E-1 5.04847E-1 5.04847E-1 5.04847E-1 5.04847E-1 4.08052E-1 4.08052E-1 4.08052E-1 4.08052E-1 4.08052E-1 4.08052E-1 4.08052E-1 4.08052E-1 4.08052E-1 4.08052E-1 3.75678E-1 3.75678E-1 3.75678E-1 3.75678E-1 3.75678E-1 3.75678E-1 5.54749E-1 5.54749E-1 5.54749E-1 5.54749E-1 5.54749E-1 5.54749E-1 5.54749E-1 5.54749E-1 5.54749E-1 5.54749E-1 5.54749E-1 6.59609E-1 6.59609E-1
4.20441E-1 4.20441E-1 4.20441E-1 4.20441E-1 5.05348E-1 5.05348E-1 5.05348E-1 5.00573E-1 5.05348E-1 5.00573E-1 5.00573E-1 4.87168E-1 4.87168E-1 4.87168E-1 5.34364E-1 5.34364E-1 5.34364E-1 5.34364E-1 4.81021E-1 4.81021E-1 4.81021E-1 5.32319E-1 5.32319E-1 5.32319E-1 5.32319E-1 5.32319E-1 5.11304E-1 5.11304E-1 5.11304E-1 5.11304E-1 5.66943E-1 5.66943E-1 5.04847E-1 5.04847E-1 5.04847E-1 5.04847E-1 5.04847E-1 5.04847E-1 4.08052E-1 4.08052E-1 4.08052E-1 4.08052E-1 4.08052E-1 4.08052E-1 4.08052E-1 4.08052E-1 4.08052E-1 4.08052E-1 4.08052E-1 4.08052E-1 4.08052E-1 3.75678E-1 3.75678E-1 3.75678E-1 3.75678E-1 3.75678E-1 3.75678E-1 5.54749E-1 5.54749E-1 5.54749E-1 5.54749E-1 5.54749E-1 5.54749E-1 5.54749E-1 5.54749E-1 6.59609E-1 6.59609E-1 6.59609E-1
4.20441E-1 4.20441E-1 4.20441E-1 4.20441E-1 4.95558E-1 5.05348E-1 5.00573E-1 5.00573E-1 5.00573E-1 5.00573E-1 5.00573E-1 5.00573E-1 4.87168E-1 4.87168E-1 4.87168E-1 5.34364E-1 4.81021E-1 4.81021E-1 4.81021E-1 4.81021E-1 4.81021E-1 5.32319E-1 5.32319E-1 5.32319E-1 5.32319E-1 5.32319E-1 5.11304E-1 5.11304E-1 5.11304E-1 5.11304E-1 5.66943E-1 5.66943E-1 5.04847E-1 5.04847E-1 5.04847E-1 5.04847E-1 5.04847E-1 5.04847E-1 4.08052E-1 4.08052E-1 4.08052E-1 4.08052E-1 4.08052E-1 4.08052E-1 4.08052E-1 4.08052E-1 4.08052E-1 4.08052E-1 4.08052E-1 4.08052E-1 4.08052E-1 3.75678E-1 3.75678E-1 3.75678E-1 3.75678E-1 3.75678E-1 3.75678E-1 3.75678E-1 5.54749E-1 5.54749E-1 5.54749E-1 5.54749E-1 5.54749E-1 5.54749E-1 5.54749E-1 5.54749E-1 5.54749E-1 4.60652E-1
4.20441E-1 4.20441E-1 4.20441E-1 4.95558E-1 4.95558E-1 3.84732E-1 5.00573E-1 5.00573E-1 5.00573E-1 5.00573E-1 5.00573E-1 5.00573E-1 4.87168E-1 4.87168E-1 4.87168E-1 5.34364E-1 4.81021E-1 4.74616E-1 4.81021E-1 4.81021E-1 4.81021E-1 4.81021E-1 4.81021E-1 5.32319E-1 5.32319E-1 5.32319E-1 5.32319E-1 5.11304E-1 5.11304E-1 5.11304E-1 5.11304E-1 5.66943E-1 5.66943E-1 5.04847E-1 5.04847E-1 5.04847E-1 5.04847E-1 5.04847E-1 4.08052E-1 4.08052E-1 4.08052E-1 4.08052E-1 4.08052E-1 4.08052E-1 4.08052E-1 4.08052E-1 4.08052E-1 4.08052E-1 4.08052E-1 4.08052E-1 4.08052E-1 3.75678E-1 3.75678E-1 3.75678E-1 3.75678E-1 3.75678E-1 3.75678E-1 3.75678E-1 3.75678E-1 5.54749E-1 5.54749E-1 5.54749E-1 5.54749E-1 5.54749E-1 5.54749E-1 4.60652E-1 4.60652E-1 4.60652E-1
4.95558E-1 4.95558E-1 4.95558E-1 4.95558E-1 3.84732E-1 3.84732E-1 3.84732E-1 5.00573E-1 5.00573E-1 5.00573E-1 5.00573E-1 5.00573E-1 5.00573E-1 4.87168E-1 5.00573E-1 4.74616E-1 4.74616E-1 4.74616E-1 4.81021E-1 4.81021E-1 4.81021E-1 4.81021E-1 4.81021E-1 5.32319E-1 5.32319E-1 5.32319E-1 5.32319E-1 5.11304E-1 5.11304E-1 5.11304E-1 5.11304E-1 5.11304E-1 5.66943E-1 5.04847E-1 5.04847E-1 5.04847E-1 5.04847E-1 5.04847E-1 5.04847E-1 4.08052E-1 4.08052E-1 4.08052E-1 4.08052E-1 4.08052E-1 4.08052E-1 4.08052E-1 4.08052E-1 4.08052E-1 4.08052E-1 4.08052E-1 3.75678E-1 3.75678E-1 3.75678E-1 3.75678E-1 3.75678E-1 3.75678E-1 3.75678E-1 3.75678E-1 3.75678E-1 3.75678E-1 5.54749E-1 5.54749E-1 5.54749E-1 5.54749E-1 4.60652E-1 4.60652E-1 4.60652E-1 4.60652E-1
4.95558E-1 4.95558E-1 4.95558E-1 3.84732E-1 3.84732E-1 3.84732E-1 3.84732E-1 3.84732E-1 5.00573E-1 5.00573E-1 5.00573E-1 5.00573E-1 5.00573E-1 5.00573E-1 5.00573E-1 5.00573E-1 4.74616E-1 4.74616E-1 4.81021E-1 4.81021E-1 4.81021E-1 4.81021E-1 4.81021E-1 4.81021E-1 4.81021E-1 5.32319E-1 5.32319E-1 5.32319E-1 5.11304E-1 5.11304E-1 5.11304E-1 5.11304E-1 5.66943E-1 5.66943E-1 5.04847E-1 5.04847E-1 5.04847E-1 5.04847E-1 5.04847E-1 4.08052E-1 4.08052E-1 4.08052E-1 4.08052E-1 4.08052E-1 4.08052E-1 4.08052E-1 4.08052E-1 4.08052E-1 4.08052E-1 4.08052E-1 4.08052E-1 3.75678E-1 3.75678E-1 3.75678E-1 3.75678E-1 3.75678E-1 3.75678E-1 3.75678E-1 3.75678E-1 3.75678E-1 5.54749E-1 5.54749E-1 5.54749E-1 5.54749E-1 4.60652E-1 4.60652E-1 4.60652E-1 4.60652E-1
4.95558E-1 4.95558E-1 3.84732E-1 3.84732E-1 3.84732E-1 3.84732E-1 3.84732E-1 3.84732E-1 5.00573E-1 5.00573E-1 5.00573E-1 5.00573E-1 5.00573E-1 5.00573E-1 5.00573E-1 4.74616E-1 4.74616E-1 4.74616E-1 4.74616E-1 4.81021E-1 4.81021E-1 4.81021E-1 4.81021E-1 4.81021E-1 4.81021E-1 5.32319E-1 5.11304E-1 5.11304E-1 5.11304E-1 5.11304E-1 5.11304E-1 5.11304E-1 5.11304E-1 5.11304E-1 2.93714E-1 2.93714E-1 2.93714E-1 2.93714E-1 5.04847E-1 5.04847E-1 4.08052E-1 4.08052E-1 4.08052E-1 4.08052E-1 4.08052E-1 4.08052E-1 4.08052E-1 4.08052E-1 4.08052E-1 4.08052E-1 4.08052E-1 3.75678E-1 3.75678E-1 3.75678E-1 3.75678E-1 3.75678E-1 3.75678E-1 3.75678E-1 3.75678E-1 3.75678E-1 3.75678E-1 5.54749E-1 5.54749E-1 4.60652E-1 4.60652E-1 4.60652E-1 4.60652E-1 4.60652E-1
4.95558E-1 3.84732E-1 3.84732E-1 3.84732E-1 3.84732E-1 3.84732E-1 3.84732E-1 3.84732E-1 3.84732E-1 4.57263E-1 5.00573E-1 5.00573E-1 5.00573E-1 4.74616E-1 4.74616E-1 4.74616E-1 4.74616E-1 4.74616E-1 4.74616E-1 4.81021E-1 4.81021E-1 4.81021E-1 4.81021E-1 4.81021E-1 3.34078E-1 3.34078E-1 5.11304E-1 5.11304E-1 5.11304E-1 5.11304E-1 5.11304E-1 5.11304E-1 2.93714E-1 2.93714E-1 2.93714E-1 2.93714E-1 2.93714E-1 2.93714E-1 2.93714E-1 2.93714E-1 2.93714E-1 4.08052E-1 4.08052E-1 4.08052E-1 4.08052E-1 2.93714E-1 2.93714E-1 4.08052E-1 4.08052E-1 2.93714E-1 2.93714E-1 3.75678E-1 3.75678E-1 3.75678E-1 3.75678E-1 3.75678E-1 3.75678E-1 3.75678E-1 3.75678E-1 3.75678E-1 3.75678E-1 3.28984E-1 4.60652E-1 4.60652E-1 4.60652E-1 4.60652E-1 4.60652E-1 4.60652E-1
4.95558E-1 3.84732E-1 3.84732E-1 3.84732E-1 3.84732E-1 3.84732E-1 3.84732E-1 3.84732E-1 3.84732E-1 4.57263E-1 5.00573E-1 5.00573E-1 5.00573E-1 4.74616E-1 4.74616E-1 4.74616E-1 4.74616E-1 4.74616E-1 4.74616E-1 4.74616E-1 4.81021E-1 4.81021E-1 4.81021E-1 4.81021E-1 3.34078E-1 3.34078E-1 5.11304E-1 5.11304E-1 5.11304E-1 5.11304E-1 5.11304E-1 2.93714E-1 2.93714E-1 2.93714E-1 2.93714E-1 2.93714E-1 2.93714E-1 2.93714E-1 2.93714E-1 2.93714E-1 2.93714E-1 2.93714E-1 2.93714E-1 2.93714E-1 2.93714E-1 2.93714E-1 2.93714E-1 2.93714E-1 2.93714E-1 2.93714E-1 2.93714E-1 3.75678E-1 3.75678E-1 3.75678E-1 3.75678E-1 3.75678E-1 3.75678E-1 3.75678E-1 3.75678E-1 3.75678E-1 3.75678E-1 3.28984E-1 4.60652E-1 4.60652E-1 4.60652E-1 4.60652E-1 4.60652E-1 4.60652E-1
4.95558E-1 3.84732E-1 3.84732E-1 3.84732E-1 3.84732E-1 3.84732E-1 3.84732E-1 3.84732E-1 4.57263E-1 4.57263E-1 4.57263E-1 4.74616E-1 4.74616E-1 4.74616E-1 4.74616E-1 4.74616E-1 4.74616E-1 4.74616E-1 4.74616E-1 4.74616E-1 3.34078E-1 3.34078E-1 4.81021E-1 3.34078E-1 3.34078E-1 3.34078E-1 5.11304E-1 5.11304E-1 5.11304E-1 5.11304E-1 2.93714E-1 2.93714E-1 2.93714E-1 2.93714E-1 2.93714E-1 2.93714E-1 2.93714E-1 2.93714E-1 2.93714E-1 2.93714E-1 2.93714E-1 2.93714E-1 2.93714E-1 2.93714E-1 2.93714E-1 2.93714E-1 2.93714E-1 2.93714E-1 2.93714E-1 2.93714E-1 2.93714E-1 2.93714E-1 2.93714E-1 2.93714E-1 2.93714E-1 3.75678E-1 3.75678E-1 2.93714E-1 2.93714E-1 3.28984E-1 3.28984E-1 3.28984E-1 3.28984E-1 4.60652E-1 4.60652E-1 4.60652E-1 4.60652E-1 4.60652E-1
3.84732E-1 3.84732E-1 3.84732E-1 3.84732E-1 3.84732E-1 3.84732E-1 3.84732E-1 3.84732E-1 4.57263E-1 4.57263E-1 4.57263E-1 4.74616E-1 4.74616E-1 4.74616E-1 4.74616E-1 4.74616E-1 4.74616E-1 4.74616E-1 4.74616E-1 4.74616E-1 3.34078E-1 3.34078E-1 3.34078E-1 3.34078E-1 3.34078E-1 3.34078E-1 3.34078E-1 2.93714E-1 5.11304E-1 2.93714E-1 2.93714E-1 2.93714E-1 2.93714E-1 2.93714E-1 2.93714E-1 2.93714E-1 2.93714E-1 2.93714E-1 2.93714E-1 2.93714E-1 2.93714E-1 2.93714E-1 2.93714E-1 2.93714E-1 2.93714E-1 2.93714E-1 2.93714E-1 2.93714E-1 2.93714E-1 2.93714E-1 2.93714E-1 2.93714E-1 2.93714E-1 2.93714E-1 2.93714E-1 2.93714E-1 2.93714E-1 2.93714E-1 2.93714E-1 2.93714E-1 3.28984E-1 3.28984E-1 4.60652E-1 4.60652E-1 4.60652E-1 4.60652E-1 4.60652E-1 4.60652E-1
4.95558E-1 3.84732E-1 3.84732E-1 3.84732E-1 3.84732E-1 3.84732E-1 3.84732E-1 3.84732E-1 4.57263E-1 4.57263E-1 4.57263E-1 4.57263E-1 4.74616E-1 4.74616E-1 4.74616E-1 4.74616E-1 4.74616E-1 4.74616E-1 4.74616E-1 3.34078E-1 3.34078E-1 3.34078E-1 3.34078E-1 3.34078E-1 3.34078E-1 3.34078E-1 3.34078E-1 2.93714E-1 2.93714E-1 2.93714E-1 2.93714E-1 2.93714E-1 2.93714E-1 2.93714E-1 2.93714E-1 2.93714E-1 2.93714E-1 2.93714E-1 2.93714E-1 2.93714E-1 2.93714E-1 2.93714E-1 2.93714E-1 2.93714E-1 2.93714E-1 2.93714E-1 2.93714E-1 2.93714E-1 2.93714E-1 2.93714E-1 2.93714E-1 2.93714E-1 2.93714E-1 2.93714E-1 2.93714E-1 2.93714E-1 2.93714E-1 2.93714E-1 2.93714E-1 3.28984E-1 3.28984E-1 3.28984E-1 3.28984E-1 4.60652E-1 4.60652E-1 4.60652E-1 4.60652E-1 4.60652E-1
3.84732E-1 3.84732E-1 3.84732E-1 3.84732E-1 3.84732E-1 3.84732E-1 3.84732E-1 3.84732E-1 4.57263E-1 4.57263E-1 4.57263E-1 4.57263E-1 4.57263E-1 4.57263E-1 4.74616E-1 4.74616E-1 4.74616E-1 4.74616E-1 3.34078E-1 3.34078E-1 3.34078E-1 3.34078E-1 3.34078E-1 3.34078E-1 3.34078E-1 3.34078E-1 3.34078E-1 2.93714E-1 2.93714E-1 2.93714E-1 2.93714E-1 2.93714E-1 2.93714E-1 2.93714E-1 2.93714E-1 2.93714E-1 2.93714E-1 2.93714E-1 2.93714E-1 2.93714E-1 2.93714E-1 2.93714E-1 2.93714E-1 2.93714E-1 2.93714E-1 2.93714E-1 2.93714E-1 2.93714E-1 2.93714E-1 2.93714E-1 2.93714E-1 2.93714E-1 2.93714E-1 2.93714E-1 2.93714E-1 2.93714E-1 2.93714E-1 2.93714E-1 3.28984E-1 3.28984E-1 3.28984E-1 3.28984E-1 3.28984E-1 3.28984E-1 4.60652E-1 4.60652E-1 4.60652E-1 4.60652E-1
3.84732E-1 3.84732E-1 3.84732E-1 3.84732E-1 3.84732E-1 3.84732E-1 3.84732E-1 4.57263E-1 4.57263E-1 4.57263E-1 4.57263E-1 4.57263E-1 4.57263E-1 4.57263E-1 4.57263E-1 4.74616E-1 4.74616E-1 3.34078E-1 3.34078E-1 3.34078E-1 3.34078E-1 3.34078E-1 3.34078E-1 3.34078E-1 3.34078E-1 3.34078E-1 3.34078E-1 2.93714E-1 2.93714E-1 2.93714E-1 2.93714E-1 2.93714E-1 2.93714E-1 2.93714E-1 2.93714E-1 2.93714E-1 2.93714E-1 2.93714E-1 2.93714E-1 2.93714E-1 2.93714E-1 2.93714E-1 2.93714E-1 2.93714E-1 2.93714E-1 2.93714E-1 2.93714E-1 2.93714E-1 2.93714E-1 2.93714E-1 2.93714E-1 2.93714E-1 2.93714E-1 2.93714E-1 2.93714E-1 2.93714E-1 3.28984E-1 3.28984E-1 3.28984E-1 3.28984E-1 3.28984E-1 3.28984E-1 3.28984E-1 3.28984E-1 3.28984E-1 3.28984E-1 3.28984E-1 4.60652E-1
3.84732E-1 3.84732E-1 3.84732E-1 3.84732E-1 3.84732E-1 3.84732E-1 4.57263E-1 4.57263E-1 4.57263E-1 4.57263E-1 4.57263E-1 4.57263E-1 4.57263E-1 4.57263E-1 4.57263E-1 4.74616E-1 4.74616E-1 3.34078E-1 3.34078E-1 3.34078E-1 3.34078E-1 3.34078E-1 3.34078E-1 3.34078E-1 3.34078E-1 3.34078E-1 3.34078E-1 2.93714E-1 2.93714E-1 2.93714E-1 2.93714E-1 2.93714E-1 2.93714E-1 2.93714E-1 2.93714E-1 2.93714E-1 2.93714E-1 2.93714E-1 2.93714E-1 2.93714E-1 2.93714E-1 2.93714E-1 2.93714E-1 2.93714E-1 2.93714E-1 2.93714E-1 2.93714E-1 2.93714E-1 2.93714E-1 2.93714E-1 2.93714E-1 2.93714E-1 2.93714E-1 2.93714E-1 2.93714E-1 2.99005E-1 2.99005E-1 2.99005E-1 2.99005E-1 3.28984E-1 3.28984E-1 3.28984E-1 3.28984E-1 3.28984E-1 3.28984E-1 3.28984E-1 3.28984E-1 4.53815E-1
3.84732E-1 3.84732E-1 3.84732E-1 3.84732E-1 3.84732E-1 3.84732E-1 4.57263E-1 4.57263E-1 4.57263E-1 4.57263E-1 4.57263E-1 4.57263E-1 4.57263E-1 4.57263E-1 4.57263E-1 4.57263E-1 -9999 3.34078E-1 3.34078E-1 3.34078E-1 3.34078E-1 3.34078E-1 3.34078E-1 3.34078E-1 3.34078E-1 3.34078E-1 2.93714E-1 2.93714E-1 2.93714E-1 2.93714E-1 2.93714E-1 2.93714E-1 2.93714E-1 2.93714E-1 2.93714E-1 2.93714E-1 2.93714E-1 2.93714E-1 2.93714E-1 2.93714E-1 2.93714E-1 2.93714E-1 2.93714E-1 2.93714E-1 2.93714E-1 2.93714E-1 2.93714E-1 2.93714E-1 2.93714E-1 2.93714E-1 2.93714E-1 2.93714E-1 2.93714E-1 2.93714E-1 2.99005E-1 2.99005E-1 2.99005E-1 2.99005E-1 2.99005E-1 3.28984E-1 3.28984E-1 3.28984E-1 3.28984E-1 3.28984E-1 3.28984E-1 3.28984E-1 4.53815E-1 4.53815E-1
3.84732E-1 3.84732E-1 3.84732E-1 3.84732E-1 3.84732E-1 3.84732E-1 3.84732E-1 4.57263E-1 4.57263E-1 4.57263E-1 4.57263E-1 4.57263E-1 4.57263E-1 4.57263E-1 4.57263E-1 -9999 -9999 -9999 3.34078E-1 3.34078E-1 3.34078E-1 3.34078E-1 3.34078E-1 3.34078E-1 3.34078E-1 3.34078E-1 2.93714E-1 2.93714E-1 2.93714E-1 2.93714E-1 2.93714E-1 2.93714E-1 2.93714E-1 2.93714E-1 2.93714E-1 2.93714E-1 2.93714E-1 2.93714E-1 2.93714E-1 2.93714E-1 2.93714E-1 2.93714E-1 2.93714E-1 2.93714E-1 2.93714E-1 2.93714E-1 2.93714E-1 2.93714E-1 2.93714E-1 2.93714E-1 2.93714E-1 2.93714E-1 2.93714E-1 2.99005E-1 2.99005E-1 2.99005E-1 2.99005E-1 3.29075E-1 3.29075E-1 3.29075E-1 3.29075E-1 3.28984E-1 3.28984E-1 3.28984E-1 3.28984E-1 4.53815E-1 4.53815E-1 4.53815E-1
3.84732E-1 3.84732E-1 3.84732E-1 3.84732E-1 3.84732E-1 3.84732E-1 4.57263E-1 4.57263E-1 4.57263E-1 4.57263E-1 4.57263E-1 4.57263E-1 4.57263E-1 4.57263E-1 4.57263E-1 -9999 -9999 -9999 -9999 3.34078E-1 3.34078E-1 3.34078E-1 3.34078E-1 3.34078E-1 3.34078E-1 2.93714E-1 2.93714E-1 2.93714E-1 2.93714E-1 2.93714E-1 2.93714E-1 2.93714E-1 2.93714E-1 2.93714E-1 2.93714E-1 2.93714E-1 2.93714E-1 2.93714E-1 2.93714E-1 2.93714E-1 2.93714E-1 2.93714E-1 2.93714E-1 2.93714E-1 2.93714E-1 2.93714E-1 2.93714E-1 2.93714E-1 2.93714E-1 2.93714E-1 2.93714E-1 2.93714E-1 2.93714E-1 2.99005E-1 2.99005E-1 3.29075E-1 3.29075E-1 3.29075E-1 3.29075E-1 3.29075E-1 3.29075E-1 3.29075E-1 3.29075E-1 3.29075E-1 3.28984E-1 4.53815E-1 4.53815E-1 4.53815E-1
3.84732E-1 3.84732E-1 3.84732E-1 3.84732E-1 3.84732E-1 3.84732E-1 4.57263E-1 4.57263E-1 4.57263E-1 4.57263E-1 4.57263E-1 4.57263E-1 4.57263E-1 4.57263E-1 -9999 -9999 -9999 -9999 -9999 -9999 -9999 3.34078E-1 3.34078E-1 3.34078E-1 3.34078E-1 3.34078E-1 2.93714E-1 -9999 -9999 -9999 -9999 -9999 -9999 2.93714E-1 2.93714E-1 2.93714E-1 2.93714E-1 2.93714E-1 2.93714E-1 2.93714E-1 2.93714E-1 2.93714E-1 2.93714E-1 2.93714E-1 2.93714E-1 2.93714E-1 2.93714E-1 2.93714E-1 2.93714E-1 2.93714E-1 2.93714E-1 2.99005E-1 2.99005E-1 2.99005E-1 2.99005E-1 2.99005E-1 3.29075E-1 3.29075E-1 3.29075E-1 3.29075E-1 3.29075E-1 3.29075E-1 3.29075E-1 3.29075E-1 3.29075E-1 3.29075E-1 4.53815E-1 4.53815E-1
3.84732E-1 -9999 3.84732E-1 3.84732E-1 -9999 -9999 -9999 -9999 -9999 -9999 -9999 -9999 -9999 -9999 -9999 -9999 -9999 -9999 -9999 -9999 -9999 -9999 -9999 -9999 3.34078E-1 3.34078E-1 3.34078E-1 -9999 -9999 -9999 -9999 -9999 -9999 -9999 -9999 -9999 2.93714E-1 2.93714E-1 2.93714E-1 2.93714E-1 2.93714E-1 2.93714E-1 2.93714E-1 2.93714E-1 2.93714E-1 2.93714E-1 2.93714E-1 2.99005E-1 2.99005E-1 2.99005E-1 2.99005E-1 2.99005E-1 2.99005E-1 2.99005E-1 2.99005E-1 2.99005E-1 2.99005E-1 3.29075E-1 3.29075E-1 3.29075E-1 3.29075E-1 3.29075E-1 3.29075E-1 3.29075E-1 3.29075E-1 3.29075E-1 3.29075E-1 3.29075E-1
-9999 -9999 -9999 -9999 -9999 -9999 -9999 -9999 -9999 -9999 -9999 -9999 -9999 -9999 -9999 -9999 -9999 -9999 -9999 -9999 -9999 -9999 -9999 -9999 -9999 -9999 -9999 -9999 -9999 -9999 -9999 -9999 -9999 -9999 -9999 -9999 -9999 2.93714E-1 2.93714E-1 2.93714E-1 2.93714E-1 2.93714E-1 2.93714E-1 2.93714E-1 2.93714E-1 2.93714E-1 2.99005E-1 2.99005E-1 2.99005E-1 2.99005E-1 2.99005E-1 2.99005E-1 2.99005E-1 2.99005E-1 2.99005E-1 2.99005E-1 2.99005E-1 2.99005E-1 2.99005E-1 3.29075E-1 3.29075E-1 3.29075E-1 3.29075E-1 3.29075E-1 3.29075E-1 3.29075E-1 3.29075E-1 3.29075E-1
-9999 -9999 -9999 -9999 -9999 -9999 -9999 -9999 -9999 -9999 -9999 -9999 -9999 -9999 -9999 -9999 -9999 -9999 -9999 -9999 -9999 -9999 -9999 -9999 -9999 -9999 -9999 -9999 -9999 -9999 -9999 -9999 -9999 -9999 -9999 -9999 -9999 -9999 -9999 2.93714E-1 2.93714E-1 2.93714E-1 -9999 2.93714E-1 2.93714E-1 2.99005E-1 2.99005E-1 2.99005E-1 2.99005E-1 2.99005E-1 2.99005E-1 2.99005E-1 2.99005E-1 2.99005E-1 2.99005E-1 2.99005E-1 2.99005E-1 2.99005E-1 2.99005E-1 2.99005E-1 3.29075E-1 3.29075E-1 3.29075E-1 3.29075E-1 3.29075E-1 3.29075E-1 3.29075E-1 3.29075E-1
-9999 -9999 -9999 -9999 -9999 -9999 -9999 -9999 -9999 -9999 -9999 -9999 -9999 -9999 -9999 -9999 -9999 -9999 -9999 -9999 -9999 -9999 -9999 -9999 -9999 -9999 -9999 -9999 -9999 -9999 -9999 -9999 -9999 -9999 -9999 -9999 -9999 -9999 -9999 -9999 -9999 -9999 2.93714E-1 2.99005E-1 2.99005E-1 2.99005E-1 2.99005E-1 2.99005E-1 2.99005E-1 2.99005E-1 2.99005E-1 2.99005E-1 2.99005E-1 2.99005E-1 2.99005E-1 2.99005E-1 2.99005E-1 2.99005E-1 2.99005E-1 2.99005E-1 2.99005E-1 3.29075E-1 3.29075E-1 3.29075E-1 3.29075E-1 3.29075E-1 3.29075E-1 3.29075E-1
-9999 -9999 -9999 -9999 -9999 -9999 -9999 -9999 -9999 -9999 -9999 -9999 -9999 -9999 -9999 -9999 -9999 -9999 -9999 -9999 -9999 -9999 -9999 -9999 -9999 -9999 -9999 -9999 -9999 -9999 -9999 -9999 -9999 -9999 -9999 -9999 -9999 -9999 -9999 -9999 -9999 -9999 -9999 2.99005E-1 2.99005E-1 2.99005E-1 2.99005E-1 2.99005E-1 2.99005E-1 2.99005E-1 2.99005E-1 2.99005E-1 2.99005E-1 2.99005E-1 2.99005E-1 2.99005E-1 2.99005E-1 2.99005E-1 2.99005E-1 2.99005E-1 2.99005E-1 2.99005E-1 2.99005E-1 3.24475E-1 3.24475E-1 3.24475E-1 3.24475E-1 3.24475E-1
