outputlogistic/cholera.asc
ncols         343
nrows         248
xllcorner     -74.4803996469999
yllcorner     18.0221399550001
cellsize      0.00833308698833808
NODATA_value  -9999
[rows 180 to 209 of 248, columns 0 to 67 of 343]
-9999 -9999 -9999 -9999 -9999 -9999 -9999 -9999 5.53356E-1 5.53356E-1 5.53356E-1 5.53356E-1 5.53356E-1 5.53356E-1 5.53356E-1 5.39341E-1 5.39341E-1 5.39341E-1 5.39341E-1 5.39341E-1 5.39341E-1 5.90508E-1 5.90508E-1 5.90508E-1 6.33009E-1 6.33009E-1 6.33009E-1 6.33009E-1 6.33009E-1 6.13963E-1 6.13963E-1 6.13963E-1 6.13963E-1 5.47429E-1 5.47429E-1 5.47429E-1 5.47429E-1 5.92654E-1 5.92654E-1 5.92654E-1 5.92654E-1 5.92654E-1 5.92654E-1 5.09695E-1 5.09695E-1 5.09695E-1 5.09695E-1 5.09695E-1 5.09695E-1 4.71435E-1 5.04995E-1 5.04995E-1 5.04995E-1 5.04995E-1 5.04995E-1 5.04995E-1 5.04995E-1 5.04995E-1 4.56466E-1 4.56466E-1 4.56466E-1 4.56466E-1 4.65415E-1 4.65415E-1 4.65415E-1 4.65415E-1 4.65415E-1 4.65415E-1
-9999 -9999 -9999 -9999 -9999 -9999 -9999 5.53356E-1 5.53356E-1 5.53356E-1 5.53356E-1 5.53356E-1 5.53356E-1 5.53356E-1 5.53356E-1 5.53356E-1 5.39341E-1 5.39341E-1 5.39341E-1 5.39341E-1 5.39341E-1 6.24407E-1 5.90508E-1 5.90508E-1 6.33009E-1 6.33009E-1 6.33009E-1 6.33009E-1 6.33009E-1 6.33009E-1 5.84129E-1 5.84129E-1 5.47429E-1 5.47429E-1 5.47429E-1 5.47429E-1 5.47429E-1 5.92654E-1 5.92654E-1 5.92654E-1 5.92654E-1 5.92654E-1 5.09695E-1 5.09695E-1 5.09695E-1 5.09695E-1 5.09695E-1 5.09695E-1 5.09695E-1 4.71435E-1 5.04995E-1 5.04995E-1 5.04995E-1 5.04995E-1 5.04995E-1 5.04995E-1 5.04995E-1 5.04995E-1 5.04995E-1 4.56466E-1 4.56466E-1 4.56466E-1 4.65415E-1 4.65415E-1 4.65415E-1 4.65415E-1 4.65415E-1 4.65415E-1
-9999 -9999 -9999 -9999 -9999 -9999 -9999 5.53356E-1 5.53356E-1 5.53356E-1 5.53356E-1 5.53356E-1 5.53356E-1 5.53356E-1 5.53356E-1 5.53356E-1 5.53356E-1 5.39341E-1 5.39341E-1 5.39341E-1 6.24407E-1 6.24407E-1 6.24407E-1 6.33009E-1 6.33009E-1 6.33009E-1 6.33009E-1 6.33009E-1 6.33009E-1 6.33009E-1 5.84129E-1 5.84129E-1 5.47429E-1 5.47429E-1 5.47429E-1 5.47429E-1 5.92654E-1 5.92654E-1 5.92654E-1 5.43097E-1 5.92654E-1 5.92654E-1 5.09695E-1 5.09695E-1 5.09695E-1 5.09695E-1 5.09695E-1 5.09695E-1 4.71435E-1 4.71435E-1 4.71435E-1 5.04995E-1 5.04995E-1 5.04995E-1 5.04995E-1 5.04995E-1 5.04995E-1 5.04995E-1 4.56466E-1 4.56466E-1 4.56466E-1 4.56466E-1 4.65415E-1 4.65415E-1 4.65415E-1 4.65415E-1 4.65415E-1 3.93821E-1
-9999 -9999 -9999 -9999 -9999 -9999 -9999 5.32179E-1 5.32179E-1 5.53356E-1 5.53356E-1 5.53356E-1 5.53356E-1 5.53356E-1 5.53356E-1 5.53356E-1 5.53356E-1 5.16176E-1 6.24407E-1 6.24407E-1 6.24407E-1 6.24407E-1 6.24407E-1 6.33009E-1 6.33009E-1 6.33009E-1 6.33009E-1 5.80196E-1 5.80196E-1 5.80196E-1 5.80196E-1 5.84129E-1 5.84129E-1 5.47429E-1 5.47429E-1 5.47429E-1 5.47429E-1 5.92654E-1 5.43097E-1 5.43097E-1 5.43097E-1 5.92654E-1 5.09695E-1 5.09695E-1 5.09695E-1 5.09695E-1 5.09695E-1 4.71435E-1 4.71435E-1 4.71435E-1 4.71435E-1 4.71435E-1 5.04995E-1 5.04995E-1 5.04995E-1 5.04995E-1 5.04995E-1 4.56466E-1 4.56466E-1 4.56466E-1 4.56466E-1 4.56466E-1 4.56466E-1 4.56466E-1 4.65415E-1 4.65415E-1 4.65415E-1 3.93821E-1
-9999 -9999 -9999 -9999 -9999 -9999 4.65975E-1 5.32179E-1 5.32179E-1 5.32179E-1 5.32179E-1 5.32179E-1 5.32179E-1 5.32179E-1 5.53356E-1 5.53356E-1 5.53356E-1 5.53356E-1 5.16176E-1 6.24407E-1 6.24407E-1 6.24407E-1 6.24407E-1 6.27727E-1 6.33009E-1 6.33009E-1 6.33009E-1 5.80196E-1 5.80196E-1 5.80196E-1 5.80196E-1 5.84129E-1 5.84129E-1 5.47429E-1 5.47429E-1 5.47429E-1 5.47429E-1 5.43097E-1 5.43097E-1 5.43097E-1 5.43097E-1 5.43097E-1 4.85569E-1 4.85569E-1 4.85569E-1 4.85569E-1 4.85569E-1 4.71435E-1 4.71435E-1 4.71435E-1 4.71435E-1 4.71435E-1 4.71435E-1 4.71435E-1 4.71435E-1 5.04995E-1 5.04995E-1 4.56466E-1 4.56466E-1 4.56466E-1 4.56466E-1 4.56466E-1 4.56466E-1 4.56466E-1 4.65415E-1 4.65415E-1 3.93821E-1 4.45725E-1
-9999 -9999 -9999 -9999 -9999 -9999 4.65975E-1 4.65975E-1 5.32179E-1 5.32179E-1 5.32179E-1 5.32179E-1 5.32179E-1 5.32179E-1 5.16176E-1 5.16176E-1 5.16176E-1 5.16176E-1 5.16176E-1 6.24407E-1 6.24407E-1 6.24407E-1 6.27727E-1 6.27727E-1 6.27727E-1 6.27727E-1 5.80196E-1 5.80196E-1 5.80196E-1 5.80196E-1 5.80196E-1 5.84129E-1 5.84129E-1 5.47429E-1 5.47429E-1 5.47429E-1 5.47429E-1 5.43097E-1 5.43097E-1 5.43097E-1 5.43097E-1 5.43097E-1 4.85569E-1 4.85569E-1 4.85569E-1 4.85569E-1 4.85569E-1 4.71435E-1 4.71435E-1 4.71435E-1 4.71435E-1 4.71435E-1 4.71435E-1 4.71435E-1 4.71435E-1 4.71435E-1 4.71435E-1 4.56466E-1 4.56466E-1 4.56466E-1 4.56466E-1 4.56466E-1 4.56466E-1 4.65415E-1 4.65415E-1 4.45725E-1 4.45725E-1 4.45725E-1
-9999 -9999 -9999 -9999 -9999 4.65975E-1 4.65975E-1 4.65975E-1 5.32179E-1 5.32179E-1 5.32179E-1 5.32179E-1 5.32179E-1 5.16176E-1 5.16176E-1 5.16176E-1 5.16176E-1 5.16176E-1 5.16176E-1 6.24407E-1 6.24407E-1 6.24407E-1 6.27727E-1 6.27727E-1 6.27727E-1 5.80196E-1 5.80196E-1 5.80196E-1 5.80196E-1 5.80196E-1 5.80196E-1 5.84129E-1 5.84129E-1 5.47429E-1 5.47429E-1 5.47429E-1 5.47429E-1 5.43097E-1 5.43097E-1 5.43097E-1 5.43097E-1 5.43097E-1 4.85569E-1 4.85569E-1 4.85569E-1 4.85569E-1 4.85569E-1 4.71435E-1 4.71435E-1 4.71435E-1 4.71435E-1 4.71435E-1 4.71435E-1 4.56466E-1 4.71435E-1 4.56466E-1 4.56466E-1 4.56466E-1 4.56466E-1 4.56466E-1 4.56466E-1 4.56466E-1 4.56466E-1 4.56466E-1 4.45725E-1 4.45725E-1 4.45725E-1 4.45725E-1
-9999 -9999 -9999 -9999 4.65975E-1 4.65975E-1 4.65975E-1 4.65975E-1 4.65975E-1 5.32179E-1 5.32179E-1 5.32179E-1 5.83104E-1 5.16176E-1 5.16176E-1 5.16176E-1 5.16176E-1 5.16176E-1 6.24407E-1 6.24407E-1 6.24407E-1 6.24407E-1 6.27727E-1 5.80196E-1 5.80196E-1 5.80196E-1 5.80196E-1 5.80196E-1 5.80196E-1 5.80196E-1 5.84129E-1 5.84129E-1 5.47429E-1 5.47429E-1 5.47429E-1 5.47429E-1 5.47429E-1 5.43097E-1 5.43097E-1 5.43097E-1 5.43097E-1 4.85569E-1 4.85569E-1 4.85569E-1 4.85569E-1 4.85569E-1 4.85569E-1 4.71435E-1 4.71435E-1 4.71435E-1 4.71435E-1 4.71435E-1 4.77001E-1 4.56466E-1 4.56466E-1 4.56466E-1 4.56466E-1 4.56466E-1 4.56466E-1 4.56466E-1 4.56466E-1 4.56466E-1 4.56466E-1 4.45725E-1 4.45725E-1 4.45725E-1 4.45725E-1 4.45725E-1
-9999 -9999 -9999 -9999 -9999 4.65975E-1 4.65975E-1 4.65975E-1 4.65975E-1 4.65975E-1 5.83104E-1 5.83104E-1 5.83104E-1 5.16176E-1 5.16176E-1 5.16176E-1 5.16176E-1 6.24407E-1 6.24407E-1 6.24407E-1 6.24407E-1 6.27727E-1 6.27727E-1 5.80196E-1 5.80196E-1 5.80196E-1 5.80196E-1 5.80196E-1 5.80196E-1 5.80196E-1 5.84129E-1 5.84129E-1 5.84129E-1 5.47429E-1 5.47429E-1 5.47429E-1 5.43097E-1 5.43097E-1 5.43097E-1 5.43097E-1 5.43097E-1 4.85569E-1 4.85569E-1 4.85569E-1 4.85569E-1 4.85569E-1 4.85569E-1 4.85569E-1 4.77001E-1 4.77001E-1 4.77001E-1 4.77001E-1 4.77001E-1 4.77001E-1 4.56466E-1 4.56466E-1 4.56474E-1 4.56474E-1 4.56474E-1 4.56474E-1 4.45725E-1 4.45725E-1 4.45725E-1 4.45725E-1 4.45725E-1 4.45725E-1 4.45725E-1 4.45725E-1
-9999 -9999 -9999 -9999 4.65975E-1 4.65975E-1 4.65975E-1 4.65975E-1 4.65975E-1 4.65975E-1 5.83104E-1 5.83104E-1 5.06557E-1 5.16176E-1 5.16176E-1 5.16176E-1 5.16176E-1 6.24407E-1 6.24407E-1 6.24407E-1 6.24407E-1 6.27727E-1 6.27727E-1 5.80196E-1 5.80196E-1 5.80196E-1 5.80196E-1 5.80196E-1 5.80196E-1 5.80196E-1 5.84129E-1 5.84129E-1 5.84129E-1 5.84129E-1 5.84129E-1 5.47429E-1 5.43097E-1 5.43097E-1 5.43097E-1 5.43097E-1 4.85569E-1 4.85569E-1 4.85569E-1 4.85569E-1 4.85569E-1 4.85569E-1 4.85569E-1 4.85569E-1 4.77001E-1 4.77001E-1 4.77001E-1 4.77001E-1 4.77001E-1 4.56466E-1 4.56466E-1 4.56474E-1 4.56474E-1 4.56474E-1 4.56474E-1 3.99008E-1 3.99008E-1 3.99008E-1 4.45725E-1 4.45725E-1 4.45725E-1 4.45725E-1 4.45725E-1 4.45725E-1
-9999 -9999 -9999 4.65975E-1 4.65975E-1 4.65975E-1 4.65975E-1 4.93145E-1 4.65975E-1 4.65975E-1 5.83104E-1 5.06557E-1 5.06557E-1 5.16176E-1 5.16176E-1 5.16176E-1 5.16176E-1 5.16176E-1 6.24407E-1 6.24407E-1 6.24407E-1 6.27727E-1 6.27727E-1 6.27727E-1 5.80196E-1 5.80196E-1 5.80196E-1 5.80196E-1 5.80196E-1 5.80196E-1 5.84129E-1 5.84129E-1 5.84129E-1 5.84129E-1 5.84129E-1 5.47429E-1 5.47429E-1 5.47429E-1 5.43097E-1 5.43097E-1 5.43097E-1 4.85569E-1 4.85569E-1 4.85569E-1 4.85569E-1 4.85569E-1 4.85569E-1 4.77001E-1 4.77001E-1 4.77001E-1 4.77001E-1 4.77001E-1 4.77001E-1 4.56474E-1 4.56474E-1 4.56474E-1 4.56474E-1 4.56474E-1 4.56474E-1 4.56474E-1 3.99008E-1 3.99008E-1 4.45725E-1 4.45725E-1 4.45725E-1 4.45725E-1 4.45725E-1 4.45725E-1
-9999 -9999 4.93145E-1 4.93145E-1 4.93145E-1 4.93145E-1 4.93145E-1 4.93145E-1 4.93145E-1 4.93145E-1 5.06557E-1 5.06557E-1 5.06557E-1 5.16176E-1 5.16176E-1 5.16176E-1 5.16176E-1 5.16176E-1 5.16176E-1 5.16176E-1 6.27727E-1 6.27727E-1 6.27727E-1 5.80196E-1 5.80196E-1 5.80196E-1 5.80196E-1 5.80196E-1 5.80196E-1 5.84129E-1 5.84129E-1 5.84129E-1 5.84129E-1 5.84129E-1 5.84129E-1 5.47429E-1 5.47429E-1 5.47429E-1 5.43097E-1 5.43097E-1 5.43097E-1 5.43097E-1 4.85569E-1 4.85569E-1 4.85569E-1 4.85569E-1 4.77001E-1 4.77001E-1 4.77001E-1 4.77001E-1 4.77001E-1 4.77001E-1 4.77001E-1 4.56474E-1 4.36057E-1 4.36057E-1 4.36057E-1 4.36057E-1 4.36057E-1 4.36057E-1 3.99008E-1 3.99008E-1 3.99008E-1 3.99008E-1 3.99008E-1 4.45725E-1 4.45725E-1 4.45725E-1
-9999 -9999 -9999 4.93145E-1 4.93145E-1 4.93145E-1 4.93145E-1 4.93145E-1 4.93145E-1 4.93145E-1 5.06557E-1 5.06557E-1 5.06557E-1 5.06557E-1 5.16176E-1 5.16176E-1 5.16176E-1 5.16176E-1 5.16176E-1 5.16176E-1 6.27727E-1 6.27727E-1 6.27727E-1 6.27727E-1 5.80196E-1 5.80196E-1 5.80196E-1 5.80196E-1 5.84129E-1 5.84129E-1 5.84129E-1 5.84129E-1 5.84129E-1 5.84129E-1 5.84129E-1 5.47429E-1 5.47429E-1 5.47429E-1 5.43097E-1 5.43097E-1 5.43097E-1 5.43097E-1 5.43097E-1 4.85569E-1 4.85569E-1 4.85569E-1 4.77001E-1 4.77001E-1 4.77001E-1 4.77001E-1 4.77001E-1 4.77001E-1 4.77001E-1 4.77001E-1 4.36057E-1 4.36057E-1 4.36057E-1 4.36057E-1 4.36057E-1 4.36057E-1 4.36057E-1 3.99008E-1 3.99008E-1 3.99008E-1 3.99008E-1 3.99008E-1 3.99008E-1 3.99008E-1
-9999 -9999 -9999 4.89345E-1 4.89345E-1 4.93145E-1 4.89345E-1 4.89345E-1 4.89345E-1 4.89345E-1 4.89345E-1 5.06557E-1 5.06557E-1 5.06557E-1 5.06557E-1 5.16176E-1 5.16176E-1 5.16176E-1 5.16176E-1 5.16176E-1 6.27727E-1 6.27727E-1 6.27727E-1 6.27727E-1 5.80196E-1 5.80196E-1 5.80196E-1 5.84129E-1 5.84129E-1 5.84129E-1 5.84129E-1 5.84129E-1 5.84129E-1 5.43097E-1 5.43097E-1 5.43097E-1 5.43097E-1 5.43097E-1 5.43097E-1 5.43097E-1 5.43097E-1 5.43097E-1 5.43097E-1 4.85569E-1 4.85569E-1 4.85569E-1 4.77001E-1 4.77001E-1 4.77001E-1 4.77001E-1 4.77001E-1 4.77001E-1 4.77001E-1 4.36057E-1 4.36057E-1 4.36057E-1 4.36057E-1 4.36057E-1 4.36057E-1 4.36057E-1 3.99008E-1 3.99008E-1 3.99008E-1 3.99008E-1 3.99008E-1 3.99008E-1 3.99008E-1 3.99008E-1
-9999 -9999 -9999 4.89345E-1 4.89345E-1 4.89345E-1 4.89345E-1 4.89345E-1 4.89345E-1 4.89345E-1 4.89345E-1 4.89345E-1 5.06557E-1 5.06557E-1 5.06557E-1 5.16176E-1 5.16176E-1 5.16176E-1 5.16176E-1 5.16176E-1 6.27727E-1 6.27727E-1 6.27727E-1 6.27727E-1 5.80196E-1 5.80196E-1 5.80196E-1 5.80196E-1 5.84129E-1 5.84129E-1 5.84129E-1 5.84129E-1 5.43097E-1 5.43097E-1 5.43097E-1 5.43097E-1 5.43097E-1 5.43097E-1 5.43097E-1 5.43097E-1 5.43097E-1 5.43097E-1 4.85569E-1 4.85569E-1 4.85569E-1 4.85569E-1 4.77001E-1 4.77001E-1 4.77001E-1 4.77001E-1 4.77001E-1 4.77001E-1 4.77001E-1 4.36057E-1 4.36057E-1 4.36057E-1 4.36057E-1 4.36057E-1 4.36057E-1 3.99008E-1 3.99008E-1 3.99008E-1 3.99008E-1 3.99008E-1 3.99008E-1 3.99008E-1 3.99008E-1 3.99008E-1
-9999 -9999 4.89345E-1 4.89345E-1 4.89345E-1 4.89345E-1 4.89345E-1 4.89345E-1 4.89345E-1 4.89345E-1 4.89345E-1 4.89345E-1 5.06557E-1 5.06557E-1 5.06557E-1 5.06557E-1 5.06557E-1 5.16176E-1 5.06557E-1 5.06557E-1 5.06557E-1 6.27727E-1 6.27727E-1 5.80196E-1 5.80196E-1 5.80196E-1 5.80196E-1 5.80196E-1 5.84129E-1 5.84129E-1 5.80196E-1 5.80196E-1 5.43097E-1 5.43097E-1 5.43097E-1 5.43097E-1 5.43097E-1 5.43097E-1 5.43097E-1 5.43097E-1 5.43097E-1 5.43097E-1 4.85569E-1 4.85569E-1 4.85569E-1 4.85569E-1 4.77001E-1 4.77001E-1 4.77001E-1 4.77001E-1 4.77001E-1 4.77001E-1 4.77001E-1 4.36057E-1 4.36057E-1 4.36057E-1 4.36057E-1 4.36057E-1 4.36057E-1 3.99008E-1 3.99008E-1 3.99008E-1 3.99008E-1 3.99008E-1 3.99008E-1 3.99008E-1 3.92089E-1 3.92089E-1
-9999 -9999 4.89345E-1 4.89345E-1 4.89345E-1 4.65624E-1 4.65624E-1 4.89345E-1 4.89345E-1 4.89345E-1 4.89345E-1 5.06557E-1 5.06557E-1 5.06557E-1 5.06557E-1 5.06557E-1 5.06557E-1 5.06557E-1 5.06557E-1 5.06557E-1 5.06557E-1 6.27727E-1 6.27727E-1 5.80196E-1 5.80196E-1 5.80196E-1 5.80196E-1 5.80196E-1 5.80196E-1 5.80196E-1 5.80196E-1 5.43097E-1 5.43097E-1 5.43097E-1 5.43097E-1 5.43097E-1 5.43097E-1 5.43097E-1 5.43097E-1 5.43097E-1 5.43097E-1 5.43097E-1 4.85569E-1 4.85569E-1 4.85569E-1 4.85569E-1 4.77001E-1 4.77001E-1 4.77001E-1 4.77001E-1 4.77001E-1 4.77001E-1 4.77001E-1 4.77001E-1 4.36057E-1 4.36057E-1 4.36057E-1 4.36057E-1 4.36057E-1 4.36057E-1 3.99008E-1 3.99008E-1 3.99008E-1 3.99008E-1 3.99008E-1 3.99008E-1 3.92089E-1 3.92089E-1
-9999 4.65624E-1 4.65624E-1 4.65624E-1 4.65624E-1 4.65624E-1 4.65624E-1 4.65624E-1 4.65624E-1 4.65624E-1 5.29437E-1 5.29437E-1 5.29437E-1 5.29437E-1 5.06557E-1 5.06557E-1 5.06557E-1 5.06557E-1 5.06557E-1 5.06557E-1 6.27727E-1 6.27727E-1 6.27727E-1 6.27727E-1 5.80196E-1 5.80196E-1 5.80196E-1 5.80196E-1 5.80196E-1 5.80196E-1 5.80196E-1 5.43097E-1 5.43097E-1 5.43097E-1 5.43097E-1 5.43097E-1 5.43097E-1 5.43097E-1 5.43097E-1 5.43097E-1 5.43097E-1 5.43097E-1 5.43097E-1 4.85569E-1 4.77001E-1 4.77001E-1 4.77001E-1 4.77001E-1 4.77001E-1 4.77001E-1 4.77001E-1 4.77001E-1 4.77001E-1 4.77001E-1 4.36057E-1 4.36057E-1 4.36057E-1 4.36057E-1 4.36057E-1 3.99008E-1 3.99008E-1 3.99008E-1 3.99008E-1 3.99008E-1 3.99008E-1 3.99008E-1 3.92089E-1 3.92089E-1
-9999 4.65624E-1 4.65624E-1 4.65624E-1 4.65624E-1 5.29437E-1 5.29437E-1 5.29437E-1 5.29437E-1 4.65624E-1 5.29437E-1 5.29437E-1 5.29437E-1 5.29437E-1 5.29437E-1 5.06557E-1 5.06557E-1 5.06557E-1 5.06557E-1 5.06557E-1 6.27727E-1 6.27727E-1 6.27727E-1 6.27727E-1 5.80196E-1 5.80196E-1 5.80196E-1 5.80196E-1 5.80196E-1 5.80196E-1 5.80196E-1 5.43097E-1 5.43097E-1 5.43097E-1 5.43097E-1 5.43097E-1 5.43097E-1 5.43097E-1 5.43097E-1 5.43097E-1 5.43097E-1 5.43097E-1 5.43097E-1 4.77001E-1 4.77001E-1 4.77001E-1 4.77001E-1 4.77001E-1 4.77001E-1 4.77001E-1 4.77001E-1 4.77001E-1 4.77001E-1 4.36057E-1 4.36057E-1 4.36057E-1 4.36057E-1 4.36057E-1 3.99008E-1 3.99008E-1 3.99008E-1 3.99008E-1 3.99008E-1 3.99008E-1 3.99008E-1 3.99008E-1 3.92089E-1 3.92089E-1
-9999 4.65624E-1 4.65624E-1 4.65624E-1 4.65624E-1 5.29437E-1 5.29437E-1 5.29437E-1 5.29437E-1 5.29437E-1 5.29437E-1 5.29437E-1 5.29437E-1 5.29437E-1 5.29437E-1 5.29437E-1 5.06557E-1 5.06557E-1 6.27727E-1 6.27727E-1 6.27727E-1 6.27727E-1 6.27727E-1 6.27727E-1 5.80196E-1 5.80196E-1 5.80196E-1 5.80196E-1 5.80196E-1 5.80196E-1 5.80196E-1 5.43097E-1 5.43097E-1 5.43097E-1 5.43097E-1 5.43097E-1 5.43097E-1 5.43097E-1 5.43097E-1 5.43097E-1 5.43097E-1 5.43097E-1 5.43097E-1 5.43097E-1 4.77001E-1 4.77001E-1 4.77001E-1 4.77001E-1 4.77001E-1 4.77001E-1 4.77001E-1 4.77001E-1 4.77001E-1 4.77001E-1 4.36057E-1 4.36057E-1 4.36057E-1 4.36057E-1 3.99008E-1 3.99008E-1 3.99008E-1 3.99008E-1 3.99008E-1 3.99008E-1 3.99008E-1 3.99008E-1 3.92089E-1 3.92089E-1
-9999 5.29437E-1 5.29437E-1 5.29437E-1 5.29437E-1 4.92973E-1 5.29437E-1 4.92973E-1 4.92973E-1 5.29437E-1 5.29437E-1 5.29437E-1 5.29437E-1 5.29437E-1 5.29437E-1 5.29437E-1 5.29437E-1 5.29437E-1 6.27727E-1 6.27727E-1 6.27727E-1 6.27727E-1 6.27727E-1 6.27727E-1 5.80196E-1 5.80196E-1 5.80196E-1 5.80196E-1 5.80196E-1 5.80196E-1 5.80196E-1 5.80196E-1 5.43097E-1 5.43097E-1 5.43097E-1 5.43097E-1 5.43097E-1 5.43097E-1 5.43097E-1 5.43097E-1 5.43097E-1 5.43097E-1 5.43097E-1 5.43097E-1 4.77001E-1 4.77001E-1 4.77001E-1 4.77001E-1 4.77001E-1 4.77001E-1 4.77001E-1 4.77001E-1 4.77001E-1 4.77001E-1 4.36057E-1 4.36057E-1 4.36057E-1 4.36057E-1 3.99008E-1 3.99008E-1 3.99008E-1 3.99008E-1 3.99008E-1 3.99008E-1 3.99008E-1 3.92089E-1 3.92089E-1 3.92089E-1
-9999 -9999 5.29437E-1 5.29437E-1 4.92973E-1 4.92973E-1 4.92973E-1 4.92973E-1 4.92973E-1 4.92973E-1 4.92973E-1 5.29437E-1 5.29437E-1 5.29437E-1 5.29437E-1 5.29437E-1 5.29437E-1 5.29437E-1 5.29437E-1 5.29437E-1 5.29437E-1 6.27727E-1 6.27727E-1 6.27727E-1 6.27727E-1 5.80196E-1 5.80196E-1 5.80196E-1 5.80196E-1 5.80196E-1 5.80196E-1 5.43097E-1 5.43097E-1 5.43097E-1 5.43097E-1 5.43097E-1 5.43097E-1 5.43097E-1 5.43097E-1 5.43097E-1 5.43097E-1 5.43097E-1 5.43097E-1 5.43097E-1 5.43097E-1 4.77001E-1 4.77001E-1 4.77001E-1 4.77001E-1 4.77001E-1 4.77001E-1 4.77001E-1 4.77001E-1 4.77001E-1 4.36057E-1 4.36057E-1 4.36057E-1 4.36057E-1 3.99008E-1 3.99008E-1 3.99008E-1 3.99008E-1 3.99008E-1 3.99008E-1 3.99008E-1 3.92089E-1 3.92089E-1 3.92089E-1
-9999 -9999 -9999 4.92973E-1 4.92973E-1 4.92973E-1 5.12525E-1 4.92973E-1 4.92973E-1 4.92973E-1 4.92973E-1 4.92973E-1 5.29437E-1 5.29437E-1 5.29437E-1 5.29437E-1 5.29437E-1 5.29437E-1 5.29437E-1 5.29437E-1 5.29437E-1 5.29437E-1 6.27727E-1 6.27727E-1 5.80196E-1 5.80196E-1 5.80196E-1 5.80196E-1 5.80196E-1 5.80196E-1 5.80196E-1 5.80196E-1 5.43097E-1 5.43097E-1 5.43097E-1 5.43097E-1 5.43097E-1 5.43097E-1 5.43097E-1 5.43097E-1 5.43097E-1 5.43097E-1 5.43097E-1 5.43097E-1 5.43097E-1 3.97027E-1 3.97027E-1 3.85922E-1 3.85922E-1 3.85922E-1 3.85922E-1 4.77001E-1 4.77001E-1 4.36057E-1 4.36057E-1 4.36057E-1 4.36057E-1 3.99008E-1 3.99008E-1 3.99008E-1 3.99008E-1 3.99008E-1 3.99008E-1 3.99008E-1 3.99008E-1 3.92089E-1 3.92089E-1 3.92089E-1
-9999 -9999 -9999 -9999 5.12525E-1 5.12525E-1 5.12525E-1 4.92973E-1 4.92973E-1 4.92973E-1 4.92973E-1 4.92973E-1 4.92973E-1 4.92973E-1 4.92973E-1 5.29437E-1 5.29437E-1 5.29437E-1 5.29437E-1 5.29437E-1 5.29437E-1 5.29437E-1 5.17182E-1 6.27727E-1 5.80196E-1 5.80196E-1 5.80196E-1 5.80196E-1 5.80196E-1 5.80196E-1 5.80196E-1 5.80196E-1 4.57681E-1 4.57681E-1 4.57681E-1 4.57681E-1 4.57681E-1 4.18109E-1 4.18109E-1 4.18109E-1 4.18109E-1 4.18109E-1 4.18109E-1 4.18109E-1 4.18109E-1 3.97027E-1 3.97027E-1 3.97027E-1 3.85922E-1 3.85922E-1 3.85922E-1 3.85922E-1 4.77001E-1 4.36057E-1 4.36057E-1 4.36057E-1 4.36057E-1 3.99008E-1 3.99008E-1 3.99008E-1 3.99008E-1 3.99008E-1 3.99008E-1 3.99008E-1 3.99008E-1 3.99008E-1 3.92089E-1 3.92089E-1
-9999 -9999 -9999 -9999 5.12525E-1 5.12525E-1 5.12525E-1 5.12525E-1 4.92973E-1 4.92973E-1 4.92973E-1 4.92973E-1 4.92973E-1 4.92973E-1 4.92973E-1 4.92973E-1 5.29437E-1 5.29437E-1 5.29437E-1 5.29437E-1 5.29437E-1 5.29437E-1 5.17182E-1 5.17182E-1 6.27727E-1 5.80196E-1 5.80196E-1 5.80196E-1 5.80196E-1 5.80196E-1 5.80196E-1 4.57681E-1 4.57681E-1 4.57681E-1 4.57681E-1 4.57681E-1 4.57681E-1 4.57681E-1 4.18109E-1 4.18109E-1 4.18109E-1 4.18109E-1 4.18109E-1 4.18109E-1 4.18109E-1 3.97027E-1 3.97027E-1 3.85922E-1 3.85922E-1 3.85922E-1 3.85922E-1 3.85922E-1 3.85922E-1 3.57619E-1 4.36057E-1 4.36057E-1 4.36057E-1 3.99008E-1 3.99008E-1 3.99008E-1 3.99008E-1 3.99008E-1 3.99008E-1 3.99008E-1 3.99008E-1 3.99008E-1 3.92089E-1 3.92089E-1
-9999 -9999 -9999 5.12525E-1 5.12525E-1 5.12525E-1 5.12525E-1 5.12525E-1 5.12525E-1 5.12525E-1 4.92973E-1 4.92973E-1 4.92973E-1 4.92973E-1 4.92973E-1 4.92973E-1 4.92973E-1 5.29437E-1 5.29437E-1 5.29437E-1 5.29437E-1 5.29437E-1 5.17182E-1 5.17182E-1 5.17182E-1 5.17182E-1 5.80196E-1 5.80196E-1 5.80196E-1 4.57681E-1 4.57681E-1 4.57681E-1 4.57681E-1 4.57681E-1 4.57681E-1 4.57681E-1 4.57681E-1 4.18109E-1 4.18109E-1 4.18109E-1 4.18109E-1 4.18109E-1 4.18109E-1 4.18109E-1 4.18109E-1 3.97027E-1 3.97027E-1 3.97027E-1 3.85922E-1 3.85922E-1 3.85922E-1 3.85922E-1 3.85922E-1 3.57619E-1 3.57619E-1 3.57619E-1 3.57619E-1 3.57619E-1 3.57619E-1 3.99008E-1 3.99008E-1 3.99008E-1 3.99008E-1 3.99008E-1 3.99008E-1 3.92089E-1 3.92089E-1 3.92089E-1
-9999 -9999 -9999 -9999 5.12525E-1 5.12525E-1 5.12525E-1 5.12525E-1 5.12525E-1 5.12525E-1 5.12525E-1 4.92973E-1 4.92973E-1 4.92973E-1 4.92973E-1 4.92973E-1 4.92973E-1 5.29437E-1 5.29437E-1 5.29437E-1 5.29437E-1 5.17182E-1 5.17182E-1 5.17182E-1 5.17182E-1 5.17182E-1 5.17182E-1 5.17182E-1 5.17182E-1 4.57681E-1 4.57681E-1 4.57681E-1 4.57681E-1 4.57681E-1 4.57681E-1 4.57681E-1 4.18109E-1 4.18109E-1 4.18109E-1 4.18109E-1 4.18109E-1 4.18109E-1 4.18109E-1 4.18109E-1 3.97027E-1 3.97027E-1 3.97027E-1 3.85922E-1 3.85922E-1 3.85922E-1 3.85922E-1 3.85922E-1 3.85922E-1 3.57619E-1 3.57619E-1 3.57619E-1 3.57619E-1 3.57619E-1 3.57619E-1 3.57619E-1 3.57619E-1 3.36068E-1 3.36068E-1 3.36068E-1 3.36068E-1 3.92089E-1 3.92089E-1 3.92089E-1
-9999 -9999 -9999 -9999 5.12525E-1 4.96201E-1 5.12525E-1 5.12525E-1 4.96201E-1 5.12525E-1 5.12525E-1 4.96201E-1 4.96201E-1 4.96201E-1 4.96201E-1 4.96201E-1 4.96201E-1 4.96201E-1 4.96201E-1 4.96201E-1 5.17182E-1 5.17182E-1 5.17182E-1 5.17182E-1 5.17182E-1 5.17182E-1 5.17182E-1 5.17182E-1 5.17182E-1 5.17182E-1 4.57681E-1 4.57681E-1 4.57681E-1 4.57681E-1 4.57681E-1 4.57681E-1 4.18109E-1 4.18109E-1 4.18109E-1 4.18109E-1 4.18109E-1 4.18109E-1 4.18109E-1 4.18109E-1 3.97027E-1 3.97027E-1 3.85922E-1 3.85922E-1 3.85922E-1 3.85922E-1 3.85922E-1 3.85922E-1 3.57619E-1 3.57619E-1 3.57619E-1 3.57619E-1 3.57619E-1 3.57619E-1 3.57619E-1 3.57619E-1 3.36068E-1 3.36068E-1 3.36068E-1 3.36068E-1 3.36068E-1 3.36068E-1 3.33723E-1 3.33723E-1
-9999 -9999 -9999 -9999 4.96201E-1 4.96201E-1 4.96201E-1 4.96201E-1 4.96201E-1 4.96201E-1 4.96201E-1 4.96201E-1 4.96201E-1 4.96201E-1 4.96201E-1 4.96201E-1 4.96201E-1 4.96201E-1 4.96201E-1 4.96201E-1 5.17182E-1 5.17182E-1 5.17182E-1 5.17182E-1 5.17182E-1 5.17182E-1 5.17182E-1 5.17182E-1 5.17182E-1 5.17182E-1 4.57681E-1 4.57681E-1 4.57681E-1 4.57681E-1 4.57681E-1 4.57681E-1 4.18109E-1 4.18109E-1 4.18109E-1 4.18109E-1 4.18109E-1 4.18109E-1 4.18109E-1 3.97027E-1 3.97027E-1 3.85922E-1 3.85922E-1 3.85922E-1 3.85922E-1 3.85922E-1 3.85922E-1 3.85922E-1 3.57619E-1 3.57619E-1 3.57619E-1 3.57619E-1 3.57619E-1 3.57619E-1 3.57619E-1 3.36068E-1 3.36068E-1 3.36068E-1 3.36068E-1 3.36068E-1 3.36068E-1 3.36068E-1 3.33723E-1 3.33723E-1
-9999 -9999 -9999 -9999 -9999 4.96201E-1 4.96201E-1 4.96201E-1 4.96201E-1 4.96201E-1 4.96201E-1 4.96201E-1 4.96201E-1 4.96201E-1 4.96201E-1 4.96201E-1 4.96201E-1 4.96201E-1 4.96201E-1 4.96201E-1 5.17182E-1 5.17182E-1 5.17182E-1 5.17182E-1 5.17182E-1 5.17182E-1 5.17182E-1 5.07537E-1 5.07537E-1 5.07537E-1 5.07537E-1 4.57681E-1 4.57681E-1 4.57681E-1 4.57681E-1 4.57681E-1 4.18109E-1 4.18109E-1 4.18109E-1 4.18109E-1 4.18109E-1 3.97027E-1 3.97027E-1 3.97027E-1 3.85922E-1 3.85922E-1 3.85922E-1 3.85922E-1 3.85922E-1 3.85922E-1 3.85922E-1 3.85922E-1 3.57619E-1 3.57619E-1 3.57619E-1 3.57619E-1 3.57619E-1 3.57619E-1 3.57619E-1 3.36068E-1 3.36068E-1 3.36068E-1 3.36068E-1 3.36068E-1 3.36068E-1 3.36068E-1 3.33723E-1 3.33723E-1
