outputlogistic/cholera.asc
ncols         343
nrows         248
xllcorner     -74.4803996469999
yllcorner     18.0221399550001
cellsize      0.00833308698833808
NODATA_value  -9999
[rows 210 to 239 of 248, columns 68 to 135 of 343]
3.33723E-1 3.33723E-1 3.33723E-1 3.33723E-1 3.33723E-1 3.2568E-1 3.2568E-1 3.2568E-1 3.2568E-1 3.2568E-1 3.2568E-1 2.72892E-1 2.72892E-1 2.72892E-1 2.72892E-1 2.71607E-1 2.71607E-1 2.71607E-1 2.71607E-1 2.71607E-1 2.71607E-1 2.71607E-1 2.71607E-1 2.71607E-1 2.71607E-1 2.71607E-1 2.67567E-1 2.67567E-1 2.67567E-1 2.67567E-1 2.67567E-1 2.67567E-1 2.67567E-1 2.67567E-1 2.53265E-1 2.53265E-1 2.53265E-1 2.53265E-1 2.53265E-1 2.53265E-1 2.53265E-1 2.56724E-1 2.53265E-1 2.53802E-1 2.53802E-1 2.53802E-1 2.53802E-1 2.53802E-1 2.53802E-1 2.53802E-1 2.90736E-1 2.90736E-1 2.90736E-1 2.90736E-1 2.90736E-1 2.90736E-1 3.0943E-1 3.0943E-1 3.0943E-1 3.0943E-1 3.33861E-1 3.33861E-1 3.33861E-1 3.33861E-1 3.33861E-1 3.43928E-1 3.43928E-1 3.43928E-1
3.33723E-1 3.33723E-1 3.33723E-1 3.33723E-1 3.33723E-1 3.2568E-1 3.2568E-1 2.77626E-1 2.77626E-1 2.77626E-1 2.72892E-1 2.72892E-1 2.72892E-1 2.72892E-1 2.72892E-1 2.71607E-1 2.71607E-1 2.71607E-1 2.69976E-1 2.69976E-1 2.71607E-1 2.69976E-1 2.71607E-1 2.71607E-1 2.71607E-1 2.71607E-1 2.67567E-1 2.67567E-1 2.67567E-1 2.67567E-1 2.67567E-1 2.67567E-1 2.67567E-1 2.67567E-1 2.67567E-1 2.53265E-1 2.53265E-1 2.53265E-1 2.53265E-1 2.53265E-1 2.53265E-1 2.53265E-1 2.53265E-1 2.53802E-1 2.53802E-1 2.53802E-1 2.53802E-1 2.53802E-1 2.90736E-1 2.90736E-1 2.90736E-1 2.90736E-1 2.90736E-1 2.90736E-1 3.01973E-1 3.0943E-1 3.0943E-1 3.0943E-1 3.0943E-1 3.0943E-1 3.0943E-1 3.33861E-1 3.33861E-1 3.33861E-1 3.33861E-1 3.33861E-1 3.43928E-1 3.43928E-1
3.33723E-1 3.33723E-1 3.33723E-1 3.33723E-1 3.33723E-1 3.33723E-1 2.77626E-1 2.77626E-1 2.77626E-1 2.77626E-1 2.72892E-1 2.72892E-1 2.72892E-1 2.72892E-1 2.72892E-1 2.72892E-1 2.71607E-1 2.69976E-1 2.69976E-1 2.69976E-1 2.69976E-1 2.69976E-1 2.71607E-1 2.71607E-1 2.71607E-1 2.71607E-1 2.71607E-1 2.67567E-1 2.67567E-1 2.67567E-1 2.67567E-1 2.67567E-1 2.67567E-1 2.67567E-1 2.67567E-1 2.53265E-1 2.53265E-1 2.53265E-1 2.53265E-1 2.53265E-1 2.31968E-1 2.31968E-1 2.53802E-1 2.53802E-1 2.53802E-1 2.53802E-1 2.53802E-1 2.53802E-1 2.90736E-1 2.90736E-1 2.90736E-1 2.90736E-1 2.90736E-1 3.01973E-1 3.01973E-1 3.0943E-1 3.0943E-1 3.0943E-1 3.0943E-1 3.0943E-1 3.0943E-1 3.33861E-1 3.33861E-1 3.33861E-1 3.33861E-1 3.33861E-1 3.33861E-1 3.43928E-1
3.36068E-1 3.36068E-1 3.33723E-1 3.33723E-1 3.33723E-1 3.36068E-1 2.77626E-1 2.77626E-1 2.77626E-1 2.77626E-1 2.72892E-1 2.72892E-1 2.72892E-1 2.72892E-1 2.72892E-1 2.72892E-1 2.72892E-1 2.69976E-1 2.69976E-1 2.69976E-1 2.69976E-1 2.69976E-1 2.69976E-1 2.60656E-1 2.60656E-1 2.60656E-1 2.60656E-1 2.60656E-1 2.67567E-1 2.67567E-1 2.67567E-1 2.67567E-1 2.67567E-1 2.67567E-1 2.53265E-1 2.53265E-1 2.53265E-1 2.53265E-1 2.53265E-1 2.31968E-1 2.31968E-1 2.31968E-1 2.53802E-1 2.53802E-1 2.53802E-1 2.53802E-1 2.53802E-1 2.90736E-1 2.90736E-1 2.90736E-1 2.90736E-1 3.01973E-1 3.01973E-1 3.01973E-1 3.0943E-1 3.0943E-1 3.0943E-1 3.0943E-1 3.0943E-1 3.0943E-1 3.0943E-1 3.0943E-1 3.33861E-1 3.33861E-1 3.33861E-1 3.33861E-1 3.33861E-1 3.43928E-1
2.81975E-1 2.81975E-1 3.36068E-1 3.36068E-1 3.36068E-1 2.55964E-1 2.77626E-1 2.77626E-1 2.77626E-1 2.77626E-1 2.72892E-1 2.72892E-1 2.72892E-1 2.72892E-1 2.72892E-1 2.72892E-1 2.72892E-1 2.69976E-1 2.69976E-1 2.69976E-1 2.69976E-1 2.5669E-1 2.5669E-1 2.5669E-1 2.60656E-1 2.60656E-1 2.60656E-1 2.67567E-1 2.67567E-1 2.67567E-1 2.67567E-1 2.67567E-1 2.53265E-1 2.53265E-1 2.53265E-1 2.53265E-1 2.53265E-1 2.53265E-1 2.31968E-1 2.31968E-1 2.31968E-1 2.31968E-1 2.31968E-1 2.53802E-1 2.53802E-1 2.53802E-1 2.53802E-1 2.90736E-1 2.90736E-1 2.90736E-1 2.90736E-1 3.01973E-1 3.01973E-1 3.01973E-1 3.0943E-1 3.0943E-1 3.0943E-1 3.0943E-1 3.0943E-1 3.0943E-1 3.0943E-1 3.0943E-1 3.33861E-1 3.33861E-1 3.33861E-1 3.33861E-1 3.43928E-1 3.43928E-1
2.81975E-1 2.81975E-1 2.81975E-1 3.36068E-1 3.36068E-1 2.55964E-1 2.77626E-1 2.77626E-1 2.77626E-1 2.77626E-1 2.77626E-1 2.72892E-1 2.72892E-1 2.72892E-1 2.72892E-1 2.72892E-1 2.69976E-1 2.69976E-1 2.69976E-1 2.69976E-1 2.5669E-1 2.5669E-1 2.5669E-1 2.5669E-1 2.60656E-1 2.60656E-1 2.60656E-1 2.60656E-1 2.67567E-1 2.67567E-1 2.67567E-1 2.53265E-1 2.53265E-1 2.53265E-1 2.55742E-1 2.55742E-1 2.53265E-1 2.55742E-1 2.55742E-1 2.31968E-1 2.31968E-1 2.31968E-1 2.31968E-1 2.31968E-1 2.53802E-1 2.53802E-1 2.90736E-1 2.90736E-1 2.90736E-1 3.01973E-1 3.01973E-1 3.01973E-1 3.01973E-1 3.01973E-1 3.01973E-1 3.0943E-1 2.6235E-1 2.6235E-1 3.0943E-1 3.0943E-1 3.0943E-1 3.0943E-1 3.33861E-1 3.33861E-1 3.33861E-1 3.33861E-1 2.85111E-1 2.85111E-1
2.81975E-1 2.81975E-1 2.81975E-1 2.81975E-1 2.81975E-1 2.55964E-1 2.55964E-1 2.77626E-1 2.77626E-1 2.77626E-1 2.77626E-1 2.77626E-1 2.72892E-1 2.72892E-1 2.72892E-1 2.72892E-1 2.69976E-1 2.69976E-1 2.69976E-1 2.69976E-1 2.5669E-1 2.5669E-1 2.5669E-1 2.5669E-1 2.60656E-1 2.60656E-1 2.60656E-1 2.67567E-1 2.67567E-1 2.67567E-1 2.67567E-1 2.53265E-1 2.53265E-1 2.53265E-1 2.55742E-1 2.55742E-1 2.55742E-1 2.55742E-1 2.55742E-1 2.55742E-1 2.31968E-1 2.31968E-1 2.31968E-1 2.31968E-1 2.31968E-1 2.90736E-1 2.90736E-1 2.66153E-1 3.01973E-1 3.01973E-1 3.01973E-1 3.01973E-1 3.01973E-1 3.01973E-1 2.6235E-1 2.6235E-1 2.6235E-1 2.6235E-1 2.6235E-1 3.0943E-1 3.0943E-1 3.0943E-1 3.0943E-1 2.85111E-1 2.85111E-1 2.85111E-1 2.85111E-1 2.85111E-1
2.81975E-1 2.81975E-1 2.81975E-1 2.81975E-1 2.81975E-1 2.81975E-1 2.55964E-1 2.77626E-1 2.77626E-1 2.77626E-1 2.77626E-1 2.77626E-1 2.55964E-1 2.72892E-1 2.72892E-1 2.72892E-1 2.72892E-1 2.69976E-1 2.69976E-1 2.5669E-1 2.5669E-1 2.5669E-1 2.5669E-1 2.5669E-1 2.60656E-1 2.60656E-1 2.60656E-1 2.67567E-1 2.67567E-1 2.67567E-1 2.67567E-1 2.53265E-1 2.53265E-1 2.53265E-1 2.55742E-1 2.55742E-1 2.55742E-1 2.55742E-1 2.55742E-1 2.31968E-1 2.31968E-1 2.66022E-1 2.66022E-1 2.66022E-1 2.66153E-1 2.66153E-1 2.66153E-1 2.66153E-1 2.66153E-1 2.66153E-1 2.66153E-1 2.6235E-1 2.6235E-1 2.6235E-1 2.6235E-1 2.6235E-1 2.6235E-1 2.6235E-1 2.6235E-1 3.0943E-1 3.0943E-1 3.0943E-1 3.0943E-1 2.85111E-1 2.85111E-1 2.85111E-1 2.85111E-1 2.85111E-1
2.81975E-1 2.81975E-1 2.81975E-1 2.81975E-1 2.81975E-1 2.81975E-1 2.81975E-1 2.55964E-1 2.77626E-1 2.55964E-1 2.55964E-1 2.55964E-1 2.55964E-1 2.55964E-1 2.55964E-1 2.55964E-1 2.69976E-1 2.69976E-1 2.69976E-1 2.5669E-1 2.5669E-1 2.5669E-1 2.5669E-1 2.5669E-1 2.60656E-1 2.60656E-1 2.60656E-1 2.60656E-1 2.67567E-1 2.67567E-1 2.53265E-1 2.53265E-1 2.53265E-1 2.53265E-1 2.53265E-1 2.55742E-1 2.55742E-1 2.55742E-1 2.55742E-1 2.66022E-1 2.66022E-1 2.66022E-1 2.66022E-1 2.66022E-1 2.66022E-1 2.66153E-1 2.66153E-1 2.66153E-1 2.66153E-1 2.66153E-1 2.6235E-1 2.6235E-1 2.6235E-1 2.6235E-1 2.6235E-1 2.6235E-1 2.6235E-1 2.6235E-1 2.6235E-1 3.0943E-1 3.0943E-1 3.0943E-1 3.0943E-1 -9999 2.85111E-1 2.85111E-1 2.85111E-1 2.85111E-1
2.81975E-1 2.81975E-1 2.81975E-1 2.81975E-1 2.81975E-1 2.81975E-1 2.81975E-1 2.81975E-1 2.55964E-1 2.55964E-1 2.55964E-1 2.55964E-1 2.55964E-1 2.55964E-1 2.55964E-1 2.55964E-1 2.69976E-1 2.69976E-1 2.5669E-1 2.5669E-1 2.5669E-1 2.54315E-1 2.54315E-1 2.54315E-1 2.60656E-1 2.60656E-1 2.60656E-1 2.60656E-1 2.67567E-1 2.67567E-1 2.53265E-1 2.53265E-1 2.53265E-1 2.53265E-1 2.55742E-1 2.55742E-1 2.55742E-1 2.55742E-1 2.55742E-1 2.66022E-1 2.66022E-1 2.66022E-1 2.66022E-1 -9999 2.66153E-1 2.66153E-1 2.66153E-1 2.66153E-1 2.66153E-1 2.66153E-1 2.6235E-1 2.6235E-1 2.6235E-1 2.6235E-1 -9999 -9999 -9999 -9999 2.6235E-1 3.0943E-1 3.0943E-1 -9999 3.0943E-1 -9999 -9999 -9999 2.85111E-1 2.85111E-1
2.81975E-1 2.81975E-1 2.81975E-1 2.81975E-1 2.81975E-1 2.81975E-1 2.81975E-1 2.56218E-1 2.55964E-1 2.55964E-1 2.55964E-1 2.55964E-1 2.55964E-1 2.55964E-1 2.55964E-1 2.55964E-1 2.55964E-1 2.69976E-1 2.69976E-1 2.5669E-1 2.5669E-1 2.54315E-1 2.54315E-1 2.54315E-1 2.60656E-1 2.60656E-1 2.60656E-1 2.67567E-1 2.53265E-1 2.53265E-1 2.53265E-1 2.53265E-1 2.53265E-1 2.55742E-1 2.55742E-1 -9999 -9999 2.55742E-1 2.66022E-1 2.66022E-1 2.66022E-1 -9999 -9999 -9999 -9999 2.66153E-1 2.66153E-1 2.66153E-1 2.66153E-1 2.66153E-1 -9999 -9999 2.6235E-1 -9999 -9999 -9999 -9999 -9999 -9999 -9999 -9999 -9999 -9999 -9999 -9999 -9999 -9999 2.85111E-1
2.78558E-1 2.78558E-1 2.81975E-1 2.81975E-1 2.81975E-1 2.81975E-1 2.56218E-1 2.56218E-1 2.56218E-1 2.55964E-1 2.55964E-1 2.55964E-1 2.55964E-1 2.55964E-1 2.55964E-1 2.55964E-1 2.55964E-1 2.69976E-1 2.5669E-1 2.5669E-1 2.5669E-1 2.54315E-1 2.54315E-1 2.54315E-1 2.60656E-1 2.60656E-1 2.60656E-1 2.53265E-1 2.53265E-1 2.53265E-1 2.53265E-1 -9999 -9999 -9999 -9999 -9999 -9999 -9999 2.66022E-1 2.66022E-1 2.66022E-1 -9999 -9999 -9999 -9999 -9999 2.66153E-1 2.66153E-1 2.66153E-1 -9999 -9999 -9999 -9999 -9999 -9999 -9999 -9999 -9999 -9999 -9999 -9999 -9999 -9999 -9999 -9999 -9999 -9999 2.85111E-1
2.78558E-1 2.78558E-1 2.78558E-1 2.81975E-1 2.56218E-1 2.56218E-1 2.56218E-1 2.56218E-1 2.56218E-1 2.56218E-1 2.55964E-1 2.55964E-1 2.55964E-1 2.55964E-1 2.55964E-1 2.55964E-1 2.54315E-1 2.54315E-1 2.5669E-1 2.54315E-1 2.54315E-1 2.54315E-1 2.54315E-1 2.60656E-1 2.60656E-1 2.60656E-1 -9999 -9999 -9999 2.53265E-1 -9999 -9999 2.53265E-1 2.55742E-1 -9999 -9999 2.66022E-1 2.66022E-1 2.66022E-1 2.66022E-1 2.66022E-1 2.66022E-1 -9999 -9999 -9999 -9999 2.66153E-1 2.66153E-1 2.66153E-1 2.66153E-1 -9999 -9999 -9999 -9999 -9999 -9999 -9999 -9999 -9999 -9999 -9999 -9999 -9999 -9999 -9999 -9999 2.85111E-1 2.85111E-1
2.78558E-1 2.78558E-1 2.78558E-1 2.56218E-1 2.56218E-1 2.56218E-1 2.56218E-1 2.56218E-1 2.56218E-1 2.56218E-1 2.56218E-1 2.55964E-1 2.55964E-1 2.55964E-1 2.55964E-1 2.54315E-1 2.54315E-1 2.54315E-1 2.54315E-1 2.54315E-1 2.54315E-1 2.54315E-1 2.54315E-1 2.60656E-1 2.60656E-1 2.60656E-1 -9999 -9999 2.53265E-1 -9999 2.53265E-1 2.53265E-1 2.53265E-1 2.53265E-1 -9999 -9999 2.66022E-1 2.66022E-1 2.66022E-1 -9999 2.66022E-1 2.66022E-1 2.66022E-1 -9999 -9999 -9999 -9999 -9999 -9999 -9999 -9999 -9999 -9999 -9999 -9999 -9999 -9999 -9999 -9999 -9999 -9999 -9999 -9999 -9999 -9999 2.85111E-1 2.85111E-1 2.85111E-1
2.78558E-1 2.78558E-1 2.78558E-1 2.78558E-1 2.56218E-1 2.56218E-1 2.56218E-1 2.56218E-1 2.56218E-1 2.56218E-1 2.56218E-1 2.56218E-1 2.55964E-1 2.55964E-1 2.54315E-1 2.54315E-1 2.54315E-1 2.54315E-1 2.54315E-1 2.5669E-1 2.54315E-1 2.54315E-1 2.54315E-1 2.60656E-1 2.60656E-1 -9999 -9999 -9999 -9999 -9999 2.53265E-1 2.53265E-1 2.53265E-1 -9999 -9999 2.66022E-1 2.66022E-1 2.66022E-1 2.66022E-1 -9999 2.66022E-1 2.66022E-1 -9999 -9999 -9999 -9999 -9999 -9999 -9999 -9999 -9999 -9999 -9999 -9999 -9999 -9999 -9999 -9999 -9999 -9999 -9999 -9999 -9999 -9999 -9999 2.85111E-1 2.85111E-1 -9999
2.78558E-1 2.78558E-1 2.78558E-1 2.78558E-1 2.56218E-1 2.56218E-1 2.56218E-1 2.56218E-1 2.56218E-1 2.56218E-1 2.56218E-1 2.56218E-1 2.4143E-1 2.54315E-1 2.54315E-1 2.54315E-1 2.54315E-1 2.54315E-1 2.54315E-1 2.54315E-1 2.54315E-1 2.54315E-1 2.54315E-1 -9999 -9999 -9999 -9999 -9999 -9999 -9999 -9999 -9999 -9999 -9999 -9999 -9999 -9999 -9999 -9999 -9999 -9999 -9999 -9999 -9999 -9999 -9999 -9999 -9999 -9999 -9999 -9999 -9999 -9999 -9999 -9999 -9999 -9999 -9999 -9999 -9999 -9999 -9999 -9999 -9999 -9999 -9999 -9999 -9999
2.64873E-1 2.64873E-1 2.64873E-1 2.64873E-1 2.56218E-1 2.56218E-1 2.56218E-1 2.56218E-1 2.56218E-1 2.56218E-1 2.56218E-1 2.4143E-1 2.4143E-1 2.54315E-1 2.54315E-1 2.54315E-1 2.54315E-1 2.54315E-1 2.54315E-1 2.54315E-1 2.54315E-1 2.54315E-1 -9999 -9999 -9999 -9999 -9999 -9999 -9999 -9999 -9999 -9999 -9999 -9999 -9999 -9999 -9999 -9999 -9999 -9999 -9999 -9999 -9999 -9999 -9999 -9999 -9999 -9999 -9999 -9999 -9999 -9999 -9999 -9999 -9999 -9999 -9999 -9999 -9999 -9999 -9999 -9999 -9999 -9999 -9999 -9999 -9999 -9999
2.64873E-1 2.64873E-1 2.64873E-1 2.64873E-1 2.56218E-1 2.56218E-1 2.56218E-1 2.56218E-1 2.56218E-1 2.56218E-1 2.4143E-1 2.4143E-1 2.4143E-1 2.4143E-1 2.54315E-1 2.54315E-1 2.54315E-1 2.54315E-1 2.54315E-1 2.54315E-1 2.54315E-1 -9999 -9999 -9999 -9999 -9999 -9999 -9999 -9999 -9999 -9999 -9999 -9999 -9999 -9999 -9999 -9999 -9999 -9999 -9999 -9999 -9999 -9999 -9999 -9999 -9999 -9999 -9999 -9999 -9999 -9999 -9999 -9999 -9999 -9999 -9999 -9999 -9999 -9999 -9999 -9999 -9999 -9999 -9999 -9999 -9999 -9999 -9999
2.64873E-1 2.64873E-1 2.64873E-1 2.64873E-1 2.56218E-1 2.56218E-1 2.56218E-1 2.56218E-1 2.56218E-1 2.4143E-1 2.4143E-1 2.4143E-1 2.4143E-1 2.4143E-1 2.54315E-1 2.54315E-1 2.54315E-1 2.54315E-1 2.54315E-1 -9999 -9999 -9999 -9999 -9999 -9999 -9999 -9999 -9999 -9999 -9999 -9999 -9999 -9999 -9999 -9999 -9999 -9999 -9999 -9999 -9999 -9999 -9999 -9999 -9999 -9999 -9999 -9999 -9999 -9999 -9999 -9999 -9999 -9999 -9999 -9999 -9999 -9999 -9999 -9999 -9999 -9999 -9999 -9999 -9999 -9999 -9999 -9999 -9999
2.25556E-1 2.64873E-1 2.64873E-1 2.56218E-1 2.56218E-1 2.56218E-1 2.56218E-1 2.4143E-1 2.4143E-1 2.4143E-1 2.4143E-1 2.4143E-1 2.4143E-1 2.4143E-1 2.4143E-1 2.54315E-1 -9999 -9999 -9999 -9999 -9999 -9999 -9999 -9999 -9999 -9999 -9999 -9999 -9999 -9999 -9999 -9999 -9999 -9999 -9999 -9999 -9999 -9999 -9999 -9999 -9999 -9999 -9999 -9999 -9999 -9999 -9999 -9999 -9999 -9999 -9999 -9999 -9999 -9999 -9999 -9999 -9999 -9999 -9999 -9999 -9999 -9999 -9999 -9999 -9999 -9999 -9999 -9999
2.27712E-1 2.27712E-1 2.27712E-1 2.56218E-1 2.56218E-1 2.56218E-1 2.4143E-1 2.4143E-1 2.4143E-1 2.4143E-1 2.4143E-1 2.4143E-1 2.4143E-1 2.4143E-1 2.4143E-1 -9999 -9999 -9999 -9999 -9999 -9999 -9999 -9999 -9999 -9999 -9999 -9999 -9999 -9999 -9999 -9999 -9999 -9999 -9999 -9999 -9999 -9999 -9999 -9999 -9999 -9999 -9999 -9999 -9999 -9999 -9999 -9999 -9999 -9999 -9999 -9999 -9999 -9999 -9999 -9999 -9999 -9999 -9999 -9999 -9999 -9999 -9999 -9999 -9999 -9999 -9999 -9999 -9999
2.27712E-1 2.27712E-1 2.27712E-1 2.27712E-1 2.56218E-1 2.4143E-1 2.4143E-1 2.4143E-1 2.4143E-1 2.4143E-1 2.4143E-1 2.4143E-1 2.4143E-1 -9999 -9999 -9999 -9999 -9999 -9999 -9999 -9999 -9999 -9999 -9999 -9999 -9999 -9999 -9999 -9999 -9999 -9999 -9999 -9999 -9999 -9999 -9999 -9999 -9999 -9999 -9999 -9999 -9999 -9999 -9999 -9999 -9999 -9999 -9999 -9999 -9999 -9999 -9999 -9999 -9999 -9999 -9999 -9999 -9999 -9999 -9999 -9999 -9999 -9999 -9999 -9999 -9999 -9999 -9999
2.27712E-1 2.27712E-1 2.57214E-1 2.57214E-1 2.57214E-1 2.4143E-1 2.4143E-1 2.4143E-1 2.4143E-1 2.4143E-1 2.4143E-1 -9999 -9999 -9999 -9999 -9999 -9999 -9999 -9999 -9999 -9999 -9999 -9999 -9999 -9999 -9999 -9999 -9999 -9999 -9999 -9999 -9999 -9999 -9999 -9999 -9999 -9999 -9999 -9999 -9999 -9999 -9999 -9999 -9999 -9999 -9999 -9999 -9999 -9999 -9999 -9999 -9999 -9999 -9999 -9999 -9999 -9999 -9999 -9999 -9999 -9999 -9999 -9999 -9999 -9999 -9999 -9999 -9999
2.27712E-1 2.57214E-1 2.57214E-1 2.57214E-1 2.52397E-1 2.4143E-1 2.4143E-1 2.4143E-1 2.4143E-1 2.4143E-1 -9999 -9999 -9999 -9999 -9999 -9999 -9999 -9999 -9999 -9999 -9999 -9999 -9999 -9999 -9999 -9999 -9999 -9999 -9999 -9999 -9999 -9999 -9999 -9999 -9999 -9999 -9999 -9999 -9999 -9999 -9999 -9999 -9999 -9999 -9999 -9999 -9999 -9999 -9999 -9999 -9999 -9999 -9999 -9999 -9999 -9999 -9999 -9999 -9999 -9999 -9999 -9999 -9999 -9999 -9999 -9999 -9999 -9999
2.27712E-1 2.57214E-1 2.57214E-1 2.57214E-1 2.52397E-1 2.52397E-1 2.4143E-1 2.4143E-1 2.4143E-1 -9999 -9999 -9999 -9999 -9999 -9999 -9999 -9999 -9999 -9999 -9999 -9999 -9999 -9999 -9999 -9999 -9999 -9999 -9999 -9999 -9999 -9999 -9999 -9999 -9999 -9999 -9999 -9999 -9999 -9999 -9999 -9999 -9999 -9999 -9999 -9999 -9999 -9999 -9999 -9999 -9999 -9999 -9999 -9999 -9999 -9999 -9999 -9999 -9999 -9999 -9999 -9999 -9999 -9999 -9999 -9999 -9999 -9999 -9999
2.27712E-1 2.57214E-1 2.52397E-1 2.52397E-1 2.52397E-1 2.52397E-1 2.52397E-1 2.4143E-1 2.4143E-1 -9999 -9999 -9999 -9999 -9999 -9999 -9999 -9999 -9999 -9999 -9999 -9999 -9999 -9999 -9999 -9999 -9999 -9999 -9999 -9999 -9999 -9999 -9999 -9999 -9999 -9999 -9999 -9999 -9999 -9999 -9999 -9999 -9999 -9999 -9999 -9999 -9999 -9999 -9999 -9999 -9999 -9999 -9999 -9999 -9999 -9999 -9999 -9999 -9999 -9999 -9999 -9999 -9999 -9999 -9999 -9999 -9999 -9999 -9999
2.52397E-1 2.52397E-1 2.52397E-1 2.52397E-1 2.52397E-1 2.52397E-1 2.52397E-1 2.1538E-1 2.4143E-1 -9999 -9999 -9999 -9999 -9999 -9999 -9999 -9999 -9999 -9999 -9999 -9999 -9999 -9999 -9999 -9999 -9999 -9999 -9999 -9999 -9999 -9999 -9999 -9999 -9999 -9999 -9999 -9999 -9999 -9999 -9999 -9999 -9999 -9999 -9999 -9999 -9999 -9999 -9999 -9999 -9999 -9999 -9999 -9999 -9999 -9999 -9999 -9999 -9999 -9999 -9999 -9999 -9999 -9999 -9999 -9999 -9999 -9999 -9999
2.52397E-1 2.52397E-1 2.52397E-1 2.52397E-1 2.52397E-1 2.52397E-1 2.52397E-1 2.1538E-1 -9999 -9999 -9999 -9999 -9999 -9999 -9999 -9999 -9999 -9999 -9999 -9999 -9999 -9999 -9999 -9999 -9999 -9999 -9999 -9999 -9999 -9999 -9999 -9999 -9999 -9999 -9999 -9999 -9999 -9999 -9999 -9999 -9999 -9999 -9999 -9999 -9999 -9999 -9999 -9999 -9999 -9999 -9999 -9999 -9999 -9999 -9999 -9999 -9999 -9999 -9999 -9999 -9999 -9999 -9999 -9999 -9999 -9999 -9999 -9999
2.52397E-1 2.52397E-1 2.52397E-1 2.52397E-1 2.52397E-1 2.52397E-1 2.52397E-1 2.1538E-1 2.1538E-1 -9999 -9999 -9999 -9999 -9999 -9999 -9999 -9999 -9999 -9999 -9999 -9999 -9999 -9999 -9999 -9999 2.75743E-1 2.75743E-1 -9999 -9999 -9999 -9999 -9999 -9999 -9999 -9999 -9999 -9999 -9999 -9999 -9999 -9999 -9999 -9999 -9999 -9999 -9999 -9999 -9999 -9999 -9999 -9999 -9999 -9999 -9999 -9999 -9999 -9999 -9999 -9999 -9999 -9999 -9999 -9999 -9999 -9999 -9999 -9999 -9999
2.52397E-1 2.52397E-1 2.52397E-1 2.52397E-1 2.52397E-1 2.52397E-1 2.1538E-1 2.1538E-1 2.1538E-1 2.1538E-1 -9999 -9999 -9999 -9999 -9999 -9999 -9999 -9999 -9999 -9999 -9999 -9999 -9999 -9999 -9999 2.75743E-1 2.75743E-1 2.75743E-1 2.75743E-1 2.75743E-1 -9999 -9999 -9999 -9999 -9999 2.75743E-1 2.75743E-1 2.75743E-1 2.75743E-1 -9999 -9999 -9999 -9999 -9999 -9999 -9999 -9999 -9999 -9999 -9999 -9999 -9999 -9999 -9999 -9999 -9999 -9999 -9999 -9999 -9999 -9999 -9999 -9999 -9999 -9999 -9999 -9999 -9999
