outputlogistic/cholera.asc
ncols         343
nrows         248
xllcorner     -74.4803996469999
yllcorner     18.0221399550001
cellsize      0.00833308698833808
NODATA_value  -9999
[rows 60 to 89 of 248, columns 272 to 339 of 343]
4.56949E-1 4.56949E-1 4.56949E-1 4.56949E-1 4.56949E-1 4.56949E-1 3.51219E-1 3.51219E-1 3.51219E-1 3.51219E-1 3.51219E-1 4.66316E-1 4.66316E-1 4.66316E-1 4.66316E-1 4.66316E-1 4.66316E-1 3.71123E-1 3.71123E-1 5.02485E-1 5.02485E-1 5.02485E-1 5.02485E-1 5.02485E-1 5.02485E-1 5.02485E-1 4.8238E-1 4.8238E-1 4.8238E-1 4.84992E-1 4.84992E-1 4.84992E-1 4.84992E-1 4.84992E-1 4.84992E-1 4.84992E-1 4.84992E-1 4.84992E-1 4.78087E-1 4.78087E-1 4.78087E-1 4.78087E-1 4.78087E-1 4.78087E-1 4.77401E-1 4.77401E-1 4.77401E-1 4.71978E-1 4.71978E-1 4.71978E-1 4.84013E-1 4.84013E-1 4.71978E-1 4.71978E-1 4.71978E-1 4.71978E-1 -9999 -9999 -9999 -9999 -9999 -9999 -9999 -9999 -9999 -9999 -9999 -9999
4.56949E-1 3.64441E-1 3.64441E-1 3.64441E-1 3.64441E-1 3.64441E-1 3.51219E-1 3.51219E-1 3.51219E-1 3.51219E-1 3.51219E-1 4.69564E-1 4.69564E-1 4.69564E-1 4.69564E-1 3.71123E-1 3.71123E-1 3.71123E-1 3.71123E-1 3.71123E-1 5.02485E-1 5.02485E-1 5.02485E-1 5.02485E-1 5.02485E-1 4.8238E-1 4.8238E-1 4.8238E-1 4.8238E-1 4.8238E-1 4.84992E-1 4.84992E-1 4.84992E-1 4.84992E-1 4.84992E-1 4.84992E-1 4.84992E-1 4.84992E-1 4.78087E-1 4.78087E-1 4.78087E-1 4.78087E-1 4.77401E-1 4.77401E-1 4.77401E-1 4.77401E-1 4.77401E-1 4.77401E-1 4.71978E-1 4.71978E-1 4.71978E-1 4.71978E-1 4.71978E-1 4.71978E-1 4.71978E-1 4.71978E-1 4.71978E-1 -9999 -9999 -9999 -9999 -9999 -9999 -9999 -9999 -9999 -9999 -9999
3.64441E-1 3.64441E-1 3.64441E-1 3.64441E-1 3.64441E-1 3.67336E-1 3.51219E-1 3.51219E-1 3.51219E-1 3.51219E-1 3.51219E-1 3.51219E-1 4.69564E-1 4.69564E-1 4.69564E-1 3.71123E-1 3.71123E-1 3.71123E-1 3.71123E-1 3.71123E-1 5.02485E-1 5.02485E-1 5.02485E-1 5.02485E-1 5.02485E-1 4.8238E-1 4.8238E-1 4.8238E-1 4.8238E-1 4.8238E-1 4.8238E-1 4.84992E-1 4.84992E-1 4.84992E-1 4.84992E-1 4.84992E-1 4.84992E-1 4.84992E-1 4.84992E-1 4.78087E-1 4.78087E-1 4.77401E-1 4.77401E-1 4.77401E-1 4.77401E-1 4.77401E-1 4.77401E-1 4.77401E-1 4.77401E-1 4.71978E-1 4.71978E-1 4.71978E-1 4.71978E-1 4.71978E-1 4.71978E-1 4.71978E-1 4.71978E-1 4.71978E-1 4.71978E-1 -9999 -9999 -9999 -9999 -9999 -9999 -9999 -9999 -9999
3.64441E-1 3.64441E-1 3.64441E-1 3.64441E-1 3.64441E-1 3.67336E-1 3.51219E-1 3.51219E-1 3.51219E-1 3.51219E-1 3.51219E-1 3.51219E-1 4.69564E-1 4.69564E-1 4.69564E-1 4.69564E-1 3.71123E-1 3.71123E-1 4.72247E-1 4.72247E-1 5.02485E-1 5.02485E-1 5.02485E-1 5.02485E-1 4.8238E-1 4.8238E-1 4.8238E-1 4.8238E-1 4.8238E-1 4.8238E-1 4.8238E-1 4.8238E-1 4.84992E-1 4.84992E-1 4.84992E-1 4.84992E-1 4.84992E-1 4.84992E-1 4.84992E-1 4.84992E-1 4.78087E-1 4.77401E-1 4.77401E-1 4.77401E-1 4.77401E-1 4.77401E-1 4.77401E-1 4.77401E-1 4.77401E-1 4.71978E-1 4.71978E-1 4.71978E-1 4.71978E-1 4.71978E-1 4.71978E-1 4.71978E-1 4.71978E-1 4.71978E-1 4.71978E-1 -9999 -9999 -9999 -9999 -9999 -9999 -9999 -9999 -9999
3.64441E-1 3.64441E-1 3.64441E-1 3.64441E-1 3.67336E-1 3.67336E-1 3.67336E-1 3.50989E-1 3.51219E-1 3.7133E-1 3.7133E-1 3.7133E-1 3.7133E-1 4.69564E-1 4.69564E-1 4.69564E-1 4.72247E-1 4.72247E-1 4.72247E-1 4.72247E-1 5.02485E-1 5.02485E-1 5.02485E-1 5.02485E-1 5.02485E-1 4.8238E-1 4.8238E-1 4.8238E-1 4.8238E-1 4.8238E-1 4.8238E-1 4.8238E-1 4.8238E-1 4.84992E-1 4.84992E-1 4.84992E-1 4.84992E-1 4.84992E-1 4.84992E-1 4.84992E-1 4.72929E-1 4.72929E-1 4.77401E-1 4.77401E-1 4.77401E-1 4.77401E-1 4.77401E-1 4.71978E-1 4.71978E-1 4.71978E-1 4.71978E-1 4.71978E-1 4.71978E-1 4.71978E-1 4.71978E-1 4.71978E-1 4.71978E-1 4.71978E-1 4.71978E-1 4.71978E-1 -9999 -9999 -9999 -9999 -9999 -9999 -9999 -9999
3.64441E-1 3.67336E-1 3.67336E-1 3.67336E-1 3.67336E-1 3.67336E-1 3.67336E-1 3.50989E-1 3.50989E-1 3.7133E-1 3.7133E-1 3.7133E-1 3.7133E-1 3.7133E-1 4.69564E-1 4.69564E-1 4.72247E-1 4.72247E-1 4.72247E-1 4.72247E-1 4.72247E-1 5.02485E-1 5.02485E-1 5.02485E-1 5.02485E-1 4.8238E-1 4.8238E-1 4.8238E-1 4.8238E-1 4.8238E-1 4.8238E-1 4.85785E-1 4.85785E-1 4.85785E-1 4.84992E-1 4.84992E-1 4.84992E-1 4.84992E-1 4.72929E-1 4.72929E-1 4.72929E-1 4.72929E-1 4.77401E-1 4.72929E-1 4.77401E-1 4.72929E-1 4.72929E-1 4.71978E-1 4.71978E-1 4.71978E-1 4.71978E-1 4.71978E-1 4.71978E-1 4.71978E-1 4.71978E-1 4.71978E-1 4.71978E-1 4.71978E-1 4.71978E-1 4.71978E-1 -9999 -9999 -9999 -9999 -9999 -9999 -9999 -9999
3.67336E-1 3.67336E-1 3.67336E-1 3.67336E-1 3.67336E-1 3.67336E-1 3.50989E-1 3.50989E-1 3.50989E-1 3.7133E-1 3.7133E-1 3.7133E-1 3.7133E-1 3.7133E-1 4.72247E-1 4.72247E-1 4.72247E-1 4.72247E-1 4.72247E-1 4.72247E-1 3.74329E-1 3.74329E-1 5.02485E-1 4.8238E-1 4.8238E-1 4.8238E-1 4.8238E-1 4.8238E-1 4.85785E-1 4.85785E-1 4.85785E-1 4.85785E-1 4.85785E-1 4.85785E-1 4.85785E-1 4.85785E-1 4.84992E-1 4.84992E-1 4.72929E-1 4.72929E-1 4.72929E-1 4.72929E-1 4.72929E-1 4.72929E-1 4.72929E-1 4.72929E-1 4.72929E-1 4.77598E-1 4.77598E-1 4.77598E-1 4.71978E-1 4.71978E-1 4.71978E-1 4.71978E-1 4.71978E-1 4.71978E-1 4.71978E-1 4.71978E-1 4.02863E-1 4.81289E-1 -9999 -9999 -9999 -9999 -9999 -9999 -9999 -9999
3.67336E-1 3.67336E-1 3.67336E-1 3.67336E-1 3.67336E-1 3.50989E-1 3.50989E-1 3.50989E-1 3.50989E-1 3.7133E-1 3.7133E-1 3.7133E-1 3.7133E-1 4.72247E-1 4.72247E-1 4.72247E-1 4.72247E-1 4.72247E-1 4.72247E-1 3.74329E-1 3.74329E-1 3.74329E-1 3.74329E-1 4.8238E-1 4.8238E-1 4.8238E-1 4.8238E-1 4.8238E-1 4.8238E-1 4.8238E-1 4.85785E-1 4.85785E-1 4.85785E-1 4.85785E-1 4.85785E-1 4.85785E-1 4.85785E-1 4.85785E-1 4.72929E-1 4.72929E-1 4.72929E-1 4.72929E-1 4.72929E-1 4.72929E-1 4.72929E-1 4.72929E-1 4.77598E-1 4.77598E-1 4.77598E-1 4.77598E-1 4.77598E-1 4.77598E-1 4.90331E-1 4.90331E-1 4.90331E-1 4.71978E-1 4.71978E-1 4.02863E-1 4.02863E-1 4.02863E-1 4.81289E-1 -9999 -9999 -9999 -9999 -9999 -9999 -9999
3.67336E-1 3.67336E-1 3.67336E-1 3.67336E-1 3.67336E-1 3.50989E-1 3.50989E-1 3.50989E-1 3.50989E-1 3.7133E-1 3.7133E-1 3.7133E-1 3.7133E-1 3.7133E-1 4.72247E-1 4.72247E-1 4.72247E-1 3.74329E-1 3.74329E-1 3.74329E-1 3.74329E-1 3.74329E-1 3.74329E-1 3.74329E-1 3.89972E-1 3.89972E-1 3.89972E-1 4.8238E-1 4.8238E-1 4.8238E-1 4.85785E-1 4.85785E-1 4.85785E-1 4.85785E-1 4.88523E-1 4.88523E-1 4.85785E-1 4.85785E-1 4.85785E-1 4.72929E-1 4.72929E-1 4.72929E-1 4.72929E-1 4.72929E-1 4.72929E-1 4.77598E-1 4.77598E-1 4.77598E-1 4.77598E-1 4.77598E-1 4.77598E-1 4.90331E-1 4.90331E-1 4.90331E-1 4.90331E-1 4.02863E-1 4.02863E-1 4.02863E-1 4.02863E-1 4.02863E-1 4.02863E-1 4.81289E-1 -9999 -9999 -9999 -9999 -9999 -9999
3.82336E-1 3.67336E-1 3.67336E-1 3.67336E-1 3.67336E-1 3.50989E-1 3.50989E-1 3.50989E-1 3.50989E-1 3.7133E-1 3.7133E-1 3.7133E-1 3.7133E-1 3.77461E-1 3.74329E-1 3.74329E-1 3.74329E-1 3.74329E-1 3.74329E-1 3.74329E-1 3.74329E-1 3.74329E-1 3.74329E-1 3.74329E-1 3.89972E-1 3.89972E-1 3.89972E-1 3.89972E-1 3.89972E-1 4.85785E-1 4.85785E-1 4.85785E-1 4.85785E-1 4.88523E-1 4.88523E-1 4.88523E-1 4.88523E-1 4.88523E-1 4.72929E-1 4.72929E-1 4.72929E-1 4.72929E-1 4.72929E-1 4.72929E-1 4.72929E-1 4.77598E-1 4.77598E-1 4.77598E-1 4.77598E-1 4.77598E-1 4.90331E-1 4.90331E-1 4.90331E-1 4.90331E-1 4.90331E-1 4.02863E-1 4.02863E-1 4.02863E-1 4.02863E-1 4.02863E-1 4.02863E-1 4.81289E-1 4.81289E-1 -9999 -9999 -9999 -9999 -9999
3.82336E-1 3.82336E-1 3.67336E-1 3.67336E-1 3.50989E-1 3.50989E-1 3.38696E-1 3.38696E-1 3.38696E-1 3.77461E-1 3.77461E-1 3.77461E-1 3.77461E-1 3.77461E-1 3.77461E-1 3.74329E-1 3.74329E-1 3.74329E-1 3.74329E-1 3.74329E-1 3.74329E-1 3.74329E-1 3.74329E-1 3.74329E-1 3.89972E-1 3.89972E-1 3.89972E-1 3.89972E-1 3.89972E-1 3.89972E-1 4.88523E-1 4.88523E-1 4.88523E-1 4.88523E-1 4.88523E-1 4.88523E-1 4.88523E-1 4.88523E-1 4.72929E-1 4.72929E-1 4.72929E-1 4.72929E-1 4.72929E-1 4.72929E-1 4.72929E-1 4.77598E-1 4.77598E-1 4.77598E-1 4.77598E-1 4.77598E-1 4.90331E-1 4.90331E-1 4.90331E-1 4.90331E-1 4.90331E-1 4.02863E-1 4.02863E-1 4.02863E-1 4.02863E-1 4.02863E-1 4.02863E-1 4.81289E-1 4.81289E-1 -9999 -9999 -9999 -9999 -9999
3.82336E-1 3.82336E-1 3.82336E-1 3.82336E-1 3.38696E-1 3.38696E-1 3.38696E-1 3.38696E-1 3.38696E-1 3.38696E-1 3.77461E-1 3.77461E-1 3.77461E-1 3.77461E-1 3.77461E-1 3.74329E-1 3.74329E-1 3.74329E-1 3.74329E-1 3.74329E-1 3.74329E-1 3.87435E-1 3.87435E-1 3.89972E-1 3.89972E-1 3.89972E-1 3.89972E-1 3.89972E-1 3.89972E-1 3.89972E-1 3.89972E-1 4.01842E-1 4.88523E-1 4.88523E-1 4.88523E-1 4.00814E-1 4.00814E-1 4.00814E-1 4.00814E-1 4.00814E-1 4.72929E-1 4.72929E-1 4.72929E-1 4.72929E-1 4.72929E-1 4.77598E-1 4.77598E-1 4.77598E-1 4.77598E-1 4.77598E-1 4.90331E-1 4.90331E-1 4.90331E-1 4.90331E-1 4.90331E-1 4.02863E-1 4.02863E-1 4.02863E-1 4.02863E-1 4.02863E-1 4.02863E-1 4.81289E-1 4.81289E-1 -9999 -9999 -9999 -9999 -9999
2.91912E-1 3.82336E-1 3.82336E-1 3.82336E-1 3.82336E-1 3.38696E-1 3.38696E-1 3.38696E-1 3.38696E-1 3.8737E-1 3.8737E-1 3.77461E-1 3.77461E-1 3.77461E-1 3.77461E-1 3.77461E-1 3.77461E-1 3.74329E-1 3.74329E-1 3.87435E-1 3.87435E-1 3.87435E-1 3.87435E-1 3.89972E-1 3.89972E-1 3.89972E-1 3.89972E-1 3.89972E-1 3.89972E-1 3.89972E-1 3.89972E-1 4.01842E-1 4.01842E-1 4.88523E-1 4.00814E-1 4.00814E-1 4.00814E-1 4.00814E-1 4.00814E-1 4.72929E-1 4.72929E-1 4.72929E-1 4.72929E-1 4.72929E-1 4.72929E-1 4.77598E-1 4.77598E-1 4.77598E-1 4.77598E-1 4.90331E-1 4.90331E-1 4.90331E-1 4.90331E-1 4.90331E-1 4.90331E-1 4.02863E-1 4.02863E-1 4.02863E-1 4.02863E-1 4.02863E-1 4.81289E-1 4.81289E-1 4.81289E-1 -9999 -9999 -9999 -9999 -9999
2.91912E-1 3.82336E-1 3.82336E-1 3.82336E-1 3.82336E-1 3.82336E-1 3.38696E-1 3.38696E-1 3.8737E-1 3.8737E-1 3.8737E-1 3.8737E-1 3.77461E-1 3.77461E-1 3.77461E-1 3.77461E-1 3.77461E-1 3.77461E-1 3.87435E-1 3.87435E-1 3.87435E-1 3.87435E-1 3.87435E-1 3.89972E-1 3.89972E-1 3.89972E-1 3.89972E-1 3.89972E-1 3.89972E-1 3.89972E-1 3.89972E-1 4.01842E-1 4.01842E-1 4.00814E-1 4.00814E-1 4.00814E-1 4.00814E-1 4.00814E-1 4.00814E-1 4.00814E-1 4.72929E-1 4.72929E-1 4.72929E-1 4.72929E-1 4.72929E-1 4.72929E-1 4.77598E-1 4.77598E-1 4.77598E-1 4.77598E-1 4.90331E-1 4.90331E-1 4.90331E-1 4.90331E-1 4.02863E-1 4.02863E-1 4.02863E-1 4.02863E-1 4.02863E-1 4.02863E-1 4.81289E-1 4.81289E-1 -9999 -9999 -9999 -9999 -9999 -9999
2.91912E-1 2.91912E-1 3.82336E-1 3.82336E-1 3.82336E-1 3.82336E-1 3.38696E-1 3.8737E-1 3.8737E-1 3.8737E-1 3.8737E-1 3.8737E-1 3.77461E-1 3.77461E-1 3.77461E-1 3.77461E-1 3.77461E-1 3.77461E-1 3.87435E-1 3.87435E-1 3.87435E-1 3.87435E-1 3.87435E-1 3.87435E-1 3.89972E-1 3.89972E-1 3.89972E-1 3.89972E-1 3.89972E-1 3.89972E-1 3.89972E-1 4.01842E-1 4.01842E-1 4.01842E-1 4.01842E-1 4.00814E-1 4.00814E-1 4.00814E-1 4.00814E-1 4.72929E-1 4.72929E-1 4.72929E-1 4.72929E-1 4.72929E-1 4.72929E-1 4.72929E-1 4.77598E-1 4.77598E-1 4.77598E-1 4.90331E-1 4.90331E-1 4.90331E-1 4.90331E-1 4.02863E-1 4.02863E-1 4.02863E-1 4.02863E-1 4.02863E-1 4.02863E-1 4.02863E-1 4.81289E-1 4.81289E-1 4.81289E-1 -9999 -9999 -9999 -9999 -9999
2.91912E-1 3.82336E-1 3.82336E-1 3.82336E-1 3.82336E-1 3.82336E-1 3.82336E-1 3.8737E-1 3.8737E-1 3.8737E-1 3.8737E-1 3.8737E-1 3.8737E-1 3.77461E-1 3.77461E-1 3.77461E-1 3.77461E-1 3.87435E-1 3.87435E-1 3.87435E-1 3.87435E-1 3.87435E-1 3.87435E-1 3.87435E-1 3.87435E-1 3.89972E-1 3.89972E-1 3.89972E-1 3.89972E-1 3.89972E-1 3.89972E-1 4.01842E-1 4.01842E-1 4.01842E-1 4.01842E-1 4.01842E-1 4.00814E-1 4.00814E-1 4.01842E-1 4.72929E-1 4.72929E-1 4.72929E-1 4.72929E-1 4.72929E-1 4.72929E-1 4.77598E-1 4.77598E-1 4.77598E-1 4.77598E-1 4.90331E-1 4.90331E-1 4.90331E-1 4.90331E-1 4.02863E-1 4.02863E-1 4.02863E-1 4.02863E-1 4.02863E-1 4.02863E-1 4.16003E-1 4.81289E-1 4.81289E-1 4.81289E-1 -9999 -9999 -9999 -9999 -9999
2.91912E-1 3.63159E-1 3.82336E-1 3.82336E-1 3.82336E-1 3.82336E-1 3.82336E-1 3.8737E-1 3.8737E-1 3.8737E-1 3.8737E-1 3.8737E-1 3.8737E-1 3.8737E-1 3.77461E-1 3.87435E-1 3.87435E-1 3.87435E-1 3.87435E-1 3.87435E-1 3.87435E-1 3.87435E-1 3.87435E-1 3.87435E-1 3.87435E-1 3.89972E-1 3.89972E-1 3.89972E-1 3.89972E-1 3.89972E-1 3.89972E-1 4.01842E-1 4.01842E-1 4.01842E-1 4.01842E-1 4.01842E-1 4.01842E-1 4.01842E-1 4.01842E-1 4.01842E-1 4.72929E-1 4.72929E-1 4.72929E-1 4.72929E-1 4.77598E-1 4.77598E-1 4.77598E-1 4.77598E-1 4.77598E-1 4.10442E-1 4.10442E-1 4.10442E-1 4.02863E-1 4.02863E-1 4.02863E-1 4.02863E-1 4.02863E-1 4.02863E-1 4.02863E-1 4.81289E-1 4.81289E-1 4.81289E-1 4.81289E-1 4.81289E-1 -9999 -9999 -9999 -9999
2.91912E-1 3.63159E-1 3.38667E-1 3.38667E-1 3.82336E-1 3.82336E-1 3.82336E-1 3.82336E-1 3.8737E-1 3.8737E-1 3.8737E-1 3.8737E-1 3.8737E-1 3.71597E-1 3.71597E-1 3.87435E-1 3.87435E-1 3.71597E-1 3.71597E-1 3.87435E-1 3.87435E-1 3.87435E-1 3.87435E-1 3.87435E-1 3.87901E-1 3.87901E-1 3.87901E-1 3.87901E-1 3.87901E-1 3.87901E-1 3.89972E-1 4.01842E-1 4.01842E-1 4.01842E-1 4.01842E-1 4.01842E-1 4.01842E-1 4.01842E-1 4.01842E-1 4.01842E-1 4.01842E-1 4.72929E-1 4.72929E-1 4.72929E-1 4.72929E-1 4.77598E-1 4.77598E-1 4.77598E-1 4.77598E-1 4.10442E-1 4.10442E-1 4.10442E-1 4.10442E-1 4.10442E-1 4.10442E-1 4.02863E-1 4.02863E-1 4.02863E-1 4.16003E-1 4.81289E-1 4.81289E-1 4.81289E-1 4.81289E-1 4.81289E-1 -9999 -9999 -9999 -9999
2.91912E-1 3.63159E-1 3.63159E-1 3.38667E-1 3.38667E-1 3.82336E-1 3.82336E-1 3.82336E-1 3.8737E-1 3.8737E-1 3.8737E-1 3.8737E-1 3.8737E-1 3.74478E-1 3.71597E-1 3.71597E-1 3.71597E-1 3.71597E-1 3.71597E-1 3.71597E-1 3.87435E-1 3.87435E-1 3.87901E-1 3.87901E-1 3.87901E-1 3.87901E-1 3.87901E-1 3.87901E-1 3.87901E-1 3.87901E-1 4.01842E-1 4.01842E-1 4.01842E-1 4.01842E-1 4.01842E-1 4.01842E-1 4.01842E-1 4.01842E-1 4.01842E-1 4.01842E-1 4.04655E-1 4.72929E-1 4.72929E-1 4.72929E-1 4.10594E-1 4.10594E-1 4.10594E-1 4.10594E-1 4.10594E-1 4.10594E-1 4.10442E-1 4.10442E-1 4.10442E-1 4.10442E-1 4.10442E-1 4.10442E-1 4.16003E-1 4.16003E-1 4.16003E-1 4.81289E-1 4.81289E-1 4.81289E-1 4.81289E-1 4.81289E-1 -9999 -9999 -9999 -9999
3.63159E-1 3.63159E-1 3.63159E-1 3.38667E-1 3.38667E-1 3.38667E-1 3.82336E-1 3.82336E-1 3.82336E-1 3.8737E-1 3.8737E-1 3.8737E-1 3.8737E-1 3.74478E-1 3.74478E-1 3.71597E-1 3.71597E-1 3.71597E-1 3.71597E-1 3.71597E-1 3.71597E-1 3.87901E-1 3.87901E-1 3.87901E-1 3.87901E-1 3.87901E-1 3.87901E-1 3.87901E-1 3.87901E-1 3.87901E-1 3.87901E-1 4.01842E-1 4.01842E-1 4.01842E-1 4.01842E-1 4.01842E-1 4.01842E-1 4.01842E-1 4.01842E-1 4.01842E-1 4.04655E-1 4.04655E-1 4.04655E-1 4.72929E-1 4.10594E-1 4.10594E-1 4.10594E-1 4.10594E-1 4.10594E-1 4.10594E-1 4.10594E-1 4.10442E-1 4.10442E-1 4.10442E-1 4.10442E-1 4.10442E-1 4.16003E-1 4.16003E-1 4.16003E-1 4.81289E-1 4.81289E-1 4.81289E-1 4.81289E-1 -9999 -9999 -9999 -9999 -9999
3.63159E-1 3.63159E-1 3.63159E-1 3.38667E-1 3.38667E-1 3.38667E-1 3.38667E-1 3.38667E-1 3.82336E-1 3.82336E-1 3.8737E-1 3.8737E-1 3.8737E-1 3.74478E-1 3.74478E-1 3.74478E-1 3.71597E-1 3.71597E-1 3.71597E-1 3.71597E-1 3.71597E-1 3.71597E-1 3.87901E-1 3.87901E-1 3.87901E-1 3.87901E-1 3.87901E-1 3.87901E-1 3.87901E-1 3.87901E-1 3.87901E-1 4.01842E-1 4.01842E-1 4.01842E-1 4.01842E-1 4.01842E-1 4.01842E-1 4.01842E-1 4.01842E-1 4.01842E-1 4.04655E-1 4.04655E-1 4.04655E-1 4.10594E-1 4.10594E-1 4.10594E-1 4.10594E-1 4.10594E-1 4.10594E-1 4.10594E-1 4.10594E-1 4.10594E-1 4.10442E-1 4.10442E-1 4.10442E-1 4.10442E-1 4.16003E-1 4.16003E-1 4.16003E-1 4.16003E-1 4.81289E-1 4.81289E-1 4.81289E-1 -9999 -9999 -9999 -9999 -9999
3.63159E-1 3.63159E-1 3.63159E-1 3.38667E-1 3.38667E-1 3.38667E-1 3.38667E-1 3.38667E-1 3.82336E-1 3.82336E-1 3.8737E-1 3.8737E-1 3.74478E-1 3.74478E-1 3.74478E-1 3.74478E-1 3.74478E-1 3.71597E-1 3.71597E-1 3.71597E-1 3.71597E-1 3.71597E-1 3.71597E-1 4.06152E-1 4.06152E-1 4.06152E-1 4.06152E-1 3.87901E-1 3.87901E-1 4.01842E-1 4.01842E-1 4.01842E-1 4.01842E-1 4.01842E-1 4.01842E-1 4.01842E-1 4.01842E-1 4.01842E-1 4.01842E-1 4.01842E-1 4.04655E-1 4.04655E-1 4.04655E-1 4.10594E-1 4.10594E-1 4.10594E-1 4.10594E-1 4.10594E-1 4.10594E-1 4.10594E-1 4.10594E-1 4.10594E-1 4.37913E-1 4.10442E-1 4.10442E-1 4.16003E-1 4.16003E-1 4.16003E-1 4.16003E-1 4.16003E-1 4.16003E-1 4.81289E-1 4.81289E-1 -9999 -9999 -9999 -9999 -9999
3.63159E-1 3.63159E-1 3.63159E-1 3.63159E-1 3.38667E-1 3.38667E-1 3.38667E-1 3.38667E-1 3.82336E-1 3.82336E-1 3.8737E-1 3.8737E-1 3.79629E-1 3.74478E-1 3.74478E-1 3.74478E-1 3.74478E-1 3.71597E-1 3.71597E-1 3.71597E-1 3.71597E-1 3.71597E-1 3.71597E-1 3.71597E-1 4.06152E-1 4.06152E-1 4.06152E-1 4.06152E-1 4.06152E-1 4.06152E-1 4.01842E-1 4.01842E-1 4.01842E-1 4.01842E-1 4.01842E-1 4.01842E-1 4.01842E-1 4.01842E-1 4.01842E-1 4.01842E-1 4.04655E-1 4.04655E-1 4.04655E-1 4.04655E-1 4.10594E-1 4.10594E-1 4.10594E-1 4.10594E-1 4.10594E-1 4.10594E-1 4.10594E-1 4.37913E-1 4.37913E-1 4.37913E-1 4.37913E-1 4.37913E-1 4.16003E-1 4.16003E-1 4.16003E-1 4.16003E-1 4.16003E-1 4.16003E-1 -9999 -9999 -9999 -9999 -9999 -9999
3.63159E-1 3.63159E-1 3.63159E-1 3.63159E-1 3.38667E-1 3.38667E-1 3.38667E-1 3.38667E-1 3.38667E-1 3.82336E-1 3.8737E-1 3.8737E-1 3.79629E-1 3.74478E-1 3.74478E-1 3.74478E-1 3.74478E-1 3.74478E-1 3.71597E-1 3.71597E-1 3.71597E-1 3.7205E-1 3.7205E-1 3.7205E-1 3.7205E-1 4.06152E-1 4.06152E-1 4.06152E-1 4.06152E-1 4.06152E-1 4.06152E-1 4.01842E-1 4.01842E-1 4.01842E-1 4.01842E-1 4.01842E-1 4.01842E-1 4.01842E-1 4.01842E-1 4.01842E-1 4.17126E-1 4.04655E-1 4.04655E-1 4.04655E-1 4.04655E-1 4.10594E-1 4.10594E-1 4.10594E-1 4.10594E-1 4.10594E-1 4.10594E-1 4.10594E-1 4.37913E-1 4.37913E-1 4.37913E-1 4.37913E-1 4.37913E-1 4.37913E-1 4.16003E-1 4.16003E-1 4.16003E-1 4.16003E-1 -9999 -9999 -9999 -9999 -9999 -9999
3.63159E-1 3.63159E-1 3.63159E-1 3.63159E-1 3.38667E-1 3.38667E-1 3.38667E-1 3.38667E-1 3.38667E-1 3.79629E-1 3.79629E-1 3.79629E-1 3.79629E-1 3.74478E-1 3.74478E-1 3.74478E-1 3.74478E-1 3.74478E-1 3.74478E-1 3.7205E-1 3.7205E-1 3.7205E-1 3.7205E-1 3.7205E-1 3.7205E-1 3.7205E-1 4.06152E-1 4.06152E-1 4.06152E-1 4.06152E-1 4.06152E-1 4.06152E-1 4.06152E-1 4.06152E-1 4.01842E-1 4.01842E-1 4.01842E-1 4.01842E-1 4.17126E-1 4.17126E-1 4.17126E-1 4.17126E-1 4.04655E-1 4.04655E-1 4.04655E-1 4.04655E-1 4.10594E-1 4.10594E-1 4.10594E-1 4.10594E-1 4.10594E-1 4.37913E-1 4.37913E-1 4.37913E-1 4.37913E-1 4.37913E-1 4.37913E-1 4.37913E-1 4.37913E-1 4.37913E-1 4.16003E-1 4.16003E-1 -9999 -9999 -9999 -9999 -9999 -9999
3.63159E-1 3.63159E-1 3.63159E-1 3.63159E-1 3.38667E-1 3.38667E-1 3.38667E-1 3.38667E-1 3.79629E-1 3.79629E-1 3.79629E-1 3.79629E-1 3.79629E-1 3.79629E-1 3.74478E-1 3.74478E-1 3.74478E-1 3.74478E-1 3.79538E-1 3.7205E-1 3.7205E-1 3.7205E-1 3.7205E-1 3.7205E-1 3.7205E-1 3.7205E-1 4.06152E-1 4.06152E-1 4.06152E-1 4.06152E-1 4.06152E-1 4.06152E-1 4.06152E-1 4.06152E-1 4.01842E-1 4.01842E-1 4.01842E-1 4.17126E-1 4.17126E-1 4.17126E-1 4.17126E-1 4.17126E-1 4.17126E-1 4.04655E-1 4.04655E-1 4.04655E-1 4.31748E-1 4.10594E-1 4.37913E-1 4.37913E-1 4.37913E-1 4.37913E-1 4.37913E-1 4.37913E-1 4.37913E-1 4.37913E-1 4.37913E-1 4.37913E-1 4.37913E-1 4.37913E-1 4.37913E-1 4.37913E-1 -9999 -9999 -9999 -9999 -9999 -9999
3.63159E-1 3.63159E-1 3.63159E-1 3.63159E-1 3.38667E-1 3.38667E-1 3.38667E-1 3.86772E-1 3.79629E-1 3.79629E-1 3.79629E-1 3.79629E-1 3.79629E-1 3.79629E-1 3.79629E-1 3.74478E-1 3.79538E-1 3.79538E-1 3.79538E-1 3.7205E-1 3.7205E-1 3.7205E-1 3.7205E-1 3.7205E-1 3.7205E-1 3.7205E-1 3.7205E-1 4.06152E-1 4.06152E-1 4.06152E-1 4.06152E-1 4.06152E-1 4.06152E-1 4.06152E-1 4.06152E-1 4.01842E-1 4.17126E-1 4.17126E-1 4.17126E-1 4.17126E-1 4.17126E-1 4.17126E-1 4.17126E-1 4.04655E-1 4.04655E-1 4.31748E-1 4.31748E-1 4.37913E-1 4.37913E-1 4.37913E-1 4.37913E-1 4.37913E-1 4.37913E-1 4.37913E-1 4.37913E-1 4.37913E-1 4.37913E-1 4.37913E-1 4.37913E-1 4.37913E-1 -9999 4.37913E-1 -9999 -9999 -9999 -9999 -9999 -9999
3.63159E-1 3.63159E-1 3.63159E-1 3.63159E-1 3.63159E-1 3.86772E-1 3.86772E-1 3.86772E-1 3.79629E-1 3.79629E-1 3.79629E-1 3.79629E-1 3.79629E-1 3.79629E-1 3.79629E-1 3.79629E-1 3.79538E-1 3.79538E-1 3.79538E-1 3.79538E-1 3.7205E-1 3.7205E-1 3.79538E-1 3.79538E-1 3.79538E-1 3.7205E-1 3.79538E-1 3.79538E-1 4.06152E-1 4.06152E-1 4.06152E-1 4.06152E-1 4.06152E-1 4.06152E-1 4.06152E-1 4.17126E-1 4.17126E-1 4.17126E-1 4.17126E-1 4.17126E-1 4.17126E-1 4.17126E-1 4.17126E-1 4.17126E-1 4.04655E-1 4.04655E-1 4.31748E-1 4.31748E-1 4.37913E-1 4.37913E-1 4.37913E-1 4.37913E-1 4.37913E-1 4.37913E-1 4.37913E-1 4.37913E-1 4.37913E-1 -9999 -9999 -9999 -9999 4.37913E-1 -9999 -9999 -9999 -9999 -9999 -9999
3.63159E-1 3.63159E-1 3.63159E-1 3.63159E-1 3.63159E-1 3.86772E-1 3.86772E-1 3.79629E-1 3.79629E-1 3.79629E-1 3.79629E-1 3.79629E-1 3.79629E-1 3.79629E-1 3.79629E-1 3.79629E-1 3.79629E-1 3.79629E-1 3.79538E-1 3.79538E-1 3.79538E-1 3.79538E-1 3.79538E-1 3.79538E-1 3.79538E-1 3.79538E-1 3.79538E-1 3.79538E-1 3.79538E-1 4.06152E-1 4.06152E-1 4.06152E-1 4.06152E-1 4.06152E-1 4.06152E-1 4.06152E-1 4.17126E-1 4.17126E-1 4.17126E-1 4.17126E-1 4.17126E-1 4.17126E-1 4.17126E-1 4.17126E-1 4.17126E-1 4.17126E-1 4.31748E-1 4.31748E-1 4.31748E-1 4.37913E-1 4.37913E-1 4.37913E-1 4.37913E-1 4.37913E-1 4.37913E-1 4.37913E-1 -9999 -9999 -9999 -9999 -9999 -9999 -9999 -9999 -9999 -9999 -9999 -9999
3.63159E-1 3.63159E-1 3.63159E-1 3.63159E-1 3.86772E-1 3.86772E-1 3.86772E-1 3.86772E-1 3.86772E-1 3.79629E-1 3.79629E-1 3.79629E-1 3.79629E-1 3.79629E-1 3.79629E-1 3.79629E-1 3.79629E-1 3.79629E-1 3.79629E-1 3.79629E-1 3.79538E-1 3.79538E-1 3.79538E-1 3.79538E-1 3.79538E-1 3.79538E-1 3.79538E-1 3.79538E-1 3.79538E-1 4.06152E-1 4.06152E-1 4.06152E-1 4.06152E-1 4.06152E-1 4.06152E-1 4.06152E-1 4.06152E-1 4.17126E-1 4.17126E-1 4.17126E-1 4.17126E-1 4.17126E-1 4.17126E-1 4.17126E-1 4.17126E-1 4.31748E-1 4.31748E-1 4.31748E-1 4.31748E-1 4.37913E-1 4.37913E-1 4.37913E-1 4.37913E-1 4.37913E-1 4.37913E-1 4.37913E-1 -9999 -9999 -9999 -9999 -9999 -9999 -9999 -9999 -9999 -9999 -9999 -9999
