layers/rainwind/HTI_rain_wind_rain_oct5.asc
NCOLS 343 
NROWS 248 
XLLCORNER -74.4803996469999 
YLLCORNER 18.0221399550001 
CELLSIZE 0.00833308698833808 
NODATA_value -9999 
[rows 168 to 195 of 248, columns 0 to 61 of 343]
-9999 -9999 -9999 -9999 -9999 -9999 -9999 -9999 -9999 -9999 -9999 -9999 -9999 -9999 -9999 -9999 -9999 -9999 -9999 -9999 -9999 -9999 -9999 -9999 -9999 -9999 -9999 -9999 -9999 -9999 -9999 -9999 -9999 -9999 -9999 -9999 -9999 -9999 -9999 -9999 -9999 -9999 -9999 -9999 -9999 -9999 -9999 -9999 -9999 -9999 -9999 -9999 -9999 -9999 -9999 -9999 -9999 -9999 -9999 -9999 -9999 -9999
-9999 -9999 -9999 -9999 -9999 -9999 -9999 -9999 -9999 -9999 -9999 -9999 -9999 -9999 -9999 -9999 -9999 -9999 -9999 -9999 -9999 -9999 -9999 -9999 -9999 -9999 -9999 -9999 -9999 -9999 -9999 -9999 -9999 -9999 -9999 -9999 -9999 -9999 -9999 -9999 -9999 -9999 -9999 -9999 -9999 -9999 -9999 -9999 -9999 -9999 -9999 -9999 -9999 -9999 -9999 -9999 -9999 -9999 -9999 -9999 -9999 -9999
-9999 -9999 -9999 -9999 -9999 -9999 -9999 -9999 -9999 -9999 -9999 -9999 -9999 -9999 -9999 -9999 -9999 -9999 -9999 -9999 -9999 -9999 -9999 -9999 -9999 -9999 1398.27322816461 1398.27322816461 1398.27322816461 1398.27322816461 1398.27322816461 1398.27322816461 1302.23379348565 1302.23379348565 1302.23379348565 1302.23379348565 1302.23379348565 1302.23379348565 -9999 -9999 -9999 -9999 -9999 -9999 -9999 -9999 -9999 -9999 -9999 -9999 -9999 -9999 -9999 -9999 -9999 -9999 -9999 -9999 -9999 -9999 -9999 -9999
-9999 -9999 -9999 -9999 -9999 -9999 -9999 -9999 -9999 -9999 -9999 -9999 -9999 -9999 -9999 -9999 -9999 -9999 -9999 -9999 -9999 1254.14568800594 1254.14568800594 -9999 -9999 1062.77451270774 1062.77451270774 1398.27322816461 1398.27322816461 1398.27322816461 1398.27322816461 1302.23379348565 1302.23379348565 1302.23379348565 1302.23379348565 1302.23379348565 1302.23379348565 1302.23379348565 1302.23379348565 1302.23379348565 1302.23379348565 1302.23379348565 -9999 -9999 -9999 -9999 -9999 -9999 -9999 -9999 -9999 -9999 -9999 -9999 -9999 -9999 -9999 -9999 -9999 -9999 -9999 -9999
-9999 -9999 -9999 -9999 -9999 -9999 -9999 -9999 -9999 -9999 -9999 -9999 -9999 -9999 -9999 -9999 -9999 -9999 601.41784299488 601.41784299488 -9999 1254.14568800594 1254.14568800594 -9999 -9999 1062.77451270774 1062.77451270774 1398.27322816461 1398.27322816461 1398.27322816461 1302.23379348565 1302.23379348565 1302.23379348565 1302.23379348565 1302.23379348565 1302.23379348565 1302.23379348565 1302.23379348565 1302.23379348565 1302.23379348565 1302.23379348565 1302.23379348565 1302.23379348565 -9999 -9999 -9999 -9999 -9999 -9999 -9999 -9999 -9999 -9999 -9999 -9999 -9999 -9999 -9999 -9999 -9999 -9999 -9999
-9999 -9999 -9999 -9999 -9999 -9999 -9999 -9999 -9999 -9999 -9999 601.41784299488 -9999 -9999 -9999 601.41784299488 601.41784299488 601.41784299488 601.41784299488 601.41784299488 601.41784299488 1254.14568800594 1254.14568800594 1062.77451270774 1062.77451270774 1062.77451270774 1062.77451270774 1398.27322816461 1398.27322816461 1398.27322816461 1302.23379348565 1302.23379348565 1302.23379348565 1302.23379348565 1302.23379348565 1302.23379348565 1302.23379348565 1302.23379348565 1264.12284478631 1264.12284478631 1264.12284478631 1264.12284478631 1264.12284478631 1264.12284478631 -9999 -9999 -9999 -9999 -9999 -9999 -9999 -9999 -9999 -9999 -9999 -9999 -9999 -9999 -9999 -9999 -9999 -9999
-9999 -9999 -9999 -9999 -9999 -9999 -9999 -9999 -9999 -9999 -9999 601.41784299488 601.41784299488 601.41784299488 601.41784299488 601.41784299488 601.41784299488 601.41784299488 601.41784299488 601.41784299488 584.271905702207 1254.14568800594 1254.14568800594 1062.77451270774 1062.77451270774 1062.77451270774 1062.77451270774 1398.27322816461 1398.27322816461 1398.27322816461 1398.27322816461 1302.23379348565 1302.23379348565 1302.23379348565 1264.12284478631 1264.12284478631 1264.12284478631 1264.12284478631 1264.12284478631 1264.12284478631 1264.12284478631 1264.12284478631 1264.12284478631 1250.21995867371 1250.21995867371 -9999 -9999 -9999 -9999 -9999 -9999 -9999 -9999 -9999 -9999 -9999 -9999 -9999 -9999 -9999 -9999 -9999
-9999 -9999 -9999 -9999 -9999 -9999 -9999 -9999 -9999 851.201827605463 851.201827605463 851.201827605463 601.41784299488 601.41784299488 601.41784299488 601.41784299488 601.41784299488 584.271905702207 584.271905702207 584.271905702207 1254.14568800594 1254.14568800594 1254.14568800594 1062.77451270774 1062.77451270774 1062.77451270774 1062.77451270774 1398.27322816461 1398.27322816461 1398.27322816461 1264.12284478631 1264.12284478631 1264.12284478631 1264.12284478631 1264.12284478631 1264.12284478631 1264.12284478631 1264.12284478631 1264.12284478631 1264.12284478631 1264.12284478631 1264.12284478631 1264.12284478631 1250.21995867371 1318.21816163349 1250.21995867371 1250.21995867371 -9999 -9999 -9999 -9999 -9999 -9999 -9999 -9999 -9999 -9999 -9999 -9999 -9999 -9999 -9999
-9999 -9999 -9999 -9999 -9999 -9999 -9999 851.201827605463 851.201827605463 851.201827605463 851.201827605463 851.201827605463 851.201827605463 601.41784299488 601.41784299488 601.41784299488 584.271905702207 584.271905702207 584.271905702207 584.271905702207 1254.14568800594 1254.14568800594 1254.14568800594 1254.14568800594 1062.77451270774 1062.77451270774 1398.27322816461 1398.27322816461 1398.27322816461 1398.27322816461 1398.27322816461 1398.27322816461 1398.27322816461 1398.27322816461 1398.27322816461 1250.21995867371 1250.21995867371 1250.21995867371 1250.21995867371 1264.12284478631 1264.12284478631 1250.21995867371 1250.21995867371 1318.21816163349 1318.21816163349 1015.41154598544 1015.41154598544 1250.21995867371 -9999 -9999 -9999 -9999 -9999 -9999 -9999 -9999 -9999 -9999 -9999 -9999 -9999 -9999
-9999 -9999 -9999 -9999 -9999 -9999 -9999 851.201827605463 851.201827605463 851.201827605463 851.201827605463 851.201827605463 601.41784299488 601.41784299488 601.41784299488 601.41784299488 584.271905702207 584.271905702207 584.271905702207 1254.14568800594 1254.14568800594 1254.14568800594 1254.14568800594 1254.14568800594 1062.77451270774 1062.77451270774 1398.27322816461 1398.27322816461 1398.27322816461 1398.27322816461 1398.27322816461 1398.27322816461 1250.21995867371 1250.21995867371 1250.21995867371 1250.21995867371 1250.21995867371 1250.21995867371 1250.21995867371 1250.21995867371 1250.21995867371 1250.21995867371 1318.21816163349 1318.21816163349 1318.21816163349 1015.41154598544 1015.41154598544 1015.41154598544 908.362686000035 908.362686000035 -9999 -9999 -9999 -9999 -9999 -9999 -9999 -9999 -9999 -9999 -9999 -9999
-9999 -9999 -9999 -9999 -9999 -9999 851.201827605463 851.201827605463 851.201827605463 851.201827605463 851.201827605463 851.201827605463 601.41784299488 601.41784299488 601.41784299488 601.41784299488 584.271905702207 584.271905702207 584.271905702207 584.271905702207 1254.14568800594 1254.14568800594 1254.14568800594 1254.14568800594 1062.77451270774 1062.77451270774 1062.77451270774 1398.27322816461 1398.27322816461 1398.27322816461 1398.27322816461 1250.21995867371 1250.21995867371 1250.21995867371 1250.21995867371 1250.21995867371 1250.21995867371 1318.21816163349 1318.21816163349 1318.21816163349 1318.21816163349 1318.21816163349 1318.21816163349 1318.21816163349 1015.41154598544 1015.41154598544 1015.41154598544 1015.41154598544 1015.41154598544 908.362686000035 908.362686000035 908.362686000035 908.362686000035 908.362686000035 908.362686000035 908.362686000035 -9999 -9999 901.929212922608 -9999 -9999 -9999
-9999 -9999 -9999 -9999 -9999 -9999 -9999 -9999 851.201827605463 851.201827605463 851.201827605463 851.201827605463 851.201827605463 601.41784299488 601.41784299488 584.271905702207 584.271905702207 584.271905702207 584.271905702207 584.271905702207 1254.14568800594 1254.14568800594 1254.14568800594 1254.14568800594 1254.14568800594 1047 1047 1398.27322816461 1398.27322816461 1250.21995867371 1250.21995867371 1250.21995867371 1250.21995867371 1103.58314794479 1103.58314794479 1103.58314794479 1103.58314794479 1318.21816163349 1318.21816163349 1318.21816163349 1318.21816163349 1318.21816163349 1318.21816163349 1318.21816163349 1015.41154598544 1015.41154598544 1015.41154598544 1015.41154598544 1015.41154598544 908.362686000035 908.362686000035 908.362686000035 908.362686000035 908.362686000035 908.362686000035 908.362686000035 908.362686000035 908.362686000035 901.929212922608 901.929212922608 901.929212922608 901.929212922608
-9999 -9999 -9999 -9999 -9999 -9999 -9999 -9999 961.656459277143 961.656459277143 961.656459277143 961.656459277143 961.656459277143 961.656459277143 961.656459277143 584.271905702207 584.271905702207 584.271905702207 584.271905702207 584.271905702207 584.271905702207 1254.14568800594 1254.14568800594 1254.14568800594 1047 1047 1047 1047 1047 1250.21995867371 1250.21995867371 1250.21995867371 1250.21995867371 1103.58314794479 1103.58314794479 1103.58314794479 1103.58314794479 1318.21816163349 1318.21816163349 1318.21816163349 1318.21816163349 1318.21816163349 1318.21816163349 1015.41154598544 1015.41154598544 1015.41154598544 1015.41154598544 1015.41154598544 1015.41154598544 1076 908.362686000035 908.362686000035 908.362686000035 908.362686000035 908.362686000035 908.362686000035 908.362686000035 908.362686000035 901.929212922608 901.929212922608 901.929212922608 901.929212922608
-9999 -9999 -9999 -9999 -9999 -9999 -9999 961.656459277143 961.656459277143 961.656459277143 961.656459277143 961.656459277143 961.656459277143 961.656459277143 961.656459277143 961.656459277143 584.271905702207 584.271905702207 584.271905702207 584.271905702207 584.271905702207 1091.60172845614 1254.14568800594 1254.14568800594 1047 1047 1047 1047 1047 1047 1225.0260618527 1225.0260618527 1103.58314794479 1103.58314794479 1103.58314794479 1103.58314794479 1103.58314794479 1318.21816163349 1318.21816163349 1318.21816163349 1318.21816163349 1318.21816163349 1015.41154598544 1015.41154598544 1015.41154598544 1015.41154598544 1015.41154598544 1015.41154598544 1015.41154598544 1076 908.362686000035 908.362686000035 908.362686000035 908.362686000035 908.362686000035 908.362686000035 908.362686000035 908.362686000035 908.362686000035 901.929212922608 901.929212922608 901.929212922608
-9999 -9999 -9999 -9999 -9999 -9999 -9999 961.656459277143 961.656459277143 961.656459277143 961.656459277143 961.656459277143 961.656459277143 961.656459277143 961.656459277143 961.656459277143 961.656459277143 584.271905702207 584.271905702207 584.271905702207 1091.60172845614 1091.60172845614 1091.60172845614 1047 1047 1047 1047 1047 1047 1047 1225.0260618527 1225.0260618527 1103.58314794479 1103.58314794479 1103.58314794479 1103.58314794479 1318.21816163349 1318.21816163349 1318.21816163349 1241 1318.21816163349 1318.21816163349 1015.41154598544 1015.41154598544 1015.41154598544 1015.41154598544 1015.41154598544 1015.41154598544 1076 1076 1076 908.362686000035 908.362686000035 908.362686000035 908.362686000035 908.362686000035 908.362686000035 908.362686000035 901.929212922608 901.929212922608 901.929212922608 901.929212922608
-9999 -9999 -9999 -9999 -9999 -9999 -9999 867.137918427459 867.137918427459 961.656459277143 961.656459277143 961.656459277143 961.656459277143 961.656459277143 961.656459277143 961.656459277143 961.656459277143 603.393017048957 1091.60172845614 1091.60172845614 1091.60172845614 1091.60172845614 1091.60172845614 1047 1047 1047 1047 1093.5 1093.5 1093.5 1093.5 1225.0260618527 1225.0260618527 1103.58314794479 1103.58314794479 1103.58314794479 1103.58314794479 1318.21816163349 1241 1241 1241 1318.21816163349 1015.41154598544 1015.41154598544 1015.41154598544 1015.41154598544 1015.41154598544 1076 1076 1076 1076 1076 908.362686000035 908.362686000035 908.362686000035 908.362686000035 908.362686000035 901.929212922608 901.929212922608 901.929212922608 901.929212922608 901.929212922608
-9999 -9999 -9999 -9999 -9999 -9999 575.757625623702 867.137918427459 867.137918427459 867.137918427459 867.137918427459 867.137918427459 867.137918427459 867.137918427459 961.656459277143 961.656459277143 961.656459277143 961.656459277143 603.393017048957 1091.60172845614 1091.60172845614 1091.60172845614 1091.60172845614 1181.57732728804 1047 1047 1047 1093.5 1093.5 1093.5 1093.5 1225.0260618527 1225.0260618527 1103.58314794479 1103.58314794479 1103.58314794479 1103.58314794479 1241 1241 1241 1241 1241 1024.62264108835 1024.62264108835 1024.62264108835 1024.62264108835 1024.62264108835 1076 1076 1076 1076 1076 1076 1076 1076 908.362686000035 908.362686000035 901.929212922608 901.929212922608 901.929212922608 901.929212922608 901.929212922608
-9999 -9999 -9999 -9999 -9999 -9999 575.757625623702 575.757625623702 867.137918427459 867.137918427459 867.137918427459 867.137918427459 867.137918427459 867.137918427459 603.393017048957 603.393017048957 603.393017048957 603.393017048957 603.393017048957 1091.60172845614 1091.60172845614 1091.60172845614 1181.57732728804 1181.57732728804 1181.57732728804 1181.57732728804 1093.5 1093.5 1093.5 1093.5 1093.5 1225.0260618527 1225.0260618527 1103.58314794479 1103.58314794479 1103.58314794479 1103.58314794479 1241 1241 1241 1241 1241 1024.62264108835 1024.62264108835 1024.62264108835 1024.62264108835 1024.62264108835 1076 1076 1076 1076 1076 1076 1076 1076 1076 1076 901.929212922608 901.929212922608 901.929212922608 901.929212922608 901.929212922608
-9999 -9999 -9999 -9999 -9999 575.757625623702 575.757625623702 575.757625623702 867.137918427459 867.137918427459 867.137918427459 867.137918427459 867.137918427459 603.393017048957 603.393017048957 603.393017048957 603.393017048957 603.393017048957 603.393017048957 1091.60172845614 1091.60172845614 1091.60172845614 1181.57732728804 1181.57732728804 1181.57732728804 1093.5 1093.5 1093.5 1093.5 1093.5 1093.5 1225.0260618527 1225.0260618527 1103.58314794479 1103.58314794479 1103.58314794479 1103.58314794479 1241 1241 1241 1241 1241 1024.62264108835 1024.62264108835 1024.62264108835 1024.62264108835 1024.62264108835 1076 1076 1076 1076 1076 1076 901.929212922608 1076 901.929212922608 901.929212922608 901.929212922608 901.929212922608 901.929212922608 901.929212922608 901.929212922608
-9999 -9999 -9999 -9999 575.757625623702 575.757625623702 575.757625623702 575.757625623702 575.757625623702 867.137918427459 867.137918427459 867.137918427459 1041.15657157032 603.393017048957 603.393017048957 603.393017048957 603.393017048957 603.393017048957 1091.60172845614 1091.60172845614 1091.60172845614 1091.60172845614 1181.57732728804 1093.5 1093.5 1093.5 1093.5 1093.5 1093.5 1093.5 1225.0260618527 1225.0260618527 1103.58314794479 1103.58314794479 1103.58314794479 1103.58314794479 1103.58314794479 1241 1241 1241 1241 1024.62264108835 1024.62264108835 1024.62264108835 1024.62264108835 1024.62264108835 1024.62264108835 1076 1076 1076 1076 1076 833.835587497571 901.929212922608 901.929212922608 901.929212922608 901.929212922608 901.929212922608 901.929212922608 901.929212922608 901.929212922608 901.929212922608
-9999 -9999 -9999 -9999 -9999 575.757625623702 575.757625623702 575.757625623702 575.757625623702 575.757625623702 1041.15657157032 1041.15657157032 1041.15657157032 603.393017048957 603.393017048957 603.393017048957 603.393017048957 1091.60172845614 1091.60172845614 1091.60172845614 1091.60172845614 1181.57732728804 1181.57732728804 1093.5 1093.5 1093.5 1093.5 1093.5 1093.5 1093.5 1225.0260618527 1225.0260618527 1225.0260618527 1103.58314794479 1103.58314794479 1103.58314794479 1241 1241 1241 1241 1241 1024.62264108835 1024.62264108835 1024.62264108835 1024.62264108835 1024.62264108835 1024.62264108835 1024.62264108835 833.835587497571 833.835587497571 833.835587497571 833.835587497571 833.835587497571 833.835587497571 901.929212922608 901.929212922608 880.881319125464 880.881319125464 880.881319125464 880.881319125464 886.346718616254 886.346718616254
-9999 -9999 -9999 -9999 575.757625623702 575.757625623702 575.757625623702 575.757625623702 575.757625623702 575.757625623702 1041.15657157032 1041.15657157032 636.004030864592 603.393017048957 603.393017048957 603.393017048957 603.393017048957 1091.60172845614 1091.60172845614 1091.60172845614 1091.60172845614 1181.57732728804 1181.57732728804 1093.5 1093.5 1093.5 1093.5 1093.5 1093.5 1093.5 1225.0260618527 1225.0260618527 1225.0260618527 1225.0260618527 1225.0260618527 1103.58314794479 1241 1241 1241 1241 1024.62264108835 1024.62264108835 1024.62264108835 1024.62264108835 1024.62264108835 1024.62264108835 1024.62264108835 1024.62264108835 833.835587497571 833.835587497571 833.835587497571 833.835587497571 833.835587497571 901.929212922608 901.929212922608 880.881319125464 880.881319125464 880.881319125464 880.881319125464 757.654498476954 757.654498476954 757.654498476954
-9999 -9999 -9999 575.757625623702 575.757625623702 575.757625623702 575.757625623702 655.171459368086 575.757625623702 575.757625623702 1041.15657157032 636.004030864592 636.004030864592 603.393017048957 603.393017048957 603.393017048957 603.393017048957 603.393017048957 1091.60172845614 1091.60172845614 1091.60172845614 1181.57732728804 1181.57732728804 1181.57732728804 1093.5 1093.5 1093.5 1093.5 1093.5 1093.5 1225.0260618527 1225.0260618527 1225.0260618527 1225.0260618527 1225.0260618527 1103.58314794479 1103.58314794479 1103.58314794479 1241 1241 1241 1024.62264108835 1024.62264108835 1024.62264108835 1024.62264108835 1024.62264108835 1024.62264108835 833.835587497571 833.835587497571 833.835587497571 833.835587497571 833.835587497571 833.835587497571 880.881319125464 880.881319125464 880.881319125464 880.881319125464 880.881319125464 880.881319125464 880.881319125464 757.654498476954 757.654498476954
-9999 -9999 655.171459368086 655.171459368086 655.171459368086 655.171459368086 655.171459368086 655.171459368086 655.171459368086 655.171459368086 636.004030864592 636.004030864592 636.004030864592 603.393017048957 603.393017048957 603.393017048957 603.393017048957 603.393017048957 603.393017048957 603.393017048957 1181.57732728804 1181.57732728804 1181.57732728804 1093.5 1093.5 1093.5 1093.5 1093.5 1093.5 1225.0260618527 1225.0260618527 1225.0260618527 1225.0260618527 1225.0260618527 1225.0260618527 1103.58314794479 1103.58314794479 1103.58314794479 1241 1241 1241 1241 1024.62264108835 1024.62264108835 1024.62264108835 1024.62264108835 833.835587497571 833.835587497571 833.835587497571 833.835587497571 833.835587497571 833.835587497571 833.835587497571 880.881319125464 790.621713978071 790.621713978071 790.621713978071 790.621713978071 790.621713978071 790.621713978071 757.654498476954 757.654498476954
-9999 -9999 -9999 655.171459368086 655.171459368086 655.171459368086 655.171459368086 655.171459368086 655.171459368086 655.171459368086 636.004030864592 636.004030864592 636.004030864592 636.004030864592 603.393017048957 603.393017048957 603.393017048957 603.393017048957 603.393017048957 603.393017048957 1181.57732728804 1181.57732728804 1181.57732728804 1181.57732728804 1093.5 1093.5 1093.5 1093.5 1225.0260618527 1225.0260618527 1225.0260618527 1225.0260618527 1225.0260618527 1225.0260618527 1225.0260618527 1103.58314794479 1103.58314794479 1103.58314794479 1241 1241 1241 1241 1241 1024.62264108835 1024.62264108835 1024.62264108835 833.835587497571 833.835587497571 833.835587497571 833.835587497571 833.835587497571 833.835587497571 833.835587497571 833.835587497571 790.621713978071 790.621713978071 790.621713978071 790.621713978071 790.621713978071 790.621713978071 790.621713978071 757.654498476954
-9999 -9999 -9999 743.155660730677 743.155660730677 655.171459368086 743.155660730677 743.155660730677 743.155660730677 743.155660730677 743.155660730677 636.004030864592 636.004030864592 636.004030864592 636.004030864592 603.393017048957 603.393017048957 603.393017048957 603.393017048957 603.393017048957 1181.57732728804 1181.57732728804 1181.57732728804 1181.57732728804 1093.5 1093.5 1093.5 1225.0260618527 1225.0260618527 1225.0260618527 1225.0260618527 1225.0260618527 1225.0260618527 1241 1241 1241 1241 1241 1241 1241 1241 1241 1241 1024.62264108835 1024.62264108835 1024.62264108835 833.835587497571 833.835587497571 833.835587497571 833.835587497571 833.835587497571 833.835587497571 833.835587497571 790.621713978071 790.621713978071 790.621713978071 790.621713978071 790.621713978071 790.621713978071 790.621713978071 757.654498476954 757.654498476954
-9999 -9999 -9999 743.155660730677 743.155660730677 743.155660730677 743.155660730677 743.155660730677 743.155660730677 743.155660730677 743.155660730677 743.155660730677 636.004030864592 636.004030864592 636.004030864592 603.393017048957 603.393017048957 603.393017048957 603.393017048957 603.393017048957 1181.57732728804 1181.57732728804 1181.57732728804 1181.57732728804 1093.5 1093.5 1093.5 1093.5 1225.0260618527 1225.0260618527 1225.0260618527 1225.0260618527 1241 1241 1241 1241 1241 1241 1241 1241 1241 1241 1024.62264108835 1024.62264108835 1024.62264108835 1024.62264108835 833.835587497571 833.835587497571 833.835587497571 833.835587497571 833.835587497571 833.835587497571 833.835587497571 790.621713978071 790.621713978071 790.621713978071 790.621713978071 790.621713978071 790.621713978071 757.654498476954 757.654498476954 757.654498476954
-9999 -9999 743.155660730677 743.155660730677 743.155660730677 743.155660730677 743.155660730677 743.155660730677 743.155660730677 743.155660730677 743.155660730677 743.155660730677 636.004030864592 636.004030864592 636.004030864592 636.004030864592 636.004030864592 603.393017048957 636.004030864592 636.004030864592 636.004030864592 1181.57732728804 1181.57732728804 1093.5 1093.5 1093.5 1093.5 1093.5 1225.0260618527 1225.0260618527 1093.5 1093.5 1241 1241 1241 1241 1241 1241 1241 1241 1241 1241 1024.62264108835 1024.62264108835 1024.62264108835 1024.62264108835 833.835587497571 833.835587497571 833.835587497571 833.835587497571 833.835587497571 833.835587497571 833.835587497571 790.621713978071 790.621713978071 790.621713978071 790.621713978071 790.621713978071 790.621713978071 757.654498476954 757.654498476954 757.654498476954
