layers/rainwind/HTI_rain_wind_rain_oct4.asc
NCOLS 343 
NROWS 248 
XLLCORNER -74.4803996469999 
YLLCORNER 18.0221399550001 
CELLSIZE 0.00833308698833808 
NODATA_value -9999 
[rows 162 to 188 of 248, columns 0 to 61 of 343]
-9999 -9999 -9999 -9999 -9999 -9999 -9999 -9999 -9999 -9999 -9999 -9999 -9999 -9999 -9999 -9999 -9999 -9999 -9999 -9999 -9999 -9999 -9999 -9999 -9999 -9999 -9999 -9999 -9999 -9999 -9999 -9999 -9999 -9999 -9999 -9999 -9999 -9999 -9999 -9999 -9999 -9999 -9999 -9999 -9999 -9999 -9999 -9999 -9999 -9999 -9999 -9999 -9999 -9999 -9999 -9999 -9999 -9999 -9999 -9999 -9999 -9999
-9999 -9999 -9999 -9999 -9999 -9999 -9999 -9999 -9999 -9999 -9999 -9999 -9999 -9999 -9999 -9999 -9999 -9999 -9999 -9999 -9999 -9999 -9999 -9999 -9999 -9999 -9999 -9999 -9999 -9999 -9999 -9999 -9999 -9999 -9999 -9999 -9999 -9999 -9999 -9999 -9999 -9999 -9999 -9999 -9999 -9999 -9999 -9999 -9999 -9999 -9999 -9999 -9999 -9999 -9999 -9999 -9999 -9999 -9999 -9999 -9999 -9999
-9999 -9999 -9999 -9999 -9999 -9999 -9999 -9999 -9999 -9999 -9999 -9999 -9999 -9999 -9999 -9999 -9999 -9999 -9999 -9999 -9999 -9999 -9999 -9999 -9999 -9999 -9999 -9999 -9999 -9999 -9999 -9999 -9999 -9999 -9999 -9999 -9999 -9999 -9999 -9999 -9999 -9999 -9999 -9999 -9999 -9999 -9999 -9999 -9999 -9999 -9999 -9999 -9999 -9999 -9999 -9999 -9999 -9999 -9999 -9999 -9999 -9999
-9999 -9999 -9999 -9999 -9999 -9999 -9999 -9999 -9999 -9999 -9999 -9999 -9999 -9999 -9999 -9999 -9999 -9999 -9999 -9999 -9999 -9999 -9999 -9999 -9999 -9999 -9999 -9999 -9999 -9999 -9999 -9999 -9999 -9999 -9999 -9999 -9999 -9999 -9999 -9999 -9999 -9999 -9999 -9999 -9999 -9999 -9999 -9999 -9999 -9999 -9999 -9999 -9999 -9999 -9999 -9999 -9999 -9999 -9999 -9999 -9999 -9999
-9999 -9999 -9999 -9999 -9999 -9999 -9999 -9999 -9999 -9999 -9999 -9999 -9999 -9999 -9999 -9999 -9999 -9999 -9999 -9999 -9999 -9999 -9999 -9999 -9999 -9999 -9999 -9999 -9999 -9999 -9999 -9999 -9999 -9999 -9999 -9999 -9999 -9999 -9999 -9999 -9999 -9999 -9999 -9999 -9999 -9999 -9999 -9999 -9999 -9999 -9999 -9999 -9999 -9999 -9999 -9999 -9999 -9999 -9999 -9999 -9999 -9999
-9999 -9999 -9999 -9999 -9999 -9999 -9999 -9999 -9999 -9999 -9999 -9999 -9999 -9999 -9999 -9999 -9999 -9999 -9999 -9999 -9999 -9999 -9999 -9999 -9999 -9999 -9999 -9999 -9999 -9999 -9999 -9999 -9999 -9999 -9999 -9999 -9999 -9999 -9999 -9999 -9999 -9999 -9999 -9999 -9999 -9999 -9999 -9999 -9999 -9999 -9999 -9999 -9999 -9999 -9999 -9999 -9999 -9999 -9999 -9999 -9999 -9999
-9999 -9999 -9999 -9999 -9999 -9999 -9999 -9999 -9999 -9999 -9999 -9999 -9999 -9999 -9999 -9999 -9999 -9999 -9999 -9999 -9999 -9999 -9999 -9999 -9999 -9999 -9999 -9999 -9999 -9999 -9999 -9999 -9999 -9999 -9999 -9999 -9999 -9999 -9999 -9999 -9999 -9999 -9999 -9999 -9999 -9999 -9999 -9999 -9999 -9999 -9999 -9999 -9999 -9999 -9999 -9999 -9999 -9999 -9999 -9999 -9999 -9999
-9999 -9999 -9999 -9999 -9999 -9999 -9999 -9999 -9999 -9999 -9999 -9999 -9999 -9999 -9999 -9999 -9999 -9999 -9999 -9999 -9999 -9999 -9999 -9999 -9999 -9999 -9999 -9999 -9999 -9999 -9999 -9999 -9999 -9999 -9999 -9999 -9999 -9999 -9999 -9999 -9999 -9999 -9999 -9999 -9999 -9999 -9999 -9999 -9999 -9999 -9999 -9999 -9999 -9999 -9999 -9999 -9999 -9999 -9999 -9999 -9999 -9999
-9999 -9999 -9999 -9999 -9999 -9999 -9999 -9999 -9999 -9999 -9999 -9999 -9999 -9999 -9999 -9999 -9999 -9999 -9999 -9999 -9999 -9999 -9999 -9999 -9999 -9999 3175.10718833121 3175.10718833121 3175.10718833121 3175.10718833121 3175.10718833121 3175.10718833121 3169.62949296806 3169.62949296806 3169.62949296806 3169.62949296806 3169.62949296806 3169.62949296806 -9999 -9999 -9999 -9999 -9999 -9999 -9999 -9999 -9999 -9999 -9999 -9999 -9999 -9999 -9999 -9999 -9999 -9999 -9999 -9999 -9999 -9999 -9999 -9999
-9999 -9999 -9999 -9999 -9999 -9999 -9999 -9999 -9999 -9999 -9999 -9999 -9999 -9999 -9999 -9999 -9999 -9999 -9999 -9999 -9999 3123.505602563 3123.505602563 -9999 -9999 3116.29757478004 3116.29757478004 3175.10718833121 3175.10718833121 3175.10718833121 3175.10718833121 3169.62949296806 3169.62949296806 3169.62949296806 3169.62949296806 3169.62949296806 3169.62949296806 3169.62949296806 3169.62949296806 3169.62949296806 3169.62949296806 3169.62949296806 -9999 -9999 -9999 -9999 -9999 -9999 -9999 -9999 -9999 -9999 -9999 -9999 -9999 -9999 -9999 -9999 -9999 -9999 -9999 -9999
-9999 -9999 -9999 -9999 -9999 -9999 -9999 -9999 -9999 -9999 -9999 -9999 -9999 -9999 -9999 -9999 -9999 -9999 3032.0704202901 3032.0704202901 -9999 3123.505602563 3123.505602563 -9999 -9999 3116.29757478004 3116.29757478004 3175.10718833121 3175.10718833121 3175.10718833121 3169.62949296806 3169.62949296806 3169.62949296806 3169.62949296806 3169.62949296806 3169.62949296806 3169.62949296806 3169.62949296806 3169.62949296806 3169.62949296806 3169.62949296806 3169.62949296806 3169.62949296806 -9999 -9999 -9999 -9999 -9999 -9999 -9999 -9999 -9999 -9999 -9999 -9999 -9999 -9999 -9999 -9999 -9999 -9999 -9999
-9999 -9999 -9999 -9999 -9999 -9999 -9999 -9999 -9999 -9999 -9999 3032.0704202901 -9999 -9999 -9999 3032.0704202901 3032.0704202901 3032.0704202901 3032.0704202901 3032.0704202901 3032.0704202901 3123.505602563 3123.505602563 3116.29757478004 3116.29757478004 3116.29757478004 3116.29757478004 3175.10718833121 3175.10718833121 3175.10718833121 3169.62949296806 3169.62949296806 3169.62949296806 3169.62949296806 3169.62949296806 3169.62949296806 3169.62949296806 3169.62949296806 3162.90403143288 3162.90403143288 3162.90403143288 3162.90403143288 3162.90403143288 3162.90403143288 -9999 -9999 -9999 -9999 -9999 -9999 -9999 -9999 -9999 -9999 -9999 -9999 -9999 -9999 -9999 -9999 -9999 -9999
-9999 -9999 -9999 -9999 -9999 -9999 -9999 -9999 -9999 -9999 -9999 3032.0704202901 3032.0704202901 3032.0704202901 3032.0704202901 3032.0704202901 3032.0704202901 3032.0704202901 3032.0704202901 3032.0704202901 3046.76693796954 3123.505602563 3123.505602563 3116.29757478004 3116.29757478004 3116.29757478004 3116.29757478004 3175.10718833121 3175.10718833121 3175.10718833121 3175.10718833121 3169.62949296806 3169.62949296806 3169.62949296806 3162.90403143288 3162.90403143288 3162.90403143288 3162.90403143288 3162.90403143288 3162.90403143288 3162.90403143288 3162.90403143288 3162.90403143288 3137.80152450142 3137.80152450142 -9999 -9999 -9999 -9999 -9999 -9999 -9999 -9999 -9999 -9999 -9999 -9999 -9999 -9999 -9999 -9999 -9999
-9999 -9999 -9999 -9999 -9999 -9999 -9999 -9999 -9999 3082.68473073917 3082.68473073917 3082.68473073917 3032.0704202901 3032.0704202901 3032.0704202901 3032.0704202901 3032.0704202901 3046.76693796954 3046.76693796954 3046.76693796954 3123.505602563 3123.505602563 3123.505602563 3116.29757478004 3116.29757478004 3116.29757478004 3116.29757478004 3175.10718833121 3175.10718833121 3175.10718833121 3162.90403143288 3162.90403143288 3162.90403143288 3162.90403143288 3162.90403143288 3162.90403143288 3162.90403143288 3162.90403143288 3162.90403143288 3162.90403143288 3162.90403143288 3162.90403143288 3162.90403143288 3137.80152450142 3063.95754884465 3137.80152450142 3137.80152450142 -9999 -9999 -9999 -9999 -9999 -9999 -9999 -9999 -9999 -9999 -9999 -9999 -9999 -9999 -9999
-9999 -9999 -9999 -9999 -9999 -9999 -9999 3082.68473073917 3082.68473073917 3082.68473073917 3082.68473073917 3082.68473073917 3082.68473073917 3032.0704202901 3032.0704202901 3032.0704202901 3046.76693796954 3046.76693796954 3046.76693796954 3046.76693796954 3123.505602563 3123.505602563 3123.505602563 3123.505602563 3116.29757478004 3116.29757478004 3175.10718833121 3175.10718833121 3175.10718833121 3175.10718833121 3175.10718833121 3175.10718833121 3175.10718833121 3175.10718833121 3175.10718833121 3137.80152450142 3137.80152450142 3137.80152450142 3137.80152450142 3162.90403143288 3162.90403143288 3137.80152450142 3137.80152450142 3063.95754884465 3063.95754884465 3248.80892848879 3248.80892848879 3137.80152450142 -9999 -9999 -9999 -9999 -9999 -9999 -9999 -9999 -9999 -9999 -9999 -9999 -9999 -9999
-9999 -9999 -9999 -9999 -9999 -9999 -9999 3082.68473073917 3082.68473073917 3082.68473073917 3082.68473073917 3082.68473073917 3032.0704202901 3032.0704202901 3032.0704202901 3032.0704202901 3046.76693796954 3046.76693796954 3046.76693796954 3123.505602563 3123.505602563 3123.505602563 3123.505602563 3123.505602563 3116.29757478004 3116.29757478004 3175.10718833121 3175.10718833121 3175.10718833121 3175.10718833121 3175.10718833121 3175.10718833121 3137.80152450142 3137.80152450142 3137.80152450142 3137.80152450142 3137.80152450142 3137.80152450142 3137.80152450142 3137.80152450142 3137.80152450142 3137.80152450142 3063.95754884465 3063.95754884465 3063.95754884465 3248.80892848879 3248.80892848879 3248.80892848879 3407.68952484054 3407.68952484054 -9999 -9999 -9999 -9999 -9999 -9999 -9999 -9999 -9999 -9999 -9999 -9999
-9999 -9999 -9999 -9999 -9999 -9999 3082.68473073917 3082.68473073917 3082.68473073917 3082.68473073917 3082.68473073917 3082.68473073917 3032.0704202901 3032.0704202901 3032.0704202901 3032.0704202901 3046.76693796954 3046.76693796954 3046.76693796954 3046.76693796954 3123.505602563 3123.505602563 3123.505602563 3123.505602563 3116.29757478004 3116.29757478004 3116.29757478004 3175.10718833121 3175.10718833121 3175.10718833121 3175.10718833121 3137.80152450142 3137.80152450142 3137.80152450142 3137.80152450142 3137.80152450142 3137.80152450142 3063.95754884465 3063.95754884465 3063.95754884465 3063.95754884465 3063.95754884465 3063.95754884465 3063.95754884465 3248.80892848879 3248.80892848879 3248.80892848879 3248.80892848879 3248.80892848879 3407.68952484054 3407.68952484054 3407.68952484054 3407.68952484054 3407.68952484054 3407.68952484054 3407.68952484054 -9999 -9999 3399.17625938911 -9999 -9999 -9999
-9999 -9999 -9999 -9999 -9999 -9999 -9999 -9999 3082.68473073917 3082.68473073917 3082.68473073917 3082.68473073917 3082.68473073917 3032.0704202901 3032.0704202901 3046.76693796954 3046.76693796954 3046.76693796954 3046.76693796954 3046.76693796954 3123.505602563 3123.505602563 3123.505602563 3123.505602563 3123.505602563 3133 3133 3175.10718833121 3175.10718833121 3137.80152450142 3137.80152450142 3137.80152450142 3137.80152450142 3072.7840340693 3072.7840340693 3072.7840340693 3072.7840340693 3063.95754884465 3063.95754884465 3063.95754884465 3063.95754884465 3063.95754884465 3063.95754884465 3063.95754884465 3248.80892848879 3248.80892848879 3248.80892848879 3248.80892848879 3248.80892848879 3407.68952484054 3407.68952484054 3407.68952484054 3407.68952484054 3407.68952484054 3407.68952484054 3407.68952484054 3407.68952484054 3407.68952484054 3399.17625938911 3399.17625938911 3399.17625938911 3399.17625938911
-9999 -9999 -9999 -9999 -9999 -9999 -9999 -9999 3119.76012156501 3119.76012156501 3119.76012156501 3119.76012156501 3119.76012156501 3119.76012156501 3119.76012156501 3046.76693796954 3046.76693796954 3046.76693796954 3046.76693796954 3046.76693796954 3046.76693796954 3123.505602563 3123.505602563 3123.505602563 3133 3133 3133 3133 3133 3137.80152450142 3137.80152450142 3137.80152450142 3137.80152450142 3072.7840340693 3072.7840340693 3072.7840340693 3072.7840340693 3063.95754884465 3063.95754884465 3063.95754884465 3063.95754884465 3063.95754884465 3063.95754884465 3248.80892848879 3248.80892848879 3248.80892848879 3248.80892848879 3248.80892848879 3248.80892848879 3080 3407.68952484054 3407.68952484054 3407.68952484054 3407.68952484054 3407.68952484054 3407.68952484054 3407.68952484054 3407.68952484054 3399.17625938911 3399.17625938911 3399.17625938911 3399.17625938911
-9999 -9999 -9999 -9999 -9999 -9999 -9999 3119.76012156501 3119.76012156501 3119.76012156501 3119.76012156501 3119.76012156501 3119.76012156501 3119.76012156501 3119.76012156501 3119.76012156501 3046.76693796954 3046.76693796954 3046.76693796954 3046.76693796954 3046.76693796954 3112.8373944992 3123.505602563 3123.505602563 3133 3133 3133 3133 3133 3133 3016.97548055885 3016.97548055885 3072.7840340693 3072.7840340693 3072.7840340693 3072.7840340693 3072.7840340693 3063.95754884465 3063.95754884465 3063.95754884465 3063.95754884465 3063.95754884465 3248.80892848879 3248.80892848879 3248.80892848879 3248.80892848879 3248.80892848879 3248.80892848879 3248.80892848879 3080 3407.68952484054 3407.68952484054 3407.68952484054 3407.68952484054 3407.68952484054 3407.68952484054 3407.68952484054 3407.68952484054 3407.68952484054 3399.17625938911 3399.17625938911 3399.17625938911
-9999 -9999 -9999 -9999 -9999 -9999 -9999 3119.76012156501 3119.76012156501 3119.76012156501 3119.76012156501 3119.76012156501 3119.76012156501 3119.76012156501 3119.76012156501 3119.76012156501 3119.76012156501 3046.76693796954 3046.76693796954 3046.76693796954 3112.8373944992 3112.8373944992 3112.8373944992 3133 3133 3133 3133 3133 3133 3133 3016.97548055885 3016.97548055885 3072.7840340693 3072.7840340693 3072.7840340693 3072.7840340693 3063.95754884465 3063.95754884465 3063.95754884465 3009 3063.95754884465 3063.95754884465 3248.80892848879 3248.80892848879 3248.80892848879 3248.80892848879 3248.80892848879 3248.80892848879 3080 3080 3080 3407.68952484054 3407.68952484054 3407.68952484054 3407.68952484054 3407.68952484054 3407.68952484054 3407.68952484054 3399.17625938911 3399.17625938911 3399.17625938911 3399.17625938911
-9999 -9999 -9999 -9999 -9999 -9999 -9999 3105.09686784828 3105.09686784828 3119.76012156501 3119.76012156501 3119.76012156501 3119.76012156501 3119.76012156501 3119.76012156501 3119.76012156501 3119.76012156501 3145.62826161976 3112.8373944992 3112.8373944992 3112.8373944992 3112.8373944992 3112.8373944992 3133 3133 3133 3133 3108.5 3108.5 3108.5 3108.5 3016.97548055885 3016.97548055885 3072.7840340693 3072.7840340693 3072.7840340693 3072.7840340693 3063.95754884465 3009 3009 3009 3063.95754884465 3248.80892848879 3248.80892848879 3248.80892848879 3248.80892848879 3248.80892848879 3080 3080 3080 3080 3080 3407.68952484054 3407.68952484054 3407.68952484054 3407.68952484054 3407.68952484054 3399.17625938911 3399.17625938911 3399.17625938911 3399.17625938911 3399.17625938911
-9999 -9999 -9999 -9999 -9999 -9999 3064.79110824042 3105.09686784828 3105.09686784828 3105.09686784828 3105.09686784828 3105.09686784828 3105.09686784828 3105.09686784828 3119.76012156501 3119.76012156501 3119.76012156501 3119.76012156501 3145.62826161976 3112.8373944992 3112.8373944992 3112.8373944992 3112.8373944992 3040.39251689009 3133 3133 3133 3108.5 3108.5 3108.5 3108.5 3016.97548055885 3016.97548055885 3072.7840340693 3072.7840340693 3072.7840340693 3072.7840340693 3009 3009 3009 3009 3009 3153.34232661441 3153.34232661441 3153.34232661441 3153.34232661441 3153.34232661441 3080 3080 3080 3080 3080 3080 3080 3080 3407.68952484054 3407.68952484054 3399.17625938911 3399.17625938911 3399.17625938911 3399.17625938911 3399.17625938911
-9999 -9999 -9999 -9999 -9999 -9999 3064.79110824042 3064.79110824042 3105.09686784828 3105.09686784828 3105.09686784828 3105.09686784828 3105.09686784828 3105.09686784828 3145.62826161976 3145.62826161976 3145.62826161976 3145.62826161976 3145.62826161976 3112.8373944992 3112.8373944992 3112.8373944992 3040.39251689009 3040.39251689009 3040.39251689009 3040.39251689009 3108.5 3108.5 3108.5 3108.5 3108.5 3016.97548055885 3016.97548055885 3072.7840340693 3072.7840340693 3072.7840340693 3072.7840340693 3009 3009 3009 3009 3009 3153.34232661441 3153.34232661441 3153.34232661441 3153.34232661441 3153.34232661441 3080 3080 3080 3080 3080 3080 3080 3080 3080 3080 3399.17625938911 3399.17625938911 3399.17625938911 3399.17625938911 3399.17625938911
-9999 -9999 -9999 -9999 -9999 3064.79110824042 3064.79110824042 3064.79110824042 3105.09686784828 3105.09686784828 3105.09686784828 3105.09686784828 3105.09686784828 3145.62826161976 3145.62826161976 3145.62826161976 3145.62826161976 3145.62826161976 3145.62826161976 3112.8373944992 3112.8373944992 3112.8373944992 3040.39251689009 3040.39251689009 3040.39251689009 3108.5 3108.5 3108.5 3108.5 3108.5 3108.5 3016.97548055885 3016.97548055885 3072.7840340693 3072.7840340693 3072.7840340693 3072.7840340693 3009 3009 3009 3009 3009 3153.34232661441 3153.34232661441 3153.34232661441 3153.34232661441 3153.34232661441 3080 3080 3080 3080 3080 3080 3399.17625938911 3080 3399.17625938911 3399.17625938911 3399.17625938911 3399.17625938911 3399.17625938911 3399.17625938911 3399.17625938911
-9999 -9999 -9999 -9999 3064.79110824042 3064.79110824042 3064.79110824042 3064.79110824042 3064.79110824042 3105.09686784828 3105.09686784828 3105.09686784828 3133.12093264267 3145.62826161976 3145.62826161976 3145.62826161976 3145.62826161976 3145.62826161976 3112.8373944992 3112.8373944992 3112.8373944992 3112.8373944992 3040.39251689009 3108.5 3108.5 3108.5 3108.5 3108.5 3108.5 3108.5 3016.97548055885 3016.97548055885 3072.7840340693 3072.7840340693 3072.7840340693 3072.7840340693 3072.7840340693 3009 3009 3009 3009 3153.34232661441 3153.34232661441 3153.34232661441 3153.34232661441 3153.34232661441 3153.34232661441 3080 3080 3080 3080 3080 3457.35793512926 3399.17625938911 3399.17625938911 3399.17625938911 3399.17625938911 3399.17625938911 3399.17625938911 3399.17625938911 3399.17625938911 3399.17625938911
-9999 -9999 -9999 -9999 -9999 3064.79110824042 3064.79110824042 3064.79110824042 3064.79110824042 3064.79110824042 3133.12093264267 3133.12093264267 3133.12093264267 3145.62826161976 3145.62826161976 3145.62826161976 3145.62826161976 3112.8373944992 3112.8373944992 3112.8373944992 3112.8373944992 3040.39251689009 3040.39251689009 3108.5 3108.5 3108.5 3108.5 3108.5 3108.5 3108.5 3016.97548055885 3016.97548055885 3016.97548055885 3072.7840340693 3072.7840340693 3072.7840340693 3009 3009 3009 3009 3009 3153.34232661441 3153.34232661441 3153.34232661441 3153.34232661441 3153.34232661441 3153.34232661441 3153.34232661441 3457.35793512926 3457.35793512926 3457.35793512926 3457.35793512926 3457.35793512926 3457.35793512926 3399.17625938911 3399.17625938911 3423.79226675887 3423.79226675887 3423.79226675887 3423.79226675887 3396.77322362042 3396.77322362042
