layers/rainwind/HTI_rain_wind_rain_oct3.asc
NCOLS 343 
NROWS 248 
XLLCORNER -74.4803996469999 
YLLCORNER 18.0221399550001 
CELLSIZE 0.00833308698833808 
NODATA_value -9999 
[rows 189 to 215 of 248, columns 0 to 61 of 343]
-9999 -9999 -9999 -9999 779.834446229831 779.834446229831 779.834446229831 779.834446229831 779.834446229831 779.834446229831 758.846120159495 758.846120159495 651.991938270816 717.213965902085 717.213965902085 717.213965902085 717.213965902085 767.998865254116 767.998865254116 767.998865254116 767.998865254116 662.542519628571 662.542519628571 726.5 726.5 726.5 726.5 726.5 726.5 726.5 705.547302016662 705.547302016662 705.547302016662 705.547302016662 705.547302016662 716.57190388764 702.5 702.5 702.5 702.5 683.4557079113 683.4557079113 683.4557079113 683.4557079113 683.4557079113 683.4557079113 683.4557079113 683.4557079113 585.122726927321 585.122726927321 585.122726927321 585.122726927321 585.122726927321 521.744370300657 521.744370300657 574.846437233141 574.846437233141 574.846437233141 574.846437233141 408.178482858595 408.178482858595 408.178482858595
-9999 -9999 -9999 779.834446229831 779.834446229831 779.834446229831 779.834446229831 649.262388587764 779.834446229831 779.834446229831 758.846120159495 651.991938270816 651.991938270816 717.213965902085 717.213965902085 717.213965902085 717.213965902085 717.213965902085 767.998865254116 767.998865254116 767.998865254116 662.542519628571 662.542519628571 662.542519628571 726.5 726.5 726.5 726.5 726.5 726.5 705.547302016662 705.547302016662 705.547302016662 705.547302016662 705.547302016662 716.57190388764 716.57190388764 716.57190388764 702.5 702.5 702.5 683.4557079113 683.4557079113 683.4557079113 683.4557079113 683.4557079113 683.4557079113 585.122726927321 585.122726927321 585.122726927321 585.122726927321 585.122726927321 585.122726927321 574.846437233141 574.846437233141 574.846437233141 574.846437233141 574.846437233141 574.846437233141 574.846437233141 408.178482858595 408.178482858595
-9999 -9999 649.262388587764 649.262388587764 649.262388587764 649.262388587764 649.262388587764 649.262388587764 649.262388587764 649.262388587764 651.991938270816 651.991938270816 651.991938270816 717.213965902085 717.213965902085 717.213965902085 717.213965902085 717.213965902085 717.213965902085 717.213965902085 662.542519628571 662.542519628571 662.542519628571 726.5 726.5 726.5 726.5 726.5 726.5 705.547302016662 705.547302016662 705.547302016662 705.547302016662 705.547302016662 705.547302016662 716.57190388764 716.57190388764 716.57190388764 702.5 702.5 702.5 702.5 683.4557079113 683.4557079113 683.4557079113 683.4557079113 585.122726927321 585.122726927321 585.122726927321 585.122726927321 585.122726927321 585.122726927321 585.122726927321 574.846437233141 507.868920954485 507.868920954485 507.868920954485 507.868920954485 507.868920954485 507.868920954485 408.178482858595 408.178482858595
-9999 -9999 -9999 649.262388587764 649.262388587764 649.262388587764 649.262388587764 649.262388587764 649.262388587764 649.262388587764 651.991938270816 651.991938270816 651.991938270816 651.991938270816 717.213965902085 717.213965902085 717.213965902085 717.213965902085 717.213965902085 717.213965902085 662.542519628571 662.542519628571 662.542519628571 662.542519628571 726.5 726.5 726.5 726.5 705.547302016662 705.547302016662 705.547302016662 705.547302016662 705.547302016662 705.547302016662 705.547302016662 716.57190388764 716.57190388764 716.57190388764 702.5 702.5 702.5 702.5 702.5 683.4557079113 683.4557079113 683.4557079113 585.122726927321 585.122726927321 585.122726927321 585.122726927321 585.122726927321 585.122726927321 585.122726927321 585.122726927321 507.868920954485 507.868920954485 507.868920954485 507.868920954485 507.868920954485 507.868920954485 507.868920954485 408.178482858595
-9999 -9999 -9999 654.731612276823 654.731612276823 649.262388587764 654.731612276823 654.731612276823 654.731612276823 654.731612276823 654.731612276823 651.991938270816 651.991938270816 651.991938270816 651.991938270816 717.213965902085 717.213965902085 717.213965902085 717.213965902085 717.213965902085 662.542519628571 662.542519628571 662.542519628571 662.542519628571 726.5 726.5 726.5 705.547302016662 705.547302016662 705.547302016662 705.547302016662 705.547302016662 705.547302016662 702.5 702.5 702.5 702.5 702.5 702.5 702.5 702.5 702.5 702.5 683.4557079113 683.4557079113 683.4557079113 585.122726927321 585.122726927321 585.122726927321 585.122726927321 585.122726927321 585.122726927321 585.122726927321 507.868920954485 507.868920954485 507.868920954485 507.868920954485 507.868920954485 507.868920954485 507.868920954485 408.178482858595 408.178482858595
-9999 -9999 -9999 654.731612276823 654.731612276823 654.731612276823 654.731612276823 654.731612276823 654.731612276823 654.731612276823 654.731612276823 654.731612276823 651.991938270816 651.991938270816 651.991938270816 717.213965902085 717.213965902085 717.213965902085 717.213965902085 717.213965902085 662.542519628571 662.542519628571 662.542519628571 662.542519628571 726.5 726.5 726.5 726.5 705.547302016662 705.547302016662 705.547302016662 705.547302016662 702.5 702.5 702.5 702.5 702.5 702.5 702.5 702.5 702.5 702.5 683.4557079113 683.4557079113 683.4557079113 683.4557079113 585.122726927321 585.122726927321 585.122726927321 585.122726927321 585.122726927321 585.122726927321 585.122726927321 507.868920954485 507.868920954485 507.868920954485 507.868920954485 507.868920954485 507.868920954485 408.178482858595 408.178482858595 408.178482858595
-9999 -9999 654.731612276823 654.731612276823 654.731612276823 654.731612276823 654.731612276823 654.731612276823 654.731612276823 654.731612276823 654.731612276823 654.731612276823 651.991938270816 651.991938270816 651.991938270816 651.991938270816 651.991938270816 717.213965902085 651.991938270816 651.991938270816 651.991938270816 662.542519628571 662.542519628571 726.5 726.5 726.5 726.5 726.5 705.547302016662 705.547302016662 726.5 726.5 702.5 702.5 702.5 702.5 702.5 702.5 702.5 702.5 702.5 702.5 683.4557079113 683.4557079113 683.4557079113 683.4557079113 585.122726927321 585.122726927321 585.122726927321 585.122726927321 585.122726927321 585.122726927321 585.122726927321 507.868920954485 507.868920954485 507.868920954485 507.868920954485 507.868920954485 507.868920954485 408.178482858595 408.178482858595 408.178482858595
-9999 -9999 654.731612276823 654.731612276823 654.731612276823 649.217372062716 649.217372062716 654.731612276823 654.731612276823 654.731612276823 654.731612276823 651.991938270816 651.991938270816 651.991938270816 651.991938270816 651.991938270816 651.991938270816 651.991938270816 651.991938270816 651.991938270816 651.991938270816 662.542519628571 662.542519628571 726.5 726.5 726.5 726.5 726.5 726.5 726.5 726.5 702.5 702.5 702.5 702.5 702.5 702.5 702.5 702.5 702.5 702.5 702.5 683.4557079113 683.4557079113 683.4557079113 683.4557079113 585.122726927321 585.122726927321 585.122726927321 585.122726927321 585.122726927321 585.122726927321 585.122726927321 585.122726927321 507.868920954485 507.868920954485 507.868920954485 507.868920954485 507.868920954485 507.868920954485 408.178482858595 408.178482858595
-9999 649.217372062716 649.217372062716 649.217372062716 649.217372062716 649.217372062716 649.217372062716 649.217372062716 649.217372062716 649.217372062716 588.612705601706 588.612705601706 588.612705601706 588.612705601706 651.991938270816 651.991938270816 651.991938270816 651.991938270816 651.991938270816 651.991938270816 662.542519628571 662.542519628571 662.542519628571 662.542519628571 726.5 726.5 726.5 726.5 726.5 726.5 726.5 702.5 702.5 702.5 702.5 702.5 702.5 702.5 702.5 702.5 702.5 702.5 702.5 683.4557079113 585.122726927321 585.122726927321 585.122726927321 585.122726927321 585.122726927321 585.122726927321 585.122726927321 585.122726927321 585.122726927321 585.122726927321 507.868920954485 507.868920954485 507.868920954485 507.868920954485 507.868920954485 408.178482858595 408.178482858595 408.178482858595
-9999 649.217372062716 649.217372062716 649.217372062716 649.217372062716 588.612705601706 588.612705601706 588.612705601706 588.612705601706 649.217372062716 588.612705601706 588.612705601706 588.612705601706 588.612705601706 588.612705601706 651.991938270816 651.991938270816 651.991938270816 651.991938270816 651.991938270816 662.542519628571 662.542519628571 662.542519628571 662.542519628571 726.5 726.5 726.5 726.5 726.5 726.5 726.5 702.5 702.5 702.5 702.5 702.5 702.5 702.5 702.5 702.5 702.5 702.5 702.5 585.122726927321 585.122726927321 585.122726927321 585.122726927321 585.122726927321 585.122726927321 585.122726927321 585.122726927321 585.122726927321 585.122726927321 507.868920954485 507.868920954485 507.868920954485 507.868920954485 507.868920954485 408.178482858595 408.178482858595 408.178482858595 408.178482858595
-9999 649.217372062716 649.217372062716 649.217372062716 649.217372062716 588.612705601706 588.612705601706 588.612705601706 588.612705601706 588.612705601706 588.612705601706 588.612705601706 588.612705601706 588.612705601706 588.612705601706 588.612705601706 651.991938270816 651.991938270816 662.542519628571 662.542519628571 662.542519628571 662.542519628571 662.542519628571 662.542519628571 726.5 726.5 726.5 726.5 726.5 726.5 726.5 702.5 702.5 702.5 702.5 702.5 702.5 702.5 702.5 702.5 702.5 702.5 702.5 702.5 585.122726927321 585.122726927321 585.122726927321 585.122726927321 585.122726927321 585.122726927321 585.122726927321 585.122726927321 585.122726927321 585.122726927321 507.868920954485 507.868920954485 507.868920954485 507.868920954485 408.178482858595 408.178482858595 408.178482858595 408.178482858595
-9999 588.612705601706 588.612705601706 588.612705601706 588.612705601706 482.823874825266 588.612705601706 482.823874825266 482.823874825266 588.612705601706 588.612705601706 588.612705601706 588.612705601706 588.612705601706 588.612705601706 588.612705601706 588.612705601706 588.612705601706 662.542519628571 662.542519628571 662.542519628571 662.542519628571 662.542519628571 662.542519628571 726.5 726.5 726.5 726.5 726.5 726.5 726.5 726.5 702.5 702.5 702.5 702.5 702.5 702.5 702.5 702.5 702.5 702.5 702.5 702.5 585.122726927321 585.122726927321 585.122726927321 585.122726927321 585.122726927321 585.122726927321 585.122726927321 585.122726927321 585.122726927321 585.122726927321 507.868920954485 507.868920954485 507.868920954485 507.868920954485 408.178482858595 408.178482858595 408.178482858595 408.178482858595
-9999 -9999 588.612705601706 588.612705601706 482.823874825266 482.823874825266 482.823874825266 482.823874825266 482.823874825266 482.823874825266 482.823874825266 588.612705601706 588.612705601706 588.612705601706 588.612705601706 588.612705601706 588.612705601706 588.612705601706 588.612705601706 588.612705601706 588.612705601706 662.542519628571 662.542519628571 662.542519628571 662.542519628571 726.5 726.5 726.5 726.5 726.5 726.5 702.5 702.5 702.5 702.5 702.5 702.5 702.5 702.5 702.5 702.5 702.5 702.5 702.5 702.5 585.122726927321 585.122726927321 585.122726927321 585.122726927321 585.122726927321 585.122726927321 585.122726927321 585.122726927321 585.122726927321 507.868920954485 507.868920954485 507.868920954485 507.868920954485 408.178482858595 408.178482858595 408.178482858595 408.178482858595
-9999 -9999 -9999 482.823874825266 482.823874825266 482.823874825266 383.244182312876 482.823874825266 482.823874825266 482.823874825266 482.823874825266 482.823874825266 588.612705601706 588.612705601706 588.612705601706 588.612705601706 588.612705601706 588.612705601706 588.612705601706 588.612705601706 588.612705601706 588.612705601706 662.542519628571 662.542519628571 726.5 726.5 726.5 726.5 726.5 726.5 726.5 726.5 702.5 702.5 702.5 702.5 702.5 702.5 702.5 702.5 702.5 702.5 702.5 702.5 702.5 351.392013344735 351.392013344735 298.567960743432 298.567960743432 298.567960743432 298.567960743432 585.122726927321 585.122726927321 507.868920954485 507.868920954485 507.868920954485 507.868920954485 408.178482858595 408.178482858595 408.178482858595 408.178482858595 408.178482858595
-9999 -9999 -9999 -9999 383.244182312876 383.244182312876 383.244182312876 482.823874825266 482.823874825266 482.823874825266 482.823874825266 482.823874825266 482.823874825266 482.823874825266 482.823874825266 588.612705601706 588.612705601706 588.612705601706 588.612705601706 588.612705601706 588.612705601706 588.612705601706 333.216190870712 662.542519628571 726.5 726.5 726.5 726.5 726.5 726.5 726.5 726.5 344.223222844601 344.223222844601 344.223222844601 344.223222844601 344.223222844601 320.916985827561 320.916985827561 320.916985827561 320.916985827561 320.916985827561 320.916985827561 320.916985827561 320.916985827561 351.392013344735 351.392013344735 351.392013344735 298.567960743432 298.567960743432 298.567960743432 298.567960743432 585.122726927321 507.868920954485 507.868920954485 507.868920954485 507.868920954485 408.178482858595 408.178482858595 408.178482858595 408.178482858595 408.178482858595
-9999 -9999 -9999 -9999 383.244182312876 383.244182312876 383.244182312876 383.244182312876 482.823874825266 482.823874825266 482.823874825266 482.823874825266 482.823874825266 482.823874825266 482.823874825266 482.823874825266 588.612705601706 588.612705601706 588.612705601706 588.612705601706 588.612705601706 588.612705601706 333.216190870712 333.216190870712 662.542519628571 726.5 726.5 726.5 726.5 726.5 726.5 344.223222844601 344.223222844601 344.223222844601 344.223222844601 344.223222844601 344.223222844601 344.223222844601 320.916985827561 320.916985827561 320.916985827561 320.916985827561 320.916985827561 320.916985827561 320.916985827561 351.392013344735 351.392013344735 298.567960743432 298.567960743432 298.567960743432 298.567960743432 298.567960743432 298.567960743432 300.832801676577 507.868920954485 507.868920954485 507.868920954485 408.178482858595 408.178482858595 408.178482858595 408.178482858595 408.178482858595
-9999 -9999 -9999 383.244182312876 383.244182312876 383.244182312876 383.244182312876 383.244182312876 383.244182312876 383.244182312876 482.823874825266 482.823874825266 482.823874825266 482.823874825266 482.823874825266 482.823874825266 482.823874825266 588.612705601706 588.612705601706 588.612705601706 588.612705601706 588.612705601706 333.216190870712 333.216190870712 333.216190870712 333.216190870712 726.5 726.5 726.5 344.223222844601 344.223222844601 344.223222844601 344.223222844601 344.223222844601 344.223222844601 344.223222844601 344.223222844601 320.916985827561 320.916985827561 320.916985827561 320.916985827561 320.916985827561 320.916985827561 320.916985827561 320.916985827561 351.392013344735 351.392013344735 351.392013344735 298.567960743432 298.567960743432 298.567960743432 298.567960743432 298.567960743432 300.832801676577 300.832801676577 300.832801676577 300.832801676577 300.832801676577 300.832801676577 408.178482858595 408.178482858595 408.178482858595
-9999 -9999 -9999 -9999 383.244182312876 383.244182312876 383.244182312876 383.244182312876 383.244182312876 383.244182312876 383.244182312876 482.823874825266 482.823874825266 482.823874825266 482.823874825266 482.823874825266 482.823874825266 588.612705601706 588.612705601706 588.612705601706 588.612705601706 333.216190870712 333.216190870712 333.216190870712 333.216190870712 333.216190870712 333.216190870712 333.216190870712 333.216190870712 344.223222844601 344.223222844601 344.223222844601 344.223222844601 344.223222844601 344.223222844601 344.223222844601 320.916985827561 320.916985827561 320.916985827561 320.916985827561 320.916985827561 320.916985827561 320.916985827561 320.916985827561 351.392013344735 351.392013344735 351.392013344735 298.567960743432 298.567960743432 298.567960743432 298.567960743432 298.567960743432 298.567960743432 300.832801676577 300.832801676577 300.832801676577 300.832801676577 300.832801676577 300.832801676577 300.832801676577 300.832801676577 305.486576603646
-9999 -9999 -9999 -9999 383.244182312876 401.395816019659 383.244182312876 383.244182312876 401.395816019659 383.244182312876 383.244182312876 401.395816019659 401.395816019659 401.395816019659 401.395816019659 401.395816019659 401.395816019659 401.395816019659 401.395816019659 401.395816019659 333.216190870712 333.216190870712 333.216190870712 333.216190870712 333.216190870712 333.216190870712 333.216190870712 333.216190870712 333.216190870712 333.216190870712 344.223222844601 344.223222844601 344.223222844601 344.223222844601 344.223222844601 344.223222844601 320.916985827561 320.916985827561 320.916985827561 320.916985827561 320.916985827561 320.916985827561 320.916985827561 320.916985827561 351.392013344735 351.392013344735 298.567960743432 298.567960743432 298.567960743432 298.567960743432 298.567960743432 298.567960743432 300.832801676577 300.832801676577 300.832801676577 300.832801676577 300.832801676577 300.832801676577 300.832801676577 300.832801676577 305.486576603646 305.486576603646
-9999 -9999 -9999 -9999 401.395816019659 401.395816019659 401.395816019659 401.395816019659 401.395816019659 401.395816019659 401.395816019659 401.395816019659 401.395816019659 401.395816019659 401.395816019659 401.395816019659 401.395816019659 401.395816019659 401.395816019659 401.395816019659 333.216190870712 333.216190870712 333.216190870712 333.216190870712 333.216190870712 333.216190870712 333.216190870712 333.216190870712 333.216190870712 333.216190870712 344.223222844601 344.223222844601 344.223222844601 344.223222844601 344.223222844601 344.223222844601 320.916985827561 320.916985827561 320.916985827561 320.916985827561 320.916985827561 320.916985827561 320.916985827561 351.392013344735 351.392013344735 298.567960743432 298.567960743432 298.567960743432 298.567960743432 298.567960743432 298.567960743432 298.567960743432 300.832801676577 300.832801676577 300.832801676577 300.832801676577 300.832801676577 300.832801676577 300.832801676577 305.486576603646 305.486576603646 305.486576603646
-9999 -9999 -9999 -9999 -9999 401.395816019659 401.395816019659 401.395816019659 401.395816019659 401.395816019659 401.395816019659 401.395816019659 401.395816019659 401.395816019659 401.395816019659 401.395816019659 401.395816019659 401.395816019659 401.395816019659 401.395816019659 333.216190870712 333.216190870712 333.216190870712 333.216190870712 333.216190870712 333.216190870712 333.216190870712 326.601216180697 326.601216180697 326.601216180697 326.601216180697 344.223222844601 344.223222844601 344.223222844601 344.223222844601 344.223222844601 320.916985827561 320.916985827561 320.916985827561 320.916985827561 320.916985827561 351.392013344735 351.392013344735 351.392013344735 298.567960743432 298.567960743432 298.567960743432 298.567960743432 298.567960743432 298.567960743432 298.567960743432 298.567960743432 300.832801676577 300.832801676577 300.832801676577 300.832801676577 300.832801676577 300.832801676577 300.832801676577 305.486576603646 305.486576603646 305.486576603646
-9999 -9999 -9999 -9999 -9999 -9999 -9999 -9999 -9999 401.395816019659 401.395816019659 401.395816019659 401.395816019659 401.395816019659 401.395816019659 401.395816019659 401.395816019659 401.395816019659 401.395816019659 401.395816019659 333.216190870712 333.216190870712 333.216190870712 333.216190870712 326.601216180697 326.601216180697 326.601216180697 326.601216180697 326.601216180697 326.601216180697 344.223222844601 344.223222844601 344.223222844601 344.223222844601 344.223222844601 344.223222844601 320.916985827561 320.916985827561 320.916985827561 320.916985827561 351.392013344735 351.392013344735 351.392013344735 298.567960743432 298.567960743432 298.567960743432 298.567960743432 298.567960743432 298.567960743432 298.567960743432 298.567960743432 298.567960743432 300.832801676577 300.832801676577 300.832801676577 300.832801676577 300.832801676577 300.832801676577 300.832801676577 300.832801676577 305.486576603646 305.486576603646
-9999 -9999 -9999 -9999 -9999 -9999 -9999 -9999 -9999 -9999 401.395816019659 401.395816019659 401.395816019659 401.395816019659 401.395816019659 401.395816019659 397.97683073444 397.97683073444 397.97683073444 397.97683073444 397.97683073444 397.97683073444 397.97683073444 326.601216180697 326.601216180697 326.601216180697 326.601216180697 326.601216180697 326.601216180697 344.223222844601 344.223222844601 344.223222844601 344.223222844601 344.223222844601 379.857877942548 379.857877942548 379.857877942548 379.857877942548 379.857877942548 379.857877942548 379.857877942548 379.857877942548 351.392013344735 351.392013344735 298.567960743432 298.567960743432 298.567960743432 286.88069268043 298.567960743432 286.88069268043 298.567960743432 286.88069268043 286.88069268043 300.832801676577 300.832801676577 300.832801676577 300.832801676577 300.832801676577 300.832801676577 300.832801676577 300.832801676577 305.486576603646
-9999 -9999 -9999 -9999 -9999 -9999 -9999 -9999 -9999 -9999 397.97683073444 397.97683073444 397.97683073444 397.97683073444 397.97683073444 397.97683073444 397.97683073444 397.97683073444 397.97683073444 397.97683073444 397.97683073444 397.97683073444 397.97683073444 326.601216180697 326.601216180697 326.601216180697 326.601216180697 326.601216180697 344.223222844601 344.223222844601 344.223222844601 344.223222844601 344.223222844601 379.857877942548 379.857877942548 379.857877942548 379.857877942548 379.857877942548 379.857877942548 379.857877942548 379.857877942548 379.857877942548 379.857877942548 351.392013344735 351.392013344735 298.567960743432 298.567960743432 286.88069268043 286.88069268043 286.88069268043 286.88069268043 286.88069268043 286.88069268043 286.88069268043 300.832801676577 300.832801676577 300.832801676577 300.832801676577 300.832801676577 300.832801676577 300.832801676577 300.832801676577
-9999 -9999 -9999 -9999 -9999 -9999 -9999 -9999 -9999 -9999 -9999 -9999 397.97683073444 397.97683073444 397.97683073444 397.97683073444 397.97683073444 397.97683073444 397.97683073444 397.97683073444 397.97683073444 397.97683073444 326.601216180697 326.601216180697 326.601216180697 326.601216180697 -9999 -9999 -9999 -9999 -9999 344.223222844601 344.223222844601 379.857877942548 379.857877942548 379.857877942548 379.857877942548 379.857877942548 379.857877942548 379.857877942548 379.857877942548 351.392013344735 351.392013344735 351.392013344735 351.392013344735 298.567960743432 286.88069268043 286.88069268043 286.88069268043 286.88069268043 286.88069268043 286.88069268043 286.88069268043 286.88069268043 286.88069268043 300.832801676577 300.832801676577 300.832801676577 300.832801676577 300.832801676577 300.832801676577 300.832801676577
-9999 -9999 -9999 -9999 -9999 -9999 -9999 -9999 -9999 -9999 -9999 -9999 -9999 397.97683073444 397.97683073444 397.97683073444 397.97683073444 397.97683073444 397.97683073444 397.97683073444 326.601216180697 326.601216180697 326.601216180697 326.601216180697 -9999 -9999 -9999 -9999 -9999 -9999 -9999 344.223222844601 344.223222844601 379.857877942548 379.857877942548 259.79283162037 259.79283162037 259.79283162037 259.79283162037 259.79283162037 259.79283162037 259.79283162037 351.392013344735 351.392013344735 351.392013344735 286.88069268043 286.88069268043 286.88069268043 286.88069268043 286.88069268043 286.88069268043 286.88069268043 286.88069268043 286.88069268043 286.88069268043 300.272523211247 300.832801676577 300.832801676577 300.832801676577 300.832801676577 300.832801676577 300.832801676577
-9999 -9999 -9999 -9999 -9999 -9999 -9999 -9999 -9999 -9999 -9999 -9999 -9999 -9999 -9999 -9999 397.97683073444 326.601216180697 326.601216180697 326.601216180697 326.601216180697 326.601216180697 326.601216180697 -9999 -9999 -9999 -9999 -9999 -9999 -9999 -9999 -9999 -9999 -9999 -9999 259.79283162037 259.79283162037 259.79283162037 259.79283162037 259.79283162037 259.79283162037 259.79283162037 351.392013344735 351.392013344735 351.392013344735 286.88069268043 286.88069268043 286.88069268043 286.88069268043 286.88069268043 286.88069268043 286.88069268043 300.374062664663 300.374062664663 300.374062664663 300.272523211247 300.272523211247 300.832801676577 300.832801676577 300.832801676577 300.832801676577 300.832801676577
