layers/rainwind/HTI_rain_wind_rain_total.asc
NCOLS 343 
NROWS 248 
XLLCORNER -74.4803996469999 
YLLCORNER 18.0221399550001 
CELLSIZE 0.00833308698833808 
NODATA_value -9999 
[rows 180 to 215 of 248, columns 164 to 245 of 343]
-9999 -9999 -9999 -9999 -9999 -9999 -9999 -9999 -9999 -9999 -9999 -9999 -9999 -9999 -9999 -9999 -9999 -9999 -9999 -9999 -9999 -9999 -9999 -9999 -9999 -9999 -9999 -9999 -9999 -9999 -9999 -9999 -9999 -9999 -9999 -9999 -9999 -9999 -9999 -9999 -9999 -9999 -9999 -9999 -9999 -9999 -9999 -9999 -9999 -9999 -9999 -9999 -9999 -9999 -9999 -9999 -9999 -9999 -9999 -9999 -9999 -9999 -9999 -9999 -9999 -9999 -9999 -9999 -9999 -9999 -9999 -9999 -9999 -9999 -9999 -9999 -9999 -9999 -9999 -9999 -9999 -9999
-9999 -9999 -9999 -9999 -9999 -9999 -9999 -9999 -9999 -9999 -9999 -9999 -9999 -9999 -9999 -9999 -9999 -9999 -9999 -9999 -9999 -9999 -9999 -9999 -9999 -9999 -9999 -9999 -9999 -9999 -9999 -9999 -9999 -9999 -9999 -9999 -9999 -9999 -9999 -9999 -9999 -9999 -9999 -9999 -9999 -9999 -9999 -9999 -9999 -9999 -9999 -9999 -9999 -9999 -9999 -9999 -9999 -9999 -9999 -9999 -9999 -9999 -9999 -9999 -9999 -9999 -9999 -9999 -9999 -9999 -9999 -9999 -9999 -9999 -9999 -9999 -9999 -9999 -9999 -9999 -9999 -9999
-9999 -9999 -9999 -9999 -9999 -9999 -9999 -9999 -9999 -9999 -9999 -9999 -9999 -9999 -9999 -9999 -9999 -9999 -9999 -9999 -9999 -9999 -9999 -9999 -9999 -9999 -9999 -9999 -9999 -9999 -9999 -9999 -9999 -9999 -9999 -9999 -9999 -9999 -9999 -9999 -9999 -9999 -9999 -9999 -9999 -9999 -9999 -9999 -9999 -9999 -9999 -9999 -9999 -9999 -9999 -9999 -9999 -9999 -9999 -9999 -9999 -9999 -9999 -9999 -9999 -9999 -9999 -9999 -9999 -9999 -9999 -9999 -9999 -9999 -9999 -9999 -9999 -9999 -9999 -9999 -9999 -9999
-9999 -9999 -9999 -9999 -9999 -9999 -9999 -9999 -9999 -9999 -9999 -9999 -9999 -9999 -9999 -9999 -9999 -9999 -9999 -9999 -9999 -9999 -9999 -9999 -9999 -9999 -9999 -9999 -9999 -9999 -9999 -9999 -9999 -9999 -9999 -9999 -9999 -9999 -9999 -9999 -9999 -9999 -9999 -9999 -9999 -9999 -9999 -9999 -9999 -9999 -9999 -9999 -9999 -9999 -9999 -9999 -9999 -9999 -9999 -9999 -9999 -9999 555 555 555 555 555 -9999 -9999 -9999 -9999 -9999 -9999 -9999 -9999 -9999 -9999 -9999 -9999 -9999 -9999 -9999
-9999 -9999 -9999 -9999 -9999 -9999 -9999 -9999 -9999 -9999 -9999 -9999 -9999 -9999 -9999 -9999 -9999 -9999 -9999 -9999 -9999 -9999 -9999 -9999 -9999 -9999 -9999 -9999 -9999 -9999 -9999 -9999 -9999 -9999 -9999 -9999 -9999 -9999 -9999 -9999 -9999 -9999 -9999 -9999 -9999 -9999 -9999 -9999 -9999 -9999 -9999 -9999 -9999 -9999 -9999 -9999 -9999 -9999 -9999 555 555 555 555 555 555 555 555 555 -9999 -9999 -9999 -9999 -9999 -9999 -9999 -9999 -9999 -9999 -9999 -9999 -9999 -9999
-9999 -9999 -9999 -9999 -9999 -9999 -9999 -9999 -9999 -9999 -9999 -9999 -9999 -9999 -9999 -9999 -9999 -9999 -9999 -9999 -9999 -9999 -9999 -9999 -9999 -9999 -9999 -9999 -9999 -9999 -9999 -9999 -9999 -9999 -9999 -9999 -9999 -9999 -9999 -9999 -9999 -9999 -9999 -9999 -9999 -9999 -9999 -9999 -9999 -9999 -9999 -9999 -9999 -9999 -9999 -9999 -9999 -9999 555 555 555 555 555 555 555 555 555 555 553 553 536 536 536 528 528 528 528 528 528 543 543 -9999
-9999 -9999 -9999 -9999 -9999 -9999 -9999 -9999 -9999 -9999 -9999 -9999 -9999 -9999 -9999 -9999 -9999 -9999 -9999 -9999 -9999 -9999 -9999 -9999 -9999 -9999 -9999 -9999 -9999 -9999 -9999 -9999 -9999 -9999 -9999 -9999 -9999 -9999 -9999 -9999 -9999 -9999 -9999 -9999 -9999 -9999 -9999 -9999 -9999 -9999 -9999 -9999 -9999 -9999 -9999 -9999 -9999 555 555 555 555 555 555 555 555 555 555 553 553 553 536 536 536 536 528 528 528 528 528 543 543 543
-9999 -9999 -9999 -9999 -9999 -9999 -9999 -9999 -9999 -9999 -9999 -9999 -9999 -9999 -9999 -9999 -9999 -9999 -9999 -9999 -9999 -9999 -9999 -9999 -9999 -9999 -9999 -9999 -9999 -9999 -9999 -9999 -9999 -9999 -9999 -9999 -9999 -9999 -9999 -9999 -9999 -9999 -9999 -9999 -9999 -9999 -9999 -9999 -9999 -9999 -9999 -9999 -9999 -9999 -9999 -9999 555 555 555 555 555 555 555 555 555 562 562 553 553 553 536 536 536 536 528 528 528 528 528 543 543 543
-9999 -9999 -9999 -9999 -9999 -9999 -9999 -9999 -9999 -9999 -9999 -9999 -9999 -9999 -9999 -9999 -9999 -9999 -9999 -9999 -9999 -9999 -9999 -9999 -9999 -9999 -9999 -9999 -9999 -9999 -9999 -9999 -9999 -9999 -9999 -9999 -9999 -9999 -9999 -9999 -9999 -9999 -9999 -9999 -9999 -9999 -9999 -9999 -9999 -9999 -9999 -9999 -9999 -9999 -9999 595 555 555 555 555 555 555 562 562 562 562 562 553 553 553 536 536 536 536 536 528 528 528 528 543 543 543
-9999 -9999 -9999 -9999 -9999 -9999 -9999 -9999 -9999 -9999 -9999 -9999 -9999 -9999 -9999 -9999 -9999 -9999 -9999 -9999 -9999 -9999 -9999 -9999 -9999 -9999 -9999 -9999 -9999 -9999 -9999 -9999 -9999 -9999 -9999 -9999 -9999 -9999 -9999 -9999 -9999 -9999 -9999 -9999 -9999 -9999 -9999 -9999 -9999 -9999 -9999 -9999 -9999 -9999 -9999 595 595 595 555 555 562 562 562 562 562 553 553 553 553 553 553 536 553 536 536 536 536 528 555 555 553 543
-9999 -9999 -9999 -9999 -9999 -9999 -9999 -9999 -9999 -9999 -9999 -9999 -9999 -9999 -9999 -9999 -9999 -9999 -9999 -9999 -9999 -9999 -9999 -9999 -9999 -9999 -9999 -9999 -9999 -9999 -9999 -9999 -9999 -9999 -9999 -9999 -9999 -9999 -9999 -9999 -9999 -9999 -9999 -9999 -9999 -9999 -9999 -9999 -9999 -9999 -9999 -9999 -9999 -9999 -9999 595 595 595 595 595 562 562 562 562 562 553 553 553 553 553 553 553 553 553 536 536 536 536 555 555 553 553
-9999 -9999 -9999 -9999 -9999 -9999 -9999 -9999 -9999 -9999 -9999 -9999 -9999 -9999 -9999 -9999 -9999 -9999 -9999 -9999 -9999 -9999 -9999 -9999 -9999 -9999 -9999 -9999 -9999 -9999 -9999 -9999 -9999 -9999 -9999 -9999 -9999 -9999 -9999 -9999 -9999 -9999 -9999 -9999 -9999 -9999 -9999 -9999 -9999 -9999 -9999 -9999 -9999 -9999 595 595 595 595 595 595 562 562 562 562 562 553 553 553 553 553 553 553 553 553 536 536 536 536 536 555 555 553
-9999 -9999 -9999 -9999 -9999 -9999 -9999 -9999 -9999 -9999 -9999 -9999 -9999 -9999 -9999 -9999 -9999 -9999 -9999 -9999 -9999 -9999 -9999 -9999 -9999 -9999 -9999 -9999 -9999 -9999 -9999 -9999 -9999 -9999 -9999 -9999 -9999 -9999 -9999 -9999 -9999 -9999 -9999 -9999 -9999 -9999 -9999 -9999 -9999 -9999 -9999 -9999 -9999 -9999 595 595 595 595 595 595 595 562 562 562 562 562 553 553 553 553 553 553 553 536 536 536 536 536 536 536 555 553
-9999 -9999 -9999 -9999 -9999 -9999 -9999 -9999 -9999 -9999 -9999 -9999 -9999 -9999 -9999 -9999 -9999 -9999 -9999 -9999 -9999 -9999 -9999 -9999 -9999 -9999 -9999 -9999 -9999 -9999 -9999 -9999 -9999 -9999 -9999 -9999 -9999 -9999 -9999 -9999 -9999 -9999 -9999 -9999 -9999 -9999 -9999 -9999 -9999 -9999 -9999 -9999 -9999 -9999 595 595 595 595 595 595 562 562 562 562 562 562 562 553 553 553 553 553 553 553 536 536 536 536 536 536 563 562
-9999 -9999 -9999 -9999 -9999 -9999 -9999 -9999 -9999 -9999 -9999 -9999 -9999 -9999 -9999 -9999 -9999 -9999 -9999 -9999 -9999 -9999 -9999 -9999 -9999 -9999 -9999 -9999 -9999 -9999 -9999 -9999 -9999 -9999 -9999 -9999 -9999 -9999 -9999 -9999 -9999 -9999 -9999 -9999 -9999 -9999 -9999 -9999 -9999 -9999 -9999 -9999 -9999 595 595 595 595 595 595 595 562 562 562 562 562 562 600 562 562 562 538 538 538 538 538 538 538 538 563 563 563 563
-9999 -9999 -9999 -9999 -9999 -9999 -9999 639 639 639 639 639 639 639 639 639 639 639 639 639 -9999 -9999 -9999 -9999 -9999 -9999 -9999 -9999 -9999 -9999 -9999 -9999 -9999 -9999 -9999 -9999 -9999 -9999 -9999 -9999 -9999 -9999 -9999 -9999 -9999 -9999 -9999 -9999 -9999 -9999 -9999 -9999 -9999 595 595 595 595 595 595 562 576 576 562 562 562 600 600 562 562 562 562 562 562 538 538 538 538 538 563 563 563 563
646 -9999 -9999 -9999 -9999 626 626 639 639 639 639 639 639 639 639 639 639 639 639 639 639 639 639 639 -9999 -9999 -9999 -9999 -9999 -9999 -9999 -9999 -9999 -9999 -9999 -9999 -9999 -9999 -9999 -9999 -9999 -9999 -9999 -9999 -9999 -9999 -9999 -9999 -9999 -9999 -9999 -9999 595 595 595 595 595 595 595 576 576 576 576 576 576 600 600 600 562 562 562 562 562 538 538 538 538 538 538 563 563 562
626 626 626 626 626 626 626 626 639 625 625 625 625 625 639 625 639 639 639 639 639 639 639 639 639 639 -9999 -9999 -9999 -9999 -9999 598 598 598 -9999 -9999 -9999 -9999 -9999 -9999 -9999 -9999 -9999 -9999 -9999 -9999 -9999 -9999 -9999 -9999 -9999 601 601 601 601 601 601 601 588 576 576 576 576 576 576 576 600 600 600 562 562 562 562 538 538 538 538 538 538 563 563 562
651 626 626 626 626 626 626 625 625 625 625 625 625 625 625 625 625 617 617 617 617 617 617 617 617 617 -9999 -9999 -9999 -9999 586 598 598 598 610 610 610 610 -9999 -9999 -9999 -9999 -9999 -9999 -9999 -9999 -9999 -9999 -9999 618 601 601 601 601 601 601 601 588 588 576 576 576 576 576 576 576 600 600 600 600 562 562 562 562 541 538 538 538 538 563 563 562
626 626 626 626 626 626 626 626 625 625 625 625 625 625 625 625 625 617 617 617 617 617 617 617 617 617 -9999 -9999 -9999 586 586 586 598 598 598 610 610 610 610 610 610 610 618 618 618 -9999 618 618 618 618 618 601 601 601 601 601 601 588 588 588 576 576 576 576 576 576 600 600 600 600 541 562 562 562 541 541 538 541 541 563 562 562
626 626 626 626 626 626 626 626 625 625 625 625 625 625 625 625 625 617 617 617 617 617 617 617 617 617 586 586 586 586 586 586 598 598 598 598 610 610 610 610 610 610 618 618 618 618 618 618 618 618 618 601 601 601 601 601 601 588 588 588 576 576 576 576 576 576 576 600 600 600 541 541 562 541 541 541 541 541 541 562 562 562
626 626 626 626 626 626 626 626 626 625 625 625 625 625 625 625 625 617 617 617 617 617 617 617 586 586 586 586 586 586 586 586 598 598 598 598 610 610 610 610 610 610 618 618 618 618 618 618 618 618 601 601 601 601 601 601 601 588 588 588 576 588 588 588 576 600 600 600 600 606 541 541 541 541 541 541 541 541 541 562 562 510
664 664 626 626 626 626 626 626 626 625 625 625 625 625 625 625 617 617 617 617 617 617 617 578 578 586 586 586 586 586 586 586 598 598 598 598 610 610 610 610 610 610 610 618 618 618 618 618 618 618 601 601 601 601 601 601 601 588 588 588 588 588 588 588 606 606 606 606 606 606 606 606 541 504 504 541 541 541 541 541 562 562
664 664 626 626 626 626 626 626 626 618 625 625 625 589 589 589 617 617 617 617 617 617 617 578 578 578 586 586 586 586 586 586 598 598 598 598 610 610 610 610 610 610 610 610 618 618 618 618 618 618 618 601 601 601 601 601 605 605 588 588 605 588 588 606 606 606 606 606 606 606 606 504 504 504 504 504 504 504 504 504 504 504
664 664 626 626 626 626 626 626 618 618 618 625 589 589 589 589 617 617 617 617 617 617 617 578 578 578 578 586 586 586 586 598 598 598 598 598 583 583 610 610 610 610 610 610 618 618 618 618 618 618 618 618 601 601 601 605 605 605 605 605 605 588 588 606 606 606 606 606 606 606 504 504 504 504 504 504 504 504 504 504 504 504
664 664 618 618 618 618 618 618 618 618 618 589 589 589 589 589 589 617 617 617 617 617 578 578 578 578 578 586 586 586 598 598 598 598 598 583 583 583 583 610 610 610 610 610 610 571 618 618 604 604 604 604 604 604 605 605 605 605 605 591 591 605 606 606 606 606 606 606 606 606 504 504 504 504 504 504 525 525 525 504 504 510
664 618 618 618 618 618 618 618 618 618 618 601 589 589 589 589 589 589 589 617 617 617 578 578 578 578 578 586 586 586 598 598 598 598 598 598 598 583 583 583 583 571 610 610 571 571 604 618 618 618 604 604 604 605 605 605 605 605 591 591 605 605 606 606 606 606 606 606 606 504 504 504 504 504 504 486 525 525 525 525 525 462
666 618 618 618 618 618 618 618 618 618 601 601 589 589 589 589 589 589 617 617 617 617 617 570 578 578 578 586 586 586 598 598 598 598 583 583 598 583 583 583 583 571 571 571 571 571 604 618 618 604 604 604 605 605 605 605 605 591 591 591 591 591 591 606 606 606 606 606 504 504 504 486 486 486 486 486 486 525 525 525 525 525
666 666 618 618 618 618 618 618 618 618 601 601 589 589 589 589 589 617 617 617 617 617 570 570 570 570 578 586 586 567 567 567 598 598 583 583 583 583 583 583 583 583 571 571 571 604 604 604 604 604 604 604 604 605 605 605 605 591 591 591 591 591 591 528 528 606 504 504 504 504 504 486 486 486 486 486 486 486 525 525 525 525
666 594 618 618 618 618 618 618 618 601 601 601 589 589 589 589 589 617 617 617 617 570 570 570 570 570 570 570 567 567 567 567 583 583 583 583 583 583 583 583 583 583 571 571 571 604 604 604 604 604 604 605 605 605 605 605 605 580 580 591 591 591 528 528 528 528 504 504 504 504 504 486 486 486 486 486 486 525 525 525 525 462
666 594 594 594 618 618 618 618 618 601 601 601 589 589 589 589 589 617 617 617 617 617 570 570 570 570 570 559 559 559 567 567 583 583 583 583 583 583 583 583 583 583 571 571 571 604 604 604 604 604 605 605 605 605 605 605 605 580 580 580 591 591 528 528 528 528 528 504 536 536 536 536 536 486 486 486 486 525 462 462 472 472
594 594 594 594 594 618 618 618 618 601 601 601 601 601 589 589 617 617 617 617 570 570 570 570 570 570 570 559 559 559 559 567 583 583 583 583 583 583 583 583 583 571 571 571 605 605 605 604 604 604 605 605 605 600 605 605 580 580 580 580 591 591 528 528 528 528 528 528 536 536 536 536 536 536 536 536 486 486 472 472 472 472
594 594 594 594 594 594 618 618 618 601 601 601 601 601 557 589 617 617 617 570 570 570 570 570 570 559 570 559 559 559 559 567 567 567 583 583 583 583 583 583 583 571 571 571 571 579 605 605 605 605 605 600 600 600 600 600 600 580 580 580 580 528 528 528 528 528 528 536 536 536 536 536 536 536 536 536 486 486 486 486 486 472
594 594 594 594 594 594 618 618 618 601 601 601 601 601 557 617 617 570 570 570 570 570 570 570 570 559 559 559 559 559 567 567 567 583 583 583 583 583 583 580 580 571 571 571 571 579 579 605 605 600 600 600 600 600 600 600 600 600 580 580 580 580 580 528 528 528 528 536 536 536 536 536 536 536 486 486 486 486 486 486 486 464
651 651 594 594 594 594 594 594 601 601 601 601 601 601 557 557 570 570 570 570 570 570 570 570 570 559 559 559 559 559 567 567 583 583 583 583 583 580 580 580 580 580 571 571 571 579 579 579 605 600 600 600 600 600 600 600 600 600 580 580 580 580 580 580 580 536 536 536 536 536 536 536 510 510 510 486 486 486 486 486 486 486
651 651 651 594 594 594 594 594 601 601 601 601 601 557 557 557 570 570 570 586 586 570 570 570 559 559 546 559 559 559 567 567 567 567 583 583 583 580 580 580 580 580 571 571 571 579 579 579 579 600 600 578 578 578 578 578 578 578 564 580 580 580 580 580 580 580 536 536 536 536 536 536 510 510 510 510 486 486 486 486 486 486
