layers/rainwind/HTI_rain_wind_comb_score.asc
NCOLS 343 
NROWS 248 
XLLCORNER -74.4803996469999 
YLLCORNER 18.0221399550001 
CELLSIZE 0.00833308698833808 
NODATA_value -9999 
[rows 180 to 215 of 248, columns 0 to 80 of 343]
-9999 -9999 -9999 -9999 -9999 -9999 -9999 -9999 8.03 8.03 8.03 8.03 8.03 8.03 8.03 8.13 8.13 8.13 8.13 8.13 8.13 8.78 8.78 8.78 8.57 8.57 8.57 8.57 8.57 8.06 8.06 8.06 8.06 7.65 7.65 7.65 7.65 7.63 7.63 7.63 7.63 7.63 7.63 7.07 7.07 7.07 7.07 7.07 7.07 6.6 6.67 6.67 6.67 6.67 6.67 6.67 6.67 6.67 6.22 6.22 6.22 6.22 6.33 6.33 6.33 6.33 6.33 6.33 -9999 -9999 -9999 -9999 -9999 -9999 -9999 -9999 -9999 -9999 -9999 -9999 -9999
-9999 -9999 -9999 -9999 -9999 -9999 -9999 8.03 8.03 8.03 8.03 8.03 8.03 8.03 8.03 8.03 8.13 8.13 8.13 8.13 8.13 8.59 8.78 8.78 8.57 8.57 8.57 8.57 8.57 8.57 7.88 7.88 7.65 7.65 7.65 7.65 7.65 7.63 7.63 7.63 7.63 7.63 7.07 7.07 7.07 7.07 7.07 7.07 7.07 6.6 6.67 6.67 6.67 6.67 6.67 6.67 6.67 6.67 6.67 6.22 6.22 6.22 6.33 6.33 6.33 6.33 6.33 6.33 -9999 -9999 -9999 -9999 -9999 -9999 -9999 -9999 -9999 -9999 -9999 -9999 -9999
-9999 -9999 -9999 -9999 -9999 -9999 -9999 8.03 8.03 8.03 8.03 8.03 8.03 8.03 8.03 8.03 8.03 8.13 8.13 8.13 8.59 8.59 8.59 8.57 8.57 8.57 8.57 8.57 8.57 8.57 7.88 7.88 7.65 7.65 7.65 7.65 7.63 7.63 7.63 7.21 7.63 7.63 7.07 7.07 7.07 7.07 7.07 7.07 6.6 6.6 6.6 6.67 6.67 6.67 6.67 6.67 6.67 6.67 6.22 6.22 6.22 6.22 6.33 6.33 6.33 6.33 6.33 6.05 6.05 6.05 6.05 6.05 6.05 6.05 6.05 -9999 6.05 -9999 -9999 -9999 -9999
-9999 -9999 -9999 -9999 -9999 -9999 -9999 7.86 7.86 8.03 8.03 8.03 8.03 8.03 8.03 8.03 8.03 7.93 8.59 8.59 8.59 8.59 8.59 8.57 8.57 8.57 8.57 8.23 8.23 8.23 8.23 7.88 7.88 7.65 7.65 7.65 7.65 7.63 7.21 7.21 7.21 7.63 7.07 7.07 7.07 7.07 7.07 6.6 6.6 6.6 6.6 6.6 6.67 6.67 6.67 6.67 6.67 6.22 6.22 6.22 6.22 6.22 6.22 6.22 6.33 6.33 6.33 6.05 6.05 6.05 6.05 6.05 6.05 6.05 6.05 6.05 5.77 5.77 5.77 5.77 -9999
-9999 -9999 -9999 -9999 -9999 -9999 7.36 7.86 7.86 7.86 7.86 7.86 7.86 7.86 8.03 8.03 8.03 8.03 7.93 8.59 8.59 8.59 8.59 8.52 8.57 8.57 8.57 8.23 8.23 8.23 8.23 7.88 7.88 7.65 7.65 7.65 7.65 7.21 7.21 7.21 7.21 7.21 6.81 6.81 6.81 6.81 6.81 6.6 6.6 6.6 6.6 6.6 6.6 6.6 6.6 6.67 6.67 6.22 6.22 6.22 6.22 6.22 6.22 6.22 6.33 6.33 6.05 6.14 6.05 6.05 6.05 6.05 6.05 6.05 6.05 6.05 5.77 5.77 5.77 5.77 5.77
-9999 -9999 -9999 -9999 -9999 -9999 7.36 7.36 7.86 7.86 7.86 7.86 7.86 7.86 7.93 7.93 7.93 7.93 7.93 8.59 8.59 8.59 8.52 8.52 8.52 8.52 8.23 8.23 8.23 8.23 8.23 7.88 7.88 7.65 7.65 7.65 7.65 7.21 7.21 7.21 7.21 7.21 6.81 6.81 6.81 6.81 6.81 6.6 6.6 6.6 6.6 6.6 6.6 6.6 6.6 6.6 6.6 6.22 6.22 6.22 6.22 6.22 6.22 6.33 6.33 6.14 6.14 6.14 6.14 6.05 6.05 6.05 6.05 6.05 6.05 5.77 5.77 5.77 5.77 5.77 5.77
-9999 -9999 -9999 -9999 -9999 7.36 7.36 7.36 7.86 7.86 7.86 7.86 7.86 7.93 7.93 7.93 7.93 7.93 7.93 8.59 8.59 8.59 8.52 8.52 8.52 8.23 8.23 8.23 8.23 8.23 8.23 7.88 7.88 7.65 7.65 7.65 7.65 7.21 7.21 7.21 7.21 7.21 6.81 6.81 6.81 6.81 6.81 6.6 6.6 6.6 6.6 6.6 6.6 6.22 6.6 6.22 6.22 6.22 6.22 6.22 6.22 6.22 6.22 6.22 6.14 6.14 6.14 6.14 6.05 6.05 6.05 6.05 6.05 6.05 6.05 5.77 5.77 5.77 5.77 5.77 5.77
-9999 -9999 -9999 -9999 7.36 7.36 7.36 7.36 7.36 7.86 7.86 7.86 8.07 7.93 7.93 7.93 7.93 7.93 8.59 8.59 8.59 8.59 8.52 8.23 8.23 8.23 8.23 8.23 8.23 8.23 7.88 7.88 7.65 7.65 7.65 7.65 7.65 7.21 7.21 7.21 7.21 6.81 6.81 6.81 6.81 6.81 6.81 6.6 6.6 6.6 6.6 6.6 6.53 6.22 6.22 6.22 6.22 6.22 6.22 6.22 6.22 6.22 6.22 6.14 6.14 6.14 6.14 6.14 6.05 6.05 6.05 6.05 6.05 6.05 6.05 5.77 5.77 5.77 5.77 5.77 5.77
-9999 -9999 -9999 -9999 -9999 7.36 7.36 7.36 7.36 7.36 8.07 8.07 8.07 7.93 7.93 7.93 7.93 8.59 8.59 8.59 8.59 8.52 8.52 8.23 8.23 8.23 8.23 8.23 8.23 8.23 7.88 7.88 7.88 7.65 7.65 7.65 7.21 7.21 7.21 7.21 7.21 6.81 6.81 6.81 6.81 6.81 6.81 6.81 6.53 6.53 6.53 6.53 6.53 6.53 6.22 6.22 6.26 6.26 6.26 6.26 6.14 6.14 6.14 6.14 6.14 6.14 6.14 6.14 6.14 6.05 6.05 6.05 6.05 6.05 5.77 5.77 5.77 5.77 5.77 5.95 5.95
-9999 -9999 -9999 -9999 7.36 7.36 7.36 7.36 7.36 7.36 8.07 8.07 7.92 7.93 7.93 7.93 7.93 8.59 8.59 8.59 8.59 8.52 8.52 8.23 8.23 8.23 8.23 8.23 8.23 8.23 7.88 7.88 7.88 7.88 7.88 7.65 7.21 7.21 7.21 7.21 6.81 6.81 6.81 6.81 6.81 6.81 6.81 6.81 6.53 6.53 6.53 6.53 6.53 6.22 6.22 6.26 6.26 6.26 6.26 5.88 5.88 5.88 6.14 6.14 6.14 6.14 6.14 6.14 6.14 6.14 6.05 6.05 6.05 5.77 5.77 5.77 5.77 5.77 5.77 5.95 5.95
-9999 -9999 -9999 7.36 7.36 7.36 7.36 7.39 7.36 7.36 8.07 7.92 7.92 7.93 7.93 7.93 7.93 7.93 8.59 8.59 8.59 8.52 8.52 8.52 8.23 8.23 8.23 8.23 8.23 8.23 7.88 7.88 7.88 7.88 7.88 7.65 7.65 7.65 7.21 7.21 7.21 6.81 6.81 6.81 6.81 6.81 6.81 6.53 6.53 6.53 6.53 6.53 6.53 6.26 6.26 6.26 6.26 6.26 6.26 6.26 5.88 5.88 6.14 6.14 6.14 6.14 6.14 6.14 6.14 6.14 6.05 6.05 6.05 5.77 5.77 5.77 5.77 5.77 5.77 5.95 5.95
-9999 -9999 7.39 7.39 7.39 7.39 7.39 7.39 7.39 7.39 7.92 7.92 7.92 7.93 7.93 7.93 7.93 7.93 7.93 7.93 8.52 8.52 8.52 8.23 8.23 8.23 8.23 8.23 8.23 7.88 7.88 7.88 7.88 7.88 7.88 7.65 7.65 7.65 7.21 7.21 7.21 7.21 6.81 6.81 6.81 6.81 6.53 6.53 6.53 6.53 6.53 6.53 6.53 6.26 6.17 6.17 6.17 6.17 6.17 6.17 5.88 5.88 5.88 5.88 5.88 6.14 6.14 6.14 6.14 6.14 6.05 6.05 6.05 5.7 5.7 5.7 5.7 5.7 5.7 5.7 5.7
-9999 -9999 -9999 7.39 7.39 7.39 7.39 7.39 7.39 7.39 7.92 7.92 7.92 7.92 7.93 7.93 7.93 7.93 7.93 7.93 8.52 8.52 8.52 8.52 8.23 8.23 8.23 8.23 7.88 7.88 7.88 7.88 7.88 7.88 7.88 7.65 7.65 7.65 7.21 7.21 7.21 7.21 7.21 6.81 6.81 6.81 6.53 6.53 6.53 6.53 6.53 6.53 6.53 6.53 6.17 6.17 6.17 6.17 6.17 6.17 6.17 5.88 5.88 5.88 5.88 5.88 5.88 5.88 5.88 5.88 5.88 5.7 5.7 5.7 5.7 5.7 5.7 5.7 5.7 5.7 5.7
-9999 -9999 -9999 7.45 7.45 7.39 7.45 7.45 7.45 7.45 7.45 7.92 7.92 7.92 7.92 7.93 7.93 7.93 7.93 7.93 8.52 8.52 8.52 8.52 8.23 8.23 8.23 7.88 7.88 7.88 7.88 7.88 7.88 7.21 7.21 7.21 7.21 7.21 7.21 7.21 7.21 7.21 7.21 6.81 6.81 6.81 6.53 6.53 6.53 6.53 6.53 6.53 6.53 6.17 6.17 6.17 6.17 6.17 6.17 6.17 5.88 5.88 5.88 5.88 5.88 5.88 5.88 5.88 5.88 5.69 5.7 5.7 5.7 5.7 5.7 5.7 5.7 5.7 5.7 5.7 5.7
-9999 -9999 -9999 7.45 7.45 7.45 7.45 7.45 7.45 7.45 7.45 7.45 7.92 7.92 7.92 7.93 7.93 7.93 7.93 7.93 8.52 8.52 8.52 8.52 8.23 8.23 8.23 8.23 7.88 7.88 7.88 7.88 7.21 7.21 7.21 7.21 7.21 7.21 7.21 7.21 7.21 7.21 6.81 6.81 6.81 6.81 6.53 6.53 6.53 6.53 6.53 6.53 6.53 6.17 6.17 6.17 6.17 6.17 6.17 5.88 5.88 5.88 5.88 5.88 5.88 5.88 5.88 5.88 5.69 5.69 5.69 5.7 5.7 5.7 5.7 5.7 5.7 5.7 5.7 5.7 5.7
-9999 -9999 7.45 7.45 7.45 7.45 7.45 7.45 7.45 7.45 7.45 7.45 7.92 7.92 7.92 7.92 7.92 7.93 7.92 7.92 7.92 8.52 8.52 8.23 8.23 8.23 8.23 8.23 7.88 7.88 8.23 8.23 7.21 7.21 7.21 7.21 7.21 7.21 7.21 7.21 7.21 7.21 6.81 6.81 6.81 6.81 6.53 6.53 6.53 6.53 6.53 6.53 6.53 6.17 6.17 6.17 6.17 6.17 6.17 5.88 5.88 5.88 5.88 5.88 5.88 5.88 5.69 5.69 5.69 5.69 5.69 5.69 5.7 5.7 5.7 5.7 5.7 5.7 5.7 5.7 5.7
-9999 -9999 7.45 7.45 7.45 7.24 7.24 7.45 7.45 7.45 7.45 7.92 7.92 7.92 7.92 7.92 7.92 7.92 7.92 7.92 7.92 8.52 8.52 8.23 8.23 8.23 8.23 8.23 8.23 8.23 8.23 7.21 7.21 7.21 7.21 7.21 7.21 7.21 7.21 7.21 7.21 7.21 6.81 6.81 6.81 6.81 6.53 6.53 6.53 6.53 6.53 6.53 6.53 6.53 6.17 6.17 6.17 6.17 6.17 6.17 5.88 5.88 5.88 5.88 5.88 5.88 5.69 5.69 5.69 5.69 5.69 5.69 5.69 5.7 5.7 5.7 5.7 5.7 5.7 5.7 5.7
-9999 7.24 7.24 7.24 7.24 7.24 7.24 7.24 7.24 7.24 7.96 7.96 7.96 7.96 7.92 7.92 7.92 7.92 7.92 7.92 8.52 8.52 8.52 8.52 8.23 8.23 8.23 8.23 8.23 8.23 8.23 7.21 7.21 7.21 7.21 7.21 7.21 7.21 7.21 7.21 7.21 7.21 7.21 6.81 6.53 6.53 6.53 6.53 6.53 6.53 6.53 6.53 6.53 6.53 6.17 6.17 6.17 6.17 6.17 5.88 5.88 5.88 5.88 5.88 5.88 5.88 5.69 5.69 5.69 5.69 5.69 5.69 5.69 5.69 5.7 5.7 5.7 5.7 5.7 5.7 5.7
-9999 7.24 7.24 7.24 7.24 7.96 7.96 7.96 7.96 7.24 7.96 7.96 7.96 7.96 7.96 7.92 7.92 7.92 7.92 7.92 8.52 8.52 8.52 8.52 8.23 8.23 8.23 8.23 8.23 8.23 8.23 7.21 7.21 7.21 7.21 7.21 7.21 7.21 7.21 7.21 7.21 7.21 7.21 6.53 6.53 6.53 6.53 6.53 6.53 6.53 6.53 6.53 6.53 6.17 6.17 6.17 6.17 6.17 5.88 5.88 5.88 5.88 5.88 5.88 5.88 5.88 5.69 5.69 5.69 5.69 5.69 5.69 5.69 5.69 5.7 5.7 5.7 5.7 5.7 5.7 5.7
-9999 7.24 7.24 7.24 7.24 7.96 7.96 7.96 7.96 7.96 7.96 7.96 7.96 7.96 7.96 7.96 7.92 7.92 8.52 8.52 8.52 8.52 8.52 8.52 8.23 8.23 8.23 8.23 8.23 8.23 8.23 7.21 7.21 7.21 7.21 7.21 7.21 7.21 7.21 7.21 7.21 7.21 7.21 7.21 6.53 6.53 6.53 6.53 6.53 6.53 6.53 6.53 6.53 6.53 6.17 6.17 6.17 6.17 5.88 5.88 5.88 5.88 5.88 5.88 5.88 5.88 5.69 5.69 5.69 5.69 5.69 5.69 5.69 5.69 5.7 5.7 5.7 5.7 5.7 5.7 5.7
-9999 7.96 7.96 7.96 7.96 7.53 7.96 7.53 7.53 7.96 7.96 7.96 7.96 7.96 7.96 7.96 7.96 7.96 8.52 8.52 8.52 8.52 8.52 8.52 8.23 8.23 8.23 8.23 8.23 8.23 8.23 8.23 7.21 7.21 7.21 7.21 7.21 7.21 7.21 7.21 7.21 7.21 7.21 7.21 6.53 6.53 6.53 6.53 6.53 6.53 6.53 6.53 6.53 6.53 6.17 6.17 6.17 6.17 5.88 5.88 5.88 5.88 5.88 5.88 5.88 5.69 5.69 5.69 5.69 5.69 5.69 5.69 5.69 5.69 5.69 5.7 5.7 5.7 5.7 5.7 5.7
-9999 -9999 7.96 7.96 7.53 7.53 7.53 7.53 7.53 7.53 7.53 7.96 7.96 7.96 7.96 7.96 7.96 7.96 7.96 7.96 7.96 8.52 8.52 8.52 8.52 8.23 8.23 8.23 8.23 8.23 8.23 7.21 7.21 7.21 7.21 7.21 7.21 7.21 7.21 7.21 7.21 7.21 7.21 7.21 7.21 6.53 6.53 6.53 6.53 6.53 6.53 6.53 6.53 6.53 6.17 6.17 6.17 6.17 5.88 5.88 5.88 5.88 5.88 5.88 5.88 5.69 5.69 5.69 5.69 5.69 5.69 5.69 5.69 5.69 5.7 5.7 5.7 5.87 5.87 5.87 5.92
-9999 -9999 -9999 7.53 7.53 7.53 7.18 7.53 7.53 7.53 7.53 7.53 7.96 7.96 7.96 7.96 7.96 7.96 7.96 7.96 7.96 7.96 8.52 8.52 8.23 8.23 8.23 8.23 8.23 8.23 8.23 8.23 7.21 7.21 7.21 7.21 7.21 7.21 7.21 7.21 7.21 7.21 7.21 7.21 7.21 6.17 6.17 5.91 5.91 5.91 5.91 6.53 6.53 6.17 6.17 6.17 6.17 5.88 5.88 5.88 5.88 5.88 5.88 5.88 5.88 5.69 5.69 5.69 5.69 5.69 5.87 5.87 5.87 5.87 5.87 5.87 5.87 5.87 5.87 5.92 5.92
-9999 -9999 -9999 -9999 7.18 7.18 7.18 7.53 7.53 7.53 7.53 7.53 7.53 7.53 7.53 7.96 7.96 7.96 7.96 7.96 7.96 7.96 7.97 8.52 8.23 8.23 8.23 8.23 8.23 8.23 8.23 8.23 7.06 7.06 7.06 7.06 7.06 6.53 6.53 6.53 6.53 6.53 6.53 6.53 6.53 6.17 6.17 6.17 5.91 5.91 5.91 5.91 6.53 6.17 6.17 6.17 6.17 5.88 5.88 5.88 5.88 5.88 5.88 5.88 5.88 5.88 5.69 5.69 5.69 5.87 5.87 5.87 5.87 5.87 5.87 5.87 5.87 5.87 5.87 5.87 5.92
-9999 -9999 -9999 -9999 7.18 7.18 7.18 7.18 7.53 7.53 7.53 7.53 7.53 7.53 7.53 7.53 7.96 7.96 7.96 7.96 7.96 7.96 7.97 7.97 8.52 8.23 8.23 8.23 8.23 8.23 8.23 7.06 7.06 7.06 7.06 7.06 7.06 7.06 6.53 6.53 6.53 6.53 6.53 6.53 6.53 6.17 6.17 5.91 5.91 5.91 5.91 5.91 5.91 6 6.17 6.17 6.17 5.88 5.88 5.88 5.88 5.88 5.88 5.88 5.88 5.88 5.69 5.69 5.69 5.87 5.87 5.87 5.87 5.87 5.87 5.87 5.87 5.87 5.87 5.92 5.92
-9999 -9999 -9999 7.18 7.18 7.18 7.18 7.18 7.18 7.18 7.53 7.53 7.53 7.53 7.53 7.53 7.53 7.96 7.96 7.96 7.96 7.96 7.97 7.97 7.97 7.97 8.23 8.23 8.23 7.06 7.06 7.06 7.06 7.06 7.06 7.06 7.06 6.53 6.53 6.53 6.53 6.53 6.53 6.53 6.53 6.17 6.17 6.17 5.91 5.91 5.91 5.91 5.91 6 6 6 6 6 6 5.88 5.88 5.88 5.88 5.88 5.88 5.69 5.69 5.69 5.69 5.69 5.87 5.87 5.87 5.87 5.87 5.87 5.87 5.87 5.87 5.87 5.92
-9999 -9999 -9999 -9999 7.18 7.18 7.18 7.18 7.18 7.18 7.18 7.53 7.53 7.53 7.53 7.53 7.53 7.96 7.96 7.96 7.96 7.97 7.97 7.97 7.97 7.97 7.97 7.97 7.97 7.06 7.06 7.06 7.06 7.06 7.06 7.06 6.53 6.53 6.53 6.53 6.53 6.53 6.53 6.53 6.17 6.17 6.17 5.91 5.91 5.91 5.91 5.91 5.91 6 6 6 6 6 6 6 6 5.8 5.8 5.8 5.8 5.69 5.69 5.69 5.69 5.69 5.87 5.87 5.87 5.87 5.87 5.87 5.87 5.87 5.87 5.87 5.92
-9999 -9999 -9999 -9999 7.18 7.62 7.18 7.18 7.62 7.18 7.18 7.62 7.62 7.62 7.62 7.62 7.62 7.62 7.62 7.62 7.97 7.97 7.97 7.97 7.97 7.97 7.97 7.97 7.97 7.97 7.06 7.06 7.06 7.06 7.06 7.06 6.53 6.53 6.53 6.53 6.53 6.53 6.53 6.53 6.17 6.17 5.91 5.91 5.91 5.91 5.91 5.91 6 6 6 6 6 6 6 6 5.8 5.8 5.8 5.8 5.8 5.8 5.91 5.91 5.91 5.91 5.91 5.91 5.87 5.87 5.87 5.87 5.87 5.87 5.87 5.87 5.92
-9999 -9999 -9999 -9999 7.62 7.62 7.62 7.62 7.62 7.62 7.62 7.62 7.62 7.62 7.62 7.62 7.62 7.62 7.62 7.62 7.97 7.97 7.97 7.97 7.97 7.97 7.97 7.97 7.97 7.97 7.06 7.06 7.06 7.06 7.06 7.06 6.53 6.53 6.53 6.53 6.53 6.53 6.53 6.17 6.17 5.91 5.91 5.91 5.91 5.91 5.91 5.91 6 6 6 6 6 6 6 5.8 5.8 5.8 5.8 5.8 5.8 5.8 5.91 5.91 5.91 5.91 5.91 5.91 5.91 5.87 5.87 5.87 5.87 5.87 5.87 5.87 5.87
-9999 -9999 -9999 -9999 -9999 7.62 7.62 7.62 7.62 7.62 7.62 7.62 7.62 7.62 7.62 7.62 7.62 7.62 7.62 7.62 7.97 7.97 7.97 7.97 7.97 7.97 7.97 7.87 7.87 7.87 7.87 7.06 7.06 7.06 7.06 7.06 6.53 6.53 6.53 6.53 6.53 6.17 6.17 6.17 5.91 5.91 5.91 5.91 5.91 5.91 5.91 5.91 6 6 6 6 6 6 6 5.8 5.8 5.8 5.8 5.8 5.8 5.8 5.91 5.91 5.91 5.91 5.91 5.91 5.91 5.87 5.87 5.87 5.87 5.87 5.87 5.87 5.87
-9999 -9999 -9999 -9999 -9999 -9999 -9999 -9999 -9999 7.62 7.62 7.62 7.62 7.62 7.62 7.62 7.62 7.62 7.62 7.62 7.97 7.97 7.97 7.97 7.87 7.87 7.87 7.87 7.87 7.87 7.06 7.06 7.06 7.06 7.06 7.06 6.53 6.53 6.53 6.53 6.17 6.17 6.17 5.91 5.91 5.91 5.91 5.91 5.91 5.91 5.91 5.91 6 6 6 6 6 6 6 6 5.8 5.8 5.8 5.8 5.8 5.8 5.8 5.91 5.91 5.91 5.91 5.91 5.91 5.87 5.87 5.87 5.87 5.87 5.87 5.94 5.94
-9999 -9999 -9999 -9999 -9999 -9999 -9999 -9999 -9999 -9999 7.62 7.62 7.62 7.62 7.62 7.62 7.86 7.86 7.86 7.86 7.86 7.86 7.86 7.87 7.87 7.87 7.87 7.87 7.87 7.06 7.06 7.06 7.06 7.06 6.47 6.47 6.47 6.47 6.47 6.47 6.47 6.47 6.17 6.17 5.91 5.91 5.91 6 5.91 6 5.91 6 6 6 6 6 6 6 6 6 6 5.8 5.8 5.8 5.8 5.8 5.8 5.8 5.91 5.91 5.91 5.91 5.91 5.87 5.87 5.76 5.76 5.76 5.94 5.94 5.94
-9999 -9999 -9999 -9999 -9999 -9999 -9999 -9999 -9999 -9999 7.86 7.86 7.86 7.86 7.86 7.86 7.86 7.86 7.86 7.86 7.86 7.86 7.86 7.87 7.87 7.87 7.87 7.87 7.06 7.06 7.06 7.06 7.06 6.47 6.47 6.47 6.47 6.47 6.47 6.47 6.47 6.47 6.47 6.17 6.17 5.91 5.91 6 6 6 6 6 6 6 6 6 6 6 6 6 6 6 6 6 5.8 5.8 5.8 5.8 5.91 5.91 5.91 5.91 5.91 5.91 5.76 5.76 5.76 5.76 5.94 5.94 5.94
-9999 -9999 -9999 -9999 -9999 -9999 -9999 -9999 -9999 -9999 -9999 -9999 7.86 7.86 7.86 7.86 7.86 7.86 7.86 7.86 7.86 7.86 7.87 7.87 7.87 7.87 -9999 -9999 -9999 -9999 -9999 7.06 7.06 6.47 6.47 6.47 6.47 6.47 6.47 6.47 6.47 6.17 6.17 6.17 6.17 5.91 6 6 6 6 6 6 6 6 6 6 6 6 6 6 6 6 6 6 6 5.8 5.8 6.33 5.8 5.8 5.91 5.91 5.91 5.8 5.76 5.76 5.76 5.76 5.94 5.94 5.94
-9999 -9999 -9999 -9999 -9999 -9999 -9999 -9999 -9999 -9999 -9999 -9999 -9999 7.86 7.86 7.86 7.86 7.86 7.86 7.86 7.87 7.87 7.87 7.87 -9999 -9999 -9999 -9999 -9999 -9999 -9999 7.06 7.06 6.47 6.47 6.54 6.54 6.54 6.54 6.54 6.54 6.54 6.17 6.17 6.17 6 6 6 6 6 6 6 6 6 6 6.1 6 6 6 6 6 6 6 6 5.8 6.33 6.33 6.33 6.33 6.33 5.8 5.8 5.8 6.07 5.76 5.76 5.76 5.76 5.94 5.94 5.94
-9999 -9999 -9999 -9999 -9999 -9999 -9999 -9999 -9999 -9999 -9999 -9999 -9999 -9999 -9999 -9999 7.86 7.87 7.87 7.87 7.87 7.87 7.87 -9999 -9999 -9999 -9999 -9999 -9999 -9999 -9999 -9999 -9999 -9999 -9999 6.54 6.54 6.54 6.54 6.54 6.54 6.54 6.17 6.17 6.17 6 6 6 6 6 6 6 6.2 6.2 6.2 6.1 6.1 6 6 6 6 6 6 5.8 6.33 6.33 6.33 6.33 6.33 6.33 6.33 5.8 5.8 6.07 5.76 5.76 5.76 5.76 5.76 5.94 5.94
