layers/rainwind/HTI_rain_wind_rain_oct3.asc
NCOLS 343 
NROWS 248 
XLLCORNER -74.4803996469999 
YLLCORNER 18.0221399550001 
CELLSIZE 0.00833308698833808 
NODATA_value -9999 
[rows 162 to 188 of 248, columns 248 to 309 of 343]
982.704527559613 982.704527559613 874.634569877754 874.634569877754 874.634569877754 874.634569877754 874.634569877754 874.634569877754 874.634569877754 850.374799757005 850.374799757005 850.374799757005 850.374799757005 850.374799757005 850.374799757005 850.374799757005 850.374799757005 925.55159778988 925.55159778988 925.55159778988 925.55159778988 966.950555487621 966.950555487621 966.950555487621 966.950555487621 966.950555487621 730.491786923871 730.491786923871 730.491786923871 730.491786923871 730.491786923871 730.491786923871 701.46364953528 701.46364953528 701.46364953528 701.46364953528 701.46364953528 701.46364953528 701.46364953528 701.46364953528 701.46364953528 586.924925854669 586.924925854669 586.924925854669 586.924925854669 586.924925854669 586.924925854669 586.924925854669 771.379605294433 586.924925854669 586.924925854669 742.162773668578 742.162773668578 742.162773668578 742.162773668578 742.162773668578 742.162773668578 742.162773668578 742.162773668578 778.355290066355 778.355290066355 778.355290066355
982.704527559613 982.704527559613 874.634569877754 874.634569877754 874.634569877754 874.634569877754 874.634569877754 874.634569877754 874.634569877754 850.374799757005 850.374799757005 850.374799757005 850.374799757005 850.374799757005 850.374799757005 850.374799757005 850.374799757005 850.374799757005 925.55159778988 925.55159778988 925.55159778988 966.950555487621 966.950555487621 966.950555487621 966.950555487621 966.950555487621 966.950555487621 730.491786923871 730.491786923871 730.491786923871 730.491786923871 730.491786923871 701.46364953528 701.46364953528 701.46364953528 701.46364953528 701.46364953528 701.46364953528 701.46364953528 701.46364953528 771.379605294433 586.924925854669 586.924925854669 586.924925854669 586.924925854669 586.924925854669 771.379605294433 586.924925854669 771.379605294433 742.162773668578 742.162773668578 742.162773668578 742.162773668578 742.162773668578 742.162773668578 742.162773668578 742.162773668578 742.162773668578 742.162773668578 742.162773668578 742.162773668578 778.355290066355
982.704527559613 982.704527559613 874.634569877754 874.634569877754 874.634569877754 874.634569877754 874.634569877754 874.634569877754 874.634569877754 850.374799757005 850.374799757005 850.374799757005 850.374799757005 850.374799757005 850.374799757005 850.374799757005 850.374799757005 925.55159778988 925.55159778988 925.55159778988 925.55159778988 966.950555487621 966.950555487621 966.950555487621 966.950555487621 966.950555487621 966.950555487621 966.950555487621 730.491786923871 730.491786923871 730.491786923871 730.491786923871 701.46364953528 701.46364953528 701.46364953528 701.46364953528 701.46364953528 701.46364953528 701.46364953528 771.379605294433 771.379605294433 771.379605294433 771.379605294433 771.379605294433 771.379605294433 771.379605294433 771.379605294433 771.379605294433 771.379605294433 742.162773668578 742.162773668578 1037.07482586611 742.162773668578 742.162773668578 742.162773668578 742.162773668578 742.162773668578 742.162773668578 742.162773668578 742.162773668578 742.162773668578 742.162773668578
-9999 -9999 -9999 874.634569877754 874.634569877754 874.634569877754 874.634569877754 874.634569877754 874.634569877754 874.634569877754 850.374799757005 850.374799757005 850.374799757005 850.374799757005 850.374799757005 925.55159778988 925.55159778988 925.55159778988 925.55159778988 925.55159778988 925.55159778988 966.950555487621 966.950555487621 966.950555487621 966.950555487621 966.950555487621 966.950555487621 966.950555487621 966.950555487621 730.491786923871 730.491786923871 730.491786923871 701.46364953528 701.46364953528 701.46364953528 701.46364953528 701.46364953528 771.379605294433 771.379605294433 771.379605294433 771.379605294433 771.379605294433 771.379605294433 771.379605294433 771.379605294433 771.379605294433 771.379605294433 1074.31986056167 1074.31986056167 1074.31986056167 1037.07482586611 1037.07482586611 1037.07482586611 1037.07482586611 742.162773668578 742.162773668578 742.162773668578 742.162773668578 742.162773668578 742.162773668578 742.162773668578 742.162773668578
-9999 -9999 -9999 -9999 874.634569877754 874.634569877754 874.634569877754 874.634569877754 874.634569877754 874.634569877754 874.634569877754 874.634569877754 850.374799757005 850.374799757005 850.374799757005 850.374799757005 925.55159778988 925.55159778988 925.55159778988 925.55159778988 925.55159778988 966.950555487621 966.950555487621 966.950555487621 966.950555487621 966.950555487621 966.950555487621 966.950555487621 966.950555487621 966.950555487621 730.491786923871 730.491786923871 701.46364953528 1105.5 1105.5 1105.5 771.379605294433 771.379605294433 771.379605294433 771.379605294433 771.379605294433 771.379605294433 771.379605294433 771.379605294433 771.379605294433 771.379605294433 1074.31986056167 1074.31986056167 1074.31986056167 1074.31986056167 1074.31986056167 1074.31986056167 1037.07482586611 1037.07482586611 1037.07482586611 1037.07482586611 1037.07482586611 742.162773668578 742.162773668578 742.162773668578 742.162773668578 742.162773668578
-9999 -9999 -9999 -9999 -9999 -9999 -9999 874.634569877754 874.634569877754 874.634569877754 874.634569877754 874.634569877754 850.374799757005 850.374799757005 850.374799757005 850.374799757005 925.55159778988 925.55159778988 925.55159778988 925.55159778988 966.950555487621 966.950555487621 966.950555487621 966.950555487621 966.950555487621 966.950555487621 966.950555487621 966.950555487621 966.950555487621 966.950555487621 966.950555487621 1105.5 1105.5 1105.5 1105.5 1105.5 1105.5 771.379605294433 771.379605294433 771.379605294433 771.379605294433 771.379605294433 771.379605294433 771.379605294433 771.379605294433 1074.31986056167 1074.31986056167 1074.31986056167 1074.31986056167 1074.31986056167 1074.31986056167 1074.31986056167 1074.31986056167 1037.07482586611 1037.07482586611 1037.07482586611 1037.07482586611 1037.07482586611 742.162773668578 742.162773668578 742.162773668578 742.162773668578
-9999 -9999 -9999 -9999 -9999 -9999 -9999 -9999 -9999 874.634569877754 850.374799757005 850.374799757005 850.374799757005 850.374799757005 850.374799757005 850.374799757005 925.55159778988 925.55159778988 925.55159778988 925.55159778988 966.950555487621 966.950555487621 966.950555487621 966.950555487621 966.950555487621 966.950555487621 966.950555487621 966.950555487621 966.950555487621 966.950555487621 966.950555487621 1105.5 1105.5 1105.5 1105.5 1105.5 1105.5 771.379605294433 771.379605294433 771.379605294433 771.379605294433 771.379605294433 771.379605294433 1074.31986056167 1074.31986056167 1074.31986056167 1074.31986056167 1074.31986056167 1074.31986056167 1074.31986056167 1074.31986056167 1074.31986056167 1074.31986056167 1074.31986056167 1037.07482586611 1037.07482586611 1037.07482586611 1037.07482586611 1037.07482586611 1037.07482586611 1037.07482586611 1158.23141595015
-9999 -9999 -9999 -9999 -9999 -9999 -9999 -9999 -9999 -9999 -9999 1101.58139658001 850.374799757005 850.374799757005 850.374799757005 850.374799757005 925.55159778988 925.55159778988 925.55159778988 925.55159778988 925.55159778988 966.950555487621 966.950555487621 966.950555487621 966.950555487621 966.950555487621 966.950555487621 966.950555487621 966.950555487621 1105.5 966.950555487621 1105.5 1105.5 1105.5 1105.5 1105.5 1105.5 1105.5 1105.5 1105.5 1105.5 1105.5 1105.5 1074.31986056167 1074.31986056167 1074.31986056167 1074.31986056167 1074.31986056167 1074.31986056167 1074.31986056167 1074.31986056167 1074.31986056167 1074.31986056167 1074.31986056167 1037.07482586611 1037.07482586611 1037.07482586611 1037.07482586611 1037.07482586611 1037.07482586611 1037.07482586611 1158.23141595015
-9999 -9999 -9999 -9999 -9999 -9999 -9999 -9999 -9999 -9999 -9999 -9999 1101.58139658001 1101.58139658001 850.374799757005 850.374799757005 925.55159778988 925.55159778988 925.55159778988 925.55159778988 925.55159778988 966.950555487621 966.950555487621 966.950555487621 966.950555487621 966.950555487621 966.950555487621 966.950555487621 1105.5 1105.5 1105.5 1105.5 1105.5 1105.5 1105.5 1105.5 1105.5 1105.5 1105.5 1105.5 1105.5 1105.5 1105.5 1074.31986056167 1074.31986056167 1074.31986056167 1074.31986056167 1074.31986056167 1074.31986056167 1074.31986056167 1074.31986056167 1074.31986056167 1074.31986056167 1074.31986056167 1074.31986056167 1037.07482586611 1037.07482586611 1037.07482586611 1037.07482586611 1037.07482586611 1037.07482586611 1037.07482586611
-9999 -9999 -9999 -9999 -9999 -9999 -9999 -9999 -9999 -9999 -9999 1101.58139658001 1101.58139658001 1101.58139658001 1101.58139658001 850.374799757005 925.55159778988 925.55159778988 925.55159778988 925.55159778988 925.55159778988 966.950555487621 966.950555487621 1112.17876763456 966.950555487621 966.950555487621 966.950555487621 1105.5 1105.5 1105.5 1105.5 1105.5 1105.5 1105.5 1105.5 1105.5 1105.5 1105.5 1105.5 1105.5 1105.5 1105.5 1105.5 1105.5 1105.5 1074.31986056167 1074.31986056167 1074.31986056167 1074.31986056167 1074.31986056167 1074.31986056167 1074.31986056167 1074.31986056167 1074.31986056167 1074.31986056167 1037.07482586611 1037.07482586611 1037.07482586611 1037.07482586611 1158.23141595015 1158.23141595015 1158.23141595015
-9999 -9999 -9999 -9999 -9999 -9999 -9999 -9999 -9999 -9999 1101.58139658001 1101.58139658001 1101.58139658001 1101.58139658001 1101.58139658001 1101.58139658001 1112.17876763456 925.55159778988 1112.17876763456 1112.17876763456 1112.17876763456 1112.17876763456 1112.17876763456 1112.17876763456 1112.17876763456 966.950555487621 1105.5 1105.5 1105.5 1105.5 1105.5 1105.5 1105.5 1105.5 1105.5 1105.5 1105.5 1105.5 1105.5 1105.5 1105.5 1105.5 1105.5 1105.5 1105.5 1105.5 1105.5 1074.31986056167 1074.31986056167 1074.31986056167 1074.31986056167 1074.31986056167 1074.31986056167 -9999 -9999 1037.07482586611 1037.07482586611 1037.07482586611 1037.07482586611 1037.07482586611 1158.23141595015 1158.23141595015
-9999 -9999 -9999 -9999 -9999 -9999 -9999 -9999 -9999 1101.58139658001 1101.58139658001 1101.58139658001 1101.58139658001 1101.58139658001 1101.58139658001 1101.58139658001 1101.58139658001 1112.17876763456 1112.17876763456 1112.17876763456 1112.17876763456 1112.17876763456 1112.17876763456 1112.17876763456 1112.17876763456 1105.5 1105.5 1105.5 1105.5 1105.5 1105.5 1105.5 1105.5 1105.5 1105.5 1105.5 1105.5 1105.5 1105.5 1105.5 1105.5 1105.5 1105.5 1105.5 1105.5 1105.5 1105.5 1105.5 1074.31986056167 1074.31986056167 1074.31986056167 1074.31986056167 -9999 -9999 -9999 -9999 -9999 1037.07482586611 1037.07482586611 1037.07482586611 -9999 -9999
-9999 -9999 -9999 -9999 -9999 -9999 -9999 -9999 -9999 1101.58139658001 1101.58139658001 1101.58139658001 1101.58139658001 1101.58139658001 1101.58139658001 1101.58139658001 1101.58139658001 1101.58139658001 1112.17876763456 1112.17876763456 1112.17876763456 1112.17876763456 1112.17876763456 1112.17876763456 1112.17876763456 1220.19446541715 1105.5 1105.5 1105.5 1105.5 1105.5 1105.5 1105.5 1105.5 1105.5 1105.5 1105.5 1105.5 1105.5 1105.5 1105.5 1105.5 1105.5 1105.5 1105.5 1105.5 1105.5 1105.5 1105.5 1105.5 1074.31986056167 -9999 -9999 -9999 -9999 -9999 -9999 -9999 -9999 -9999 -9999 -9999
-9999 -9999 -9999 -9999 -9999 -9999 -9999 1101.58139658001 1101.58139658001 1101.58139658001 1101.58139658001 1101.58139658001 1101.58139658001 1101.58139658001 1101.58139658001 1101.58139658001 1101.58139658001 1112.17876763456 1112.17876763456 1112.17876763456 1112.17876763456 1112.17876763456 1112.17876763456 1112.17876763456 1220.19446541715 1220.19446541715 1220.19446541715 1105.5 1105.5 1105.5 1171.63085045643 1171.63085045643 1171.63085045643 1171.63085045643 1171.63085045643 1171.63085045643 1171.63085045643 1105.5 1105.5 1105.5 1105.5 1105.5 1105.5 1105.5 1105.5 1105.5 1105.5 1105.5 1105.5 -9999 -9999 -9999 -9999 -9999 -9999 -9999 -9999 -9999 -9999 -9999 -9999 -9999
-9999 -9999 -9999 -9999 -9999 -9999 -9999 -9999 1140.41286674057 1101.58139658001 1101.58139658001 1101.58139658001 1101.58139658001 1101.58139658001 1101.58139658001 1101.58139658001 1101.58139658001 1112.17876763456 1112.17876763456 1112.17876763456 1112.17876763456 1112.17876763456 1112.17876763456 1112.17876763456 1220.19446541715 1220.19446541715 1220.19446541715 1105.5 1105.5 1105.5 1171.63085045643 1171.63085045643 1171.63085045643 1171.63085045643 1171.63085045643 1171.63085045643 1171.63085045643 1105.5 1105.5 1174.8557511146 1174.8557511146 1105.5 1105.5 1105.5 1105.5 1105.5 1105.5 1105.5 1105.5 1105.5 -9999 -9999 -9999 -9999 -9999 -9999 -9999 -9999 -9999 -9999 -9999 -9999
-9999 -9999 -9999 -9999 -9999 -9999 -9999 -9999 1140.41286674057 1140.41286674057 1140.41286674057 1140.41286674057 1101.58139658001 1101.58139658001 1101.58139658001 1101.58139658001 1112.17876763456 1112.17876763456 1112.17876763456 1112.17876763456 1112.17876763456 1112.17876763456 1112.17876763456 1112.17876763456 1220.19446541715 1220.19446541715 1220.19446541715 1105.5 1220.19446541715 1220.19446541715 1171.63085045643 1171.63085045643 1171.63085045643 1171.63085045643 1171.63085045643 1171.63085045643 1171.63085045643 1171.63085045643 1171.63085045643 1171.63085045643 1174.8557511146 1174.8557511146 1174.8557511146 1105.5 1105.5 1105.5 1105.5 1105.5 1105.5 1174.8557511146 1174.8557511146 1174.8557511146 -9999 -9999 -9999 -9999 -9999 -9999 -9999 -9999 -9999 -9999
-9999 -9999 -9999 -9999 -9999 -9999 -9999 -9999 1140.41286674057 1140.41286674057 1140.41286674057 1177.59818059815 1177.59818059815 1323.89486568625 1323.89486568625 1101.58139658001 1321.01757424081 1321.01757424081 1112.17876763456 1112.17876763456 1112.17876763456 1112.17876763456 1112.17876763456 1220.19446541715 1220.19446541715 1220.19446541715 1220.19446541715 1220.19446541715 1220.19446541715 1220.19446541715 1220.19446541715 1171.63085045643 1171.63085045643 1171.63085045643 1171.63085045643 1171.63085045643 1171.63085045643 1171.63085045643 1171.63085045643 1174.8557511146 1174.8557511146 1174.8557511146 1174.8557511146 1174.8557511146 1105.5 1105.5 1105.5 1174.8557511146 1174.8557511146 1174.8557511146 1174.8557511146 1174.8557511146 1174.8557511146 1174.8557511146 -9999 -9999 -9999 -9999 -9999 -9999 -9999 -9999
-9999 -9999 -9999 -9999 -9999 -9999 -9999 -9999 -9999 1140.41286674057 1140.41286674057 1177.59818059815 1177.59818059815 1177.59818059815 1177.59818059815 1323.89486568625 1323.89486568625 1323.89486568625 1323.89486568625 1112.17876763456 1112.17876763456 1112.17876763456 1112.17876763456 1220.19446541715 1220.19446541715 1220.19446541715 1220.19446541715 1220.19446541715 1220.19446541715 1220.19446541715 1220.19446541715 1171.63085045643 1171.63085045643 1171.63085045643 1171.63085045643 1171.63085045643 1171.63085045643 1171.63085045643 1171.63085045643 1174.8557511146 1174.8557511146 1174.8557511146 1174.8557511146 1174.8557511146 1105.5 1105.5 1174.8557511146 1174.8557511146 1174.8557511146 1174.8557511146 1174.8557511146 1174.8557511146 1174.8557511146 1174.8557511146 -9999 -9999 -9999 -9999 -9999 -9999 -9999 -9999
-9999 -9999 -9999 -9999 -9999 -9999 -9999 -9999 -9999 1140.41286674057 1140.41286674057 1140.41286674057 1177.59818059815 1177.59818059815 1323.89486568625 1323.89486568625 1323.89486568625 1323.89486568625 1323.89486568625 1323.89486568625 1321.01757424081 1112.17876763456 1220.19446541715 1220.19446541715 1220.19446541715 1220.19446541715 1220.19446541715 1220.19446541715 1220.19446541715 1220.19446541715 1220.19446541715 1171.63085045643 1171.63085045643 1174.8557511146 1171.63085045643 1171.63085045643 1171.63085045643 1171.63085045643 1171.63085045643 1174.8557511146 1174.8557511146 1174.8557511146 1174.8557511146 1174.8557511146 1174.8557511146 1174.8557511146 1174.8557511146 1174.8557511146 1174.8557511146 1174.8557511146 1174.8557511146 1174.8557511146 1174.8557511146 1174.8557511146 1174.8557511146 -9999 -9999 -9999 -9999 -9999 -9999 -9999
-9999 -9999 -9999 -9999 -9999 -9999 -9999 -9999 -9999 1140.41286674057 1140.41286674057 1259.31286463922 1259.31286463922 1323.89486568625 1323.89486568625 1323.89486568625 1323.89486568625 1323.89486568625 1140 1140 1321.01757424081 1321.01757424081 1112.17876763456 1220.19446541715 1220.19446541715 1220.19446541715 1220.19446541715 1220.19446541715 1220.19446541715 1220.19446541715 1220.19446541715 1171.63085045643 1171.63085045643 1174.8557511146 1171.63085045643 1171.63085045643 1171.63085045643 1171.63085045643 1171.63085045643 1174.8557511146 1174.8557511146 1174.8557511146 1174.8557511146 1174.8557511146 1174.8557511146 1174.8557511146 1174.8557511146 1174.8557511146 1174.8557511146 1174.8557511146 1174.8557511146 1174.8557511146 1174.8557511146 1174.8557511146 1174.8557511146 -9999 -9999 -9999 -9999 -9999 -9999 -9999
-9999 -9999 -9999 -9999 -9999 -9999 -9999 1140.41286674057 1140.41286674057 1140.41286674057 1259.31286463922 1259.31286463922 1259.31286463922 1259.31286463922 1259.31286463922 1259.31286463922 1323.89486568625 1140 1140 1140 1140 1321.01757424081 1321.01757424081 1321.01757424081 1321.01757424081 1220.19446541715 1220.19446541715 1220.19446541715 1220.19446541715 1220.19446541715 1220.19446541715 1220.19446541715 1174.8557511146 1174.8557511146 1174.8557511146 1174.8557511146 1174.8557511146 1171.63085045643 1171.63085045643 1174.8557511146 1174.8557511146 1174.8557511146 1174.8557511146 1174.8557511146 1174.8557511146 1174.8557511146 1174.8557511146 1174.8557511146 1174.8557511146 1174.8557511146 1174.8557511146 1174.8557511146 1174.8557511146 1174.8557511146 1222.5 1222.5 -9999 -9999 -9999 -9999 -9999 -9999
-9999 -9999 -9999 -9999 -9999 -9999 -9999 -9999 1143.81606220743 1259.31286463922 1259.31286463922 1259.31286463922 1259.31286463922 1259.31286463922 1259.31286463922 1259.31286463922 1259.31286463922 1140 1140 1140 1140 1321.01757424081 1321.01757424081 1321.01757424081 1321.01757424081 1248.20465115078 1248.20465115078 1248.20465115078 1248.20465115078 1248.20465115078 1248.20465115078 1248.20465115078 1235.68636953308 1235.68636953308 1174.8557511146 1174.8557511146 1174.8557511146 1174.8557511146 1174.8557511146 1174.8557511146 1174.8557511146 1174.8557511146 1174.8557511146 1174.8557511146 1174.8557511146 1174.8557511146 1174.8557511146 1174.8557511146 1174.8557511146 1174.8557511146 1174.8557511146 1174.8557511146 1174.8557511146 1222.5 1222.5 1222.5 1222.5 -9999 -9999 -9999 -9999 -9999
945 -9999 -9999 -9999 -9999 -9999 -9999 -9999 1143.81606220743 1143.81606220743 1143.81606220743 1143.81606220743 1259.31286463922 1259.31286463922 1259.31286463922 1259.31286463922 1259.31286463922 1259.31286463922 1259.31286463922 1140 1140 1140 1321.01757424081 1321.01757424081 1321.01757424081 1321.01757424081 1248.20465115078 1248.20465115078 1248.20465115078 1248.20465115078 1248.20465115078 1235.68636953308 1235.68636953308 1235.68636953308 1235.68636953308 1235.68636953308 1235.68636953308 1174.8557511146 1174.8557511146 1174.8557511146 1174.8557511146 1174.8557511146 1174.8557511146 1174.8557511146 1174.8557511146 1174.8557511146 1174.8557511146 1174.8557511146 1174.8557511146 1174.8557511146 1174.8557511146 1174.8557511146 1222.5 1222.5 1222.5 1222.5 1222.5 1222.5 -9999 -9999 -9999 -9999
945 1141.67627356263 1141.67627356263 -9999 -9999 -9999 -9999 -9999 1143.81606220743 1143.81606220743 1143.81606220743 1143.81606220743 1259.31286463922 1259.31286463922 1259.31286463922 1259.31286463922 1259.31286463922 1259.31286463922 1358.08868256117 1358.08868256117 1140 1140 1321.01757424081 1321.01757424081 1321.01757424081 1248.20465115078 1248.20465115078 1248.20465115078 1248.20465115078 1248.20465115078 1248.20465115078 1235.68636953308 1235.68636953308 1235.68636953308 1235.68636953308 1235.68636953308 1235.68636953308 1235.68636953308 1174.8557511146 1174.8557511146 1174.8557511146 1174.8557511146 1174.8557511146 1174.8557511146 1174.8557511146 1174.8557511146 1174.8557511146 1174.8557511146 1174.8557511146 1174.8557511146 1174.8557511146 1222.5 1222.5 1222.5 1222.5 1222.5 1222.5 1222.5 1222.5 -9999 -9999 -9999
1141.67627356263 1141.67627356263 1141.67627356263 1141.67627356263 -9999 -9999 1157.72143368518 1157.72143368518 1143.81606220743 1143.81606220743 1143.81606220743 1143.81606220743 1143.81606220743 1143.81606220743 1259.31286463922 1259.31286463922 1358.08868256117 1358.08868256117 1358.08868256117 1358.08868256117 1358.08868256117 1358.08868256117 1358.08868256117 1321.01757424081 1321.01757424081 1321.01757424081 1321.01757424081 1321.01757424081 1248.20465115078 1248.20465115078 1248.20465115078 1248.20465115078 1248.20465115078 1235.68636953308 1235.68636953308 1235.68636953308 1235.68636953308 1235.68636953308 1235.68636953308 1235.68636953308 1260.53994290529 1174.8557511146 1174.8557511146 1174.8557511146 1174.8557511146 1174.8557511146 1222.5 1222.5 1222.5 1222.5 1222.5 1222.5 1222.5 1222.5 1222.5 1222.5 1222.5 1222.5 1222.5 1222.5 -9999 -9999
1141.67627356263 1141.67627356263 1141.67627356263 1141.67627356263 1173.43531333764 1157.72143368518 1157.72143368518 1157.72143368518 1143.81606220743 1144.06008075652 1143.81606220743 1143.81606220743 1143.81606220743 1265.40603361427 1358.08868256117 1259.31286463922 1358.08868256117 1358.08868256117 1358.08868256117 1358.08868256117 1358.08868256117 1358.08868256117 1358.08868256117 1358.08868256117 1321.01757424081 1321.01757424081 1321.01757424081 1321.01757424081 1321.01757424081 1336.06500166944 1336.06500166944 1248.20465115078 1248.20465115078 1235.68636953308 1235.68636953308 1235.68636953308 1235.68636953308 1235.68636953308 1260.53994290529 1260.53994290529 1260.53994290529 1260.53994290529 1261.48869249105 1261.48869249105 1261.48869249105 1222.5 1222.5 1222.5 1222.5 1222.5 1222.5 1222.5 1222.5 1222.5 1222.5 1222.5 1222.5 1222.5 1222.5 1222.5 1222.5 -9999
1141.67627356263 1141.67627356263 1141.67627356263 1141.67627356263 1173.43531333764 1157.72143368518 1157.72143368518 1157.72143368518 1144.06008075652 1144.06008075652 1144.06008075652 1143.81606220743 1143.81606220743 1265.40603361427 1358.08868256117 1358.08868256117 1358.08868256117 1358.08868256117 1358.08868256117 1358.08868256117 1358.08868256117 1358.08868256117 1358.08868256117 1358.08868256117 1358.08868256117 1321.01757424081 1321.01757424081 1321.01757424081 1321.01757424081 1336.06500166944 1336.06500166944 1336.06500166944 1336.06500166944 1336.06500166944 1235.68636953308 1235.68636953308 1235.68636953308 1235.68636953308 1260.53994290529 1260.53994290529 1260.53994290529 1260.53994290529 1261.48869249105 1261.48869249105 1261.48869249105 1261.48869249105 1261.48869249105 1261.48869249105 1222.5 1222.5 1222.5 1222.5 1222.5 1222.5 1222.5 1222.5 1222.5 1222.5 1222.5 1222.5 1222.5 1222.5
