layers/rainwind/HTI_rain_wind_rain_oct5.asc
NCOLS 343 
NROWS 248 
XLLCORNER -74.4803996469999 
YLLCORNER 18.0221399550001 
CELLSIZE 0.00833308698833808 
NODATA_value -9999 
[rows 168 to 195 of 248, columns 248 to 309 of 343]
-9999 -9999 -9999 -9999 -9999 -9999 -9999 -9999 -9999 1905.96162022129 1776.43434425899 1776.43434425899 1776.43434425899 1776.43434425899 1776.43434425899 1776.43434425899 1930.6364881282 1930.6364881282 1930.6364881282 1930.6364881282 1448.64314472031 1448.64314472031 1448.64314472031 1448.64314472031 1448.64314472031 1448.64314472031 1448.64314472031 1448.64314472031 1448.64314472031 1448.64314472031 1448.64314472031 1260.5 1260.5 1260.5 1260.5 1260.5 1260.5 837.635248659224 837.635248659224 837.635248659224 837.635248659224 837.635248659224 837.635248659224 606.858397796918 606.858397796918 606.858397796918 606.858397796918 606.858397796918 606.858397796918 606.858397796918 606.858397796918 606.858397796918 606.858397796918 606.858397796918 523.608674403618 523.608674403618 523.608674403618 523.608674403618 523.608674403618 523.608674403618 523.608674403618 629.816104206318
-9999 -9999 -9999 -9999 -9999 -9999 -9999 -9999 -9999 -9999 -9999 1766.12456572122 1776.43434425899 1776.43434425899 1776.43434425899 1776.43434425899 1930.6364881282 1930.6364881282 1930.6364881282 1930.6364881282 1930.6364881282 1448.64314472031 1448.64314472031 1448.64314472031 1448.64314472031 1448.64314472031 1448.64314472031 1448.64314472031 1448.64314472031 1260.5 1448.64314472031 1260.5 1260.5 1260.5 1260.5 1260.5 1260.5 1260.5 1260.5 1260.5 1260.5 1260.5 1260.5 606.858397796918 606.858397796918 606.858397796918 606.858397796918 606.858397796918 606.858397796918 606.858397796918 606.858397796918 606.858397796918 606.858397796918 606.858397796918 523.608674403618 523.608674403618 523.608674403618 523.608674403618 523.608674403618 523.608674403618 523.608674403618 629.816104206318
-9999 -9999 -9999 -9999 -9999 -9999 -9999 -9999 -9999 -9999 -9999 -9999 1766.12456572122 1766.12456572122 1776.43434425899 1776.43434425899 1930.6364881282 1930.6364881282 1930.6364881282 1930.6364881282 1930.6364881282 1448.64314472031 1448.64314472031 1448.64314472031 1448.64314472031 1448.64314472031 1448.64314472031 1448.64314472031 1260.5 1260.5 1260.5 1260.5 1260.5 1260.5 1260.5 1260.5 1260.5 1260.5 1260.5 1260.5 1260.5 1260.5 1260.5 606.858397796918 606.858397796918 606.858397796918 606.858397796918 606.858397796918 606.858397796918 606.858397796918 606.858397796918 606.858397796918 606.858397796918 606.858397796918 606.858397796918 523.608674403618 523.608674403618 523.608674403618 523.608674403618 523.608674403618 523.608674403618 523.608674403618
-9999 -9999 -9999 -9999 -9999 -9999 -9999 -9999 -9999 -9999 -9999 1766.12456572122 1766.12456572122 1766.12456572122 1766.12456572122 1776.43434425899 1930.6364881282 1930.6364881282 1930.6364881282 1930.6364881282 1930.6364881282 1448.64314472031 1448.64314472031 2013.25419450248 1448.64314472031 1448.64314472031 1448.64314472031 1260.5 1260.5 1260.5 1260.5 1260.5 1260.5 1260.5 1260.5 1260.5 1260.5 1260.5 1260.5 1260.5 1260.5 1260.5 1260.5 1260.5 1260.5 606.858397796918 606.858397796918 606.858397796918 606.858397796918 606.858397796918 606.858397796918 606.858397796918 606.858397796918 606.858397796918 606.858397796918 523.608674403618 523.608674403618 523.608674403618 523.608674403618 629.816104206318 629.816104206318 629.816104206318
-9999 -9999 -9999 -9999 -9999 -9999 -9999 -9999 -9999 -9999 1766.12456572122 1766.12456572122 1766.12456572122 1766.12456572122 1766.12456572122 1766.12456572122 2013.25419450248 1930.6364881282 2013.25419450248 2013.25419450248 2013.25419450248 2013.25419450248 2013.25419450248 2013.25419450248 2013.25419450248 1448.64314472031 1260.5 1260.5 1260.5 1260.5 1260.5 1260.5 1260.5 1260.5 1260.5 1260.5 1260.5 1260.5 1260.5 1260.5 1260.5 1260.5 1260.5 1260.5 1260.5 1260.5 1260.5 606.858397796918 606.858397796918 606.858397796918 606.858397796918 606.858397796918 606.858397796918 -9999 -9999 523.608674403618 523.608674403618 523.608674403618 523.608674403618 523.608674403618 629.816104206318 629.816104206318
-9999 -9999 -9999 -9999 -9999 -9999 -9999 -9999 -9999 1766.12456572122 1766.12456572122 1766.12456572122 1766.12456572122 1766.12456572122 1766.12456572122 1766.12456572122 1766.12456572122 2013.25419450248 2013.25419450248 2013.25419450248 2013.25419450248 2013.25419450248 2013.25419450248 2013.25419450248 2013.25419450248 1260.5 1260.5 1260.5 1260.5 1260.5 1260.5 1260.5 1260.5 1260.5 1260.5 1260.5 1260.5 1260.5 1260.5 1260.5 1260.5 1260.5 1260.5 1260.5 1260.5 1260.5 1260.5 1260.5 606.858397796918 606.858397796918 606.858397796918 606.858397796918 -9999 -9999 -9999 -9999 -9999 523.608674403618 523.608674403618 523.608674403618 -9999 -9999
-9999 -9999 -9999 -9999 -9999 -9999 -9999 -9999 -9999 1766.12456572122 1766.12456572122 1766.12456572122 1766.12456572122 1766.12456572122 1766.12456572122 1766.12456572122 1766.12456572122 1766.12456572122 2013.25419450248 2013.25419450248 2013.25419450248 2013.25419450248 2013.25419450248 2013.25419450248 2013.25419450248 1097.48111922733 1260.5 1260.5 1260.5 1260.5 1260.5 1260.5 1260.5 1260.5 1260.5 1260.5 1260.5 1260.5 1260.5 1260.5 1260.5 1260.5 1260.5 1260.5 1260.5 1260.5 1260.5 1260.5 1260.5 1260.5 606.858397796918 -9999 -9999 -9999 -9999 -9999 -9999 -9999 -9999 -9999 -9999 -9999
-9999 -9999 -9999 -9999 -9999 -9999 -9999 1766.12456572122 1766.12456572122 1766.12456572122 1766.12456572122 1766.12456572122 1766.12456572122 1766.12456572122 1766.12456572122 1766.12456572122 1766.12456572122 2013.25419450248 2013.25419450248 2013.25419450248 2013.25419450248 2013.25419450248 2013.25419450248 2013.25419450248 1097.48111922733 1097.48111922733 1097.48111922733 1260.5 1260.5 1260.5 984.492955666046 984.492955666046 984.492955666046 984.492955666046 984.492955666046 984.492955666046 984.492955666046 1260.5 1260.5 1260.5 1260.5 1260.5 1260.5 1260.5 1260.5 1260.5 1260.5 1260.5 1260.5 -9999 -9999 -9999 -9999 -9999 -9999 -9999 -9999 -9999 -9999 -9999 -9999 -9999
-9999 -9999 -9999 -9999 -9999 -9999 -9999 -9999 2051.5442441242 1766.12456572122 1766.12456572122 1766.12456572122 1766.12456572122 1766.12456572122 1766.12456572122 1766.12456572122 1766.12456572122 2013.25419450248 2013.25419450248 2013.25419450248 2013.25419450248 2013.25419450248 2013.25419450248 2013.25419450248 1097.48111922733 1097.48111922733 1097.48111922733 1260.5 1260.5 1260.5 984.492955666046 984.492955666046 984.492955666046 984.492955666046 984.492955666046 984.492955666046 984.492955666046 1260.5 1260.5 605.31191123539 605.31191123539 1260.5 1260.5 1260.5 1260.5 1260.5 1260.5 1260.5 1260.5 1260.5 -9999 -9999 -9999 -9999 -9999 -9999 -9999 -9999 -9999 -9999 -9999 -9999
-9999 -9999 -9999 -9999 -9999 -9999 -9999 -9999 2051.5442441242 2051.5442441242 2051.5442441242 2051.5442441242 1766.12456572122 1766.12456572122 1766.12456572122 1766.12456572122 2013.25419450248 2013.25419450248 2013.25419450248 2013.25419450248 2013.25419450248 2013.25419450248 2013.25419450248 2013.25419450248 1097.48111922733 1097.48111922733 1097.48111922733 1260.5 1097.48111922733 1097.48111922733 984.492955666046 984.492955666046 984.492955666046 984.492955666046 984.492955666046 984.492955666046 984.492955666046 984.492955666046 984.492955666046 984.492955666046 605.31191123539 605.31191123539 605.31191123539 1260.5 1260.5 1260.5 1260.5 1260.5 1260.5 605.31191123539 605.31191123539 605.31191123539 -9999 -9999 -9999 -9999 -9999 -9999 -9999 -9999 -9999 -9999
-9999 -9999 -9999 -9999 -9999 -9999 -9999 -9999 2051.5442441242 2051.5442441242 2051.5442441242 1819.35592730503 1819.35592730503 1245.73217515899 1245.73217515899 1766.12456572122 1117.72079334069 1117.72079334069 2013.25419450248 2013.25419450248 2013.25419450248 2013.25419450248 2013.25419450248 1097.48111922733 1097.48111922733 1097.48111922733 1097.48111922733 1097.48111922733 1097.48111922733 1097.48111922733 1097.48111922733 984.492955666046 984.492955666046 984.492955666046 984.492955666046 984.492955666046 984.492955666046 984.492955666046 984.492955666046 605.31191123539 605.31191123539 605.31191123539 605.31191123539 605.31191123539 1260.5 1260.5 1260.5 605.31191123539 605.31191123539 605.31191123539 605.31191123539 605.31191123539 605.31191123539 605.31191123539 -9999 -9999 -9999 -9999 -9999 -9999 -9999 -9999
-9999 -9999 -9999 -9999 -9999 -9999 -9999 -9999 -9999 2051.5442441242 2051.5442441242 1819.35592730503 1819.35592730503 1819.35592730503 1819.35592730503 1245.73217515899 1245.73217515899 1245.73217515899 1245.73217515899 2013.25419450248 2013.25419450248 2013.25419450248 2013.25419450248 1097.48111922733 1097.48111922733 1097.48111922733 1097.48111922733 1097.48111922733 1097.48111922733 1097.48111922733 1097.48111922733 984.492955666046 984.492955666046 984.492955666046 984.492955666046 984.492955666046 984.492955666046 984.492955666046 984.492955666046 605.31191123539 605.31191123539 605.31191123539 605.31191123539 605.31191123539 1260.5 1260.5 605.31191123539 605.31191123539 605.31191123539 605.31191123539 605.31191123539 605.31191123539 605.31191123539 605.31191123539 -9999 -9999 -9999 -9999 -9999 -9999 -9999 -9999
-9999 -9999 -9999 -9999 -9999 -9999 -9999 -9999 -9999 2051.5442441242 2051.5442441242 2051.5442441242 1819.35592730503 1819.35592730503 1245.73217515899 1245.73217515899 1245.73217515899 1245.73217515899 1245.73217515899 1245.73217515899 1117.72079334069 2013.25419450248 1097.48111922733 1097.48111922733 1097.48111922733 1097.48111922733 1097.48111922733 1097.48111922733 1097.48111922733 1097.48111922733 1097.48111922733 984.492955666046 984.492955666046 605.31191123539 984.492955666046 984.492955666046 984.492955666046 984.492955666046 984.492955666046 605.31191123539 605.31191123539 605.31191123539 605.31191123539 605.31191123539 605.31191123539 605.31191123539 605.31191123539 605.31191123539 605.31191123539 605.31191123539 605.31191123539 605.31191123539 605.31191123539 605.31191123539 605.31191123539 -9999 -9999 -9999 -9999 -9999 -9999 -9999
-9999 -9999 -9999 -9999 -9999 -9999 -9999 -9999 -9999 2051.5442441242 2051.5442441242 1524.38583215329 1524.38583215329 1245.73217515899 1245.73217515899 1245.73217515899 1245.73217515899 1245.73217515899 1975 1975 1117.72079334069 1117.72079334069 2013.25419450248 1097.48111922733 1097.48111922733 1097.48111922733 1097.48111922733 1097.48111922733 1097.48111922733 1097.48111922733 1097.48111922733 984.492955666046 984.492955666046 605.31191123539 984.492955666046 984.492955666046 984.492955666046 984.492955666046 984.492955666046 605.31191123539 605.31191123539 605.31191123539 605.31191123539 605.31191123539 605.31191123539 605.31191123539 605.31191123539 605.31191123539 605.31191123539 605.31191123539 605.31191123539 605.31191123539 605.31191123539 605.31191123539 605.31191123539 -9999 -9999 -9999 -9999 -9999 -9999 -9999
-9999 -9999 -9999 -9999 -9999 -9999 -9999 2051.5442441242 2051.5442441242 2051.5442441242 1524.38583215329 1524.38583215329 1524.38583215329 1524.38583215329 1524.38583215329 1524.38583215329 1245.73217515899 1975 1975 1975 1975 1117.72079334069 1117.72079334069 1117.72079334069 1117.72079334069 1097.48111922733 1097.48111922733 1097.48111922733 1097.48111922733 1097.48111922733 1097.48111922733 1097.48111922733 605.31191123539 605.31191123539 605.31191123539 605.31191123539 605.31191123539 984.492955666046 984.492955666046 605.31191123539 605.31191123539 605.31191123539 605.31191123539 605.31191123539 605.31191123539 605.31191123539 605.31191123539 605.31191123539 605.31191123539 605.31191123539 605.31191123539 605.31191123539 605.31191123539 605.31191123539 549 549 -9999 -9999 -9999 -9999 -9999 -9999
-9999 -9999 -9999 -9999 -9999 -9999 -9999 -9999 1960.58770924448 1524.38583215329 1524.38583215329 1524.38583215329 1524.38583215329 1524.38583215329 1524.38583215329 1524.38583215329 1524.38583215329 1975 1975 1975 1975 1117.72079334069 1117.72079334069 1117.72079334069 1117.72079334069 973.24754981255 973.24754981255 973.24754981255 973.24754981255 973.24754981255 973.24754981255 973.24754981255 922.954433165603 922.954433165603 605.31191123539 605.31191123539 605.31191123539 605.31191123539 605.31191123539 605.31191123539 605.31191123539 605.31191123539 605.31191123539 605.31191123539 605.31191123539 605.31191123539 605.31191123539 605.31191123539 605.31191123539 605.31191123539 605.31191123539 605.31191123539 605.31191123539 549 549 549 549 -9999 -9999 -9999 -9999 -9999
1950 -9999 -9999 -9999 -9999 -9999 -9999 -9999 1960.58770924448 1960.58770924448 1960.58770924448 1960.58770924448 1524.38583215329 1524.38583215329 1524.38583215329 1524.38583215329 1524.38583215329 1524.38583215329 1524.38583215329 1975 1975 1975 1117.72079334069 1117.72079334069 1117.72079334069 1117.72079334069 973.24754981255 973.24754981255 973.24754981255 973.24754981255 973.24754981255 922.954433165603 922.954433165603 922.954433165603 922.954433165603 922.954433165603 922.954433165603 605.31191123539 605.31191123539 605.31191123539 605.31191123539 605.31191123539 605.31191123539 605.31191123539 605.31191123539 605.31191123539 605.31191123539 605.31191123539 605.31191123539 605.31191123539 605.31191123539 605.31191123539 549 549 549 549 549 549 -9999 -9999 -9999 -9999
1950 2000.56317183016 2000.56317183016 -9999 -9999 -9999 -9999 -9999 1960.58770924448 1960.58770924448 1960.58770924448 1960.58770924448 1524.38583215329 1524.38583215329 1524.38583215329 1524.38583215329 1524.38583215329 1524.38583215329 1164.38777009231 1164.38777009231 1975 1975 1117.72079334069 1117.72079334069 1117.72079334069 973.24754981255 973.24754981255 973.24754981255 973.24754981255 973.24754981255 973.24754981255 922.954433165603 922.954433165603 922.954433165603 922.954433165603 922.954433165603 922.954433165603 922.954433165603 605.31191123539 605.31191123539 605.31191123539 605.31191123539 605.31191123539 605.31191123539 605.31191123539 605.31191123539 605.31191123539 605.31191123539 605.31191123539 605.31191123539 605.31191123539 549 549 549 549 549 549 549 549 -9999 -9999 -9999
2000.56317183016 2000.56317183016 2000.56317183016 2000.56317183016 -9999 -9999 2033.10037627785 2033.10037627785 1960.58770924448 1960.58770924448 1960.58770924448 1960.58770924448 1960.58770924448 1960.58770924448 1524.38583215329 1524.38583215329 1164.38777009231 1164.38777009231 1164.38777009231 1164.38777009231 1164.38777009231 1164.38777009231 1164.38777009231 1117.72079334069 1117.72079334069 1117.72079334069 1117.72079334069 1117.72079334069 973.24754981255 973.24754981255 973.24754981255 973.24754981255 973.24754981255 922.954433165603 922.954433165603 922.954433165603 922.954433165603 922.954433165603 922.954433165603 922.954433165603 577.31615771292 605.31191123539 605.31191123539 605.31191123539 605.31191123539 605.31191123539 549 549 549 549 549 549 549 549 549 549 549 549 549 549 -9999 -9999
2000.56317183016 2000.56317183016 2000.56317183016 2000.56317183016 2029.77970737016 2033.10037627785 2033.10037627785 2033.10037627785 1960.58770924448 2035.98730368919 1960.58770924448 1960.58770924448 1960.58770924448 1707.25837267783 1164.38777009231 1524.38583215329 1164.38777009231 1164.38777009231 1164.38777009231 1164.38777009231 1164.38777009231 1164.38777009231 1164.38777009231 1164.38777009231 1117.72079334069 1117.72079334069 1117.72079334069 1117.72079334069 1117.72079334069 849.543357963136 849.543357963136 973.24754981255 973.24754981255 922.954433165603 922.954433165603 922.954433165603 922.954433165603 922.954433165603 577.31615771292 577.31615771292 577.31615771292 577.31615771292 483.730346668496 483.730346668496 483.730346668496 549 549 549 549 549 549 549 549 549 549 549 549 549 549 549 549 -9999
2000.56317183016 2000.56317183016 2000.56317183016 2000.56317183016 2029.77970737016 2033.10037627785 2033.10037627785 2033.10037627785 2035.98730368919 2035.98730368919 2035.98730368919 1960.58770924448 1960.58770924448 1707.25837267783 1164.38777009231 1164.38777009231 1164.38777009231 1164.38777009231 1164.38777009231 1164.38777009231 1164.38777009231 1164.38777009231 1164.38777009231 1164.38777009231 1164.38777009231 1117.72079334069 1117.72079334069 1117.72079334069 1117.72079334069 849.543357963136 849.543357963136 849.543357963136 849.543357963136 849.543357963136 922.954433165603 922.954433165603 922.954433165603 922.954433165603 577.31615771292 577.31615771292 577.31615771292 577.31615771292 483.730346668496 483.730346668496 483.730346668496 483.730346668496 483.730346668496 483.730346668496 549 549 549 549 549 549 549 549 549 549 549 549 549 549
2000.56317183016 1887.63033287879 2000.56317183016 1887.63033287879 2029.77970737016 2029.77970737016 2033.10037627785 2033.10037627785 2035.98730368919 2035.98730368919 2035.98730368919 1960.58770924448 1707.25837267783 1707.25837267783 1707.25837267783 1164.38777009231 1164.38777009231 1164.38777009231 1164.38777009231 1164.38777009231 1164.38777009231 1164.38777009231 1164.38777009231 1164.38777009231 1164.38777009231 1117.72079334069 849.543357963136 849.543357963136 849.543357963136 849.543357963136 849.543357963136 849.543357963136 849.543357963136 849.543357963136 922.954433165603 922.954433165603 922.954433165603 922.954433165603 577.31615771292 577.31615771292 577.31615771292 483.730346668496 483.730346668496 483.730346668496 483.730346668496 483.730346668496 483.730346668496 483.730346668496 483.730346668496 483.730346668496 549 549 549 549 549 549 549 549 549 549 549 549
1887.63033287879 1887.63033287879 1887.63033287879 1887.63033287879 2029.77970737016 2033.10037627785 2033.10037627785 2033.10037627785 2035.98730368919 1707.25837267783 1707.25837267783 1707.25837267783 1707.25837267783 1707.25837267783 1707.25837267783 1164.38777009231 1822.64986495052 1822.64986495052 1822.64986495052 1822.64986495052 1822.64986495052 1822.64986495052 1822.64986495052 1822.64986495052 1164.38777009231 1164.38777009231 849.543357963136 849.543357963136 849.543357963136 849.543357963136 849.543357963136 849.543357963136 849.543357963136 849.543357963136 849.543357963136 922.954433165603 577.31615771292 577.31615771292 577.31615771292 577.31615771292 483.730346668496 483.730346668496 483.730346668496 483.730346668496 483.730346668496 483.730346668496 483.730346668496 483.730346668496 483.730346668496 483.730346668496 549 549 549 549 549 549 549 549 549 549 549 549
1887.63033287879 1887.63033287879 1887.63033287879 1887.63033287879 1887.63033287879 1887.63033287879 1887.63033287879 1887.63033287879 1707.25837267783 1707.25837267783 1707.25837267783 1707.25837267783 1707.25837267783 1707.25837267783 1707.25837267783 1707.25837267783 1822.64986495052 1822.64986495052 1822.64986495052 1822.64986495052 1822.64986495052 1822.64986495052 1822.64986495052 1822.64986495052 1046.4205397954 1046.4205397954 1046.4205397954 849.543357963136 849.543357963136 849.543357963136 849.543357963136 849.543357963136 849.543357963136 849.543357963136 849.543357963136 849.543357963136 577.31615771292 577.31615771292 577.31615771292 577.31615771292 577.31615771292 577.31615771292 483.730346668496 483.730346668496 483.730346668496 483.730346668496 483.730346668496 483.730346668496 483.730346668496 483.730346668496 483.730346668496 549 549 549 549 549 549 549 549 549 549 549
1941.94119369424 1887.63033287879 1887.63033287879 1887.63033287879 1941.94119369424 1802.77507514015 1707.25837267783 1707.25837267783 1707.25837267783 1707.25837267783 1707.25837267783 1778.63756517573 1778.63756517573 1778.63756517573 1296.08942746012 1822.64986495052 1822.64986495052 1822.64986495052 1822.64986495052 1822.64986495052 1822.64986495052 1822.64986495052 1822.64986495052 1046.4205397954 1046.4205397954 1046.4205397954 1046.4205397954 849.543357963136 849.543357963136 849.543357963136 849.543357963136 849.543357963136 849.543357963136 849.543357963136 849.543357963136 577.31615771292 577.31615771292 577.31615771292 577.31615771292 577.31615771292 577.31615771292 577.31615771292 577.31615771292 483.730346668496 483.730346668496 483.730346668496 483.730346668496 483.730346668496 483.730346668496 483.730346668496 483.730346668496 483.730346668496 483.730346668496 549 549 549 549 549 549 549 -9999 -9999
1965.92090849699 1941.94119369424 1941.94119369424 1941.94119369424 1802.77507514015 1802.77507514015 1707.25837267783 1707.25837267783 1707.25837267783 1707.25837267783 1707.25837267783 1778.63756517573 1778.63756517573 1778.63756517573 1296.08942746012 1822.64986495052 1822.64986495052 1822.64986495052 1822.64986495052 1822.64986495052 1822.64986495052 1822.64986495052 1822.64986495052 1046.4205397954 1046.4205397954 1046.4205397954 1046.4205397954 1046.4205397954 1046.4205397954 849.543357963136 849.543357963136 849.543357963136 849.543357963136 849.543357963136 849.543357963136 577.31615771292 577.31615771292 577.31615771292 577.31615771292 577.31615771292 577.31615771292 577.31615771292 577.31615771292 577.31615771292 483.730346668496 483.730346668496 483.730346668496 483.730346668496 483.730346668496 483.730346668496 483.730346668496 483.730346668496 483.730346668496 549 549 549 549 549 549 549 -9999 -9999
1965.92090849699 1965.92090849699 1802.77507514015 1802.77507514015 1802.77507514015 1802.77507514015 1707.25837267783 1707.25837267783 1707.25837267783 1707.25837267783 1778.63756517573 1778.63756517573 1778.63756517573 1778.63756517573 1296.08942746012 1822.64986495052 1822.64986495052 1822.64986495052 1822.64986495052 1822.64986495052 1822.64986495052 1822.64986495052 1046.4205397954 1046.4205397954 1046.4205397954 1046.4205397954 1046.4205397954 1046.4205397954 1046.4205397954 1046.4205397954 1046.4205397954 849.543357963136 849.543357963136 849.543357963136 849.543357963136 577.31615771292 577.31615771292 577.31615771292 577.31615771292 577.31615771292 577.31615771292 577.31615771292 577.31615771292 577.31615771292 483.730346668496 483.730346668496 483.730346668496 483.730346668496 483.730346668496 483.730346668496 483.730346668496 483.730346668496 483.730346668496 549 549 549 549 549 549 549 549 -9999
1965.92090849699 1802.77507514015 1802.77507514015 1802.77507514015 1802.77507514015 1802.77507514015 1707.25837267783 1707.25837267783 1707.25837267783 1707.25837267783 1778.63756517573 1778.63756517573 1778.63756517573 1296.08942746012 1296.08942746012 1296.08942746012 1139.92365968711 1822.64986495052 1822.64986495052 1822.64986495052 1139.92365968711 1139.92365968711 1046.4205397954 1046.4205397954 1046.4205397954 1046.4205397954 1046.4205397954 1046.4205397954 1046.4205397954 1046.4205397954 1046.4205397954 849.543357963136 849.543357963136 849.543357963136 849.543357963136 849.543357963136 577.31615771292 577.31615771292 577.31615771292 577.31615771292 577.31615771292 577.31615771292 577.31615771292 577.31615771292 577.31615771292 483.730346668496 483.730346668496 483.730346668496 483.730346668496 483.730346668496 483.730346668496 483.730346668496 483.730346668496 549 549 549 549 549 549 549 549 -9999
