layers/rainwind/HTI_rain_wind_comb_score.asc
NCOLS 343 
NROWS 248 
XLLCORNER -74.4803996469999 
YLLCORNER 18.0221399550001 
CELLSIZE 0.00833308698833808 
NODATA_value -9999 
[rows 180 to 215 of 248, columns 81 to 161 of 343]
-9999 -9999 -9999 -9999 -9999 -9999 5.95 5.95 5.95 -9999 -9999 -9999 -9999 -9999 -9999 -9999 -9999 -9999 -9999 -9999 -9999 -9999 6 6 6 6 6 6 6 -9999 -9999 -9999 -9999 -9999 -9999 -9999 -9999 -9999 -9999 -9999 -9999 -9999 -9999 -9999 -9999 -9999 -9999 -9999 -9999 -9999 -9999 -9999 -9999 -9999 -9999 -9999 -9999 -9999 -9999 -9999 -9999 -9999 -9999 -9999 -9999 -9999 -9999 -9999 -9999 -9999 -9999 -9999 -9999 -9999 -9999 -9999 -9999 -9999 -9999 -9999 -9999
-9999 -9999 -9999 -9999 -9999 -9999 -9999 -9999 -9999 -9999 -9999 -9999 5.97 5.97 5.97 -9999 -9999 -9999 -9999 6 6 6 6 6 6 6 6 6 6 -9999 -9999 -9999 -9999 -9999 -9999 -9999 -9999 -9999 -9999 -9999 -9999 -9999 -9999 -9999 -9999 -9999 -9999 -9999 -9999 -9999 -9999 -9999 -9999 -9999 -9999 -9999 -9999 -9999 -9999 -9999 -9999 -9999 -9999 -9999 -9999 -9999 -9999 -9999 -9999 -9999 -9999 -9999 -9999 -9999 -9999 -9999 -9999 -9999 -9999 -9999 -9999
-9999 -9999 -9999 -9999 -9999 -9999 -9999 -9999 -9999 -9999 5.97 5.97 5.97 5.97 5.97 5.97 6 6 6 6 6 6 6 6 6 6 6 6 -9999 -9999 -9999 -9999 -9999 -9999 -9999 -9999 -9999 -9999 -9999 -9999 -9999 -9999 -9999 -9999 -9999 -9999 -9999 -9999 -9999 -9999 -9999 -9999 -9999 -9999 -9999 -9999 -9999 -9999 -9999 -9999 -9999 -9999 -9999 -9999 -9999 -9999 -9999 -9999 -9999 -9999 -9999 -9999 -9999 -9999 -9999 -9999 -9999 -9999 -9999 -9999 -9999
-9999 -9999 -9999 -9999 -9999 -9999 -9999 -9999 -9999 5.97 5.97 5.97 5.97 5.97 5.97 -9999 6 6 6 6 6 6 6 6 6 6 6 -9999 -9999 -9999 -9999 -9999 -9999 -9999 -9999 -9999 -9999 -9999 -9999 -9999 -9999 -9999 -9999 -9999 -9999 -9999 -9999 -9999 -9999 -9999 -9999 -9999 -9999 -9999 -9999 -9999 -9999 -9999 -9999 -9999 -9999 -9999 -9999 -9999 -9999 -9999 -9999 -9999 -9999 -9999 -9999 -9999 -9999 -9999 -9999 -9999 -9999 -9999 -9999 -9999 -9999
5.77 -9999 -9999 -9999 -9999 -9999 -9999 -9999 -9999 -9999 5.97 5.97 5.97 5.97 -9999 -9999 -9999 -9999 -9999 -9999 -9999 -9999 -9999 -9999 -9999 -9999 -9999 -9999 -9999 -9999 -9999 -9999 -9999 -9999 -9999 -9999 -9999 -9999 -9999 -9999 -9999 -9999 -9999 -9999 -9999 -9999 -9999 -9999 -9999 -9999 -9999 -9999 -9999 -9999 -9999 -9999 -9999 -9999 -9999 -9999 -9999 -9999 -9999 -9999 -9999 -9999 -9999 -9999 -9999 -9999 -9999 -9999 -9999 -9999 -9999 -9999 -9999 -9999 -9999 -9999 -9999
5.77 5.77 -9999 -9999 5.95 5.95 5.95 5.95 5.95 5.92 -9999 -9999 5.92 -9999 5.92 -9999 -9999 -9999 -9999 -9999 -9999 -9999 -9999 -9999 -9999 -9999 -9999 -9999 -9999 -9999 -9999 -9999 -9999 -9999 -9999 -9999 -9999 -9999 -9999 -9999 -9999 -9999 -9999 -9999 -9999 -9999 -9999 -9999 -9999 -9999 -9999 -9999 -9999 -9999 -9999 -9999 -9999 -9999 -9999 -9999 -9999 -9999 -9999 -9999 -9999 -9999 -9999 -9999 -9999 -9999 -9999 -9999 -9999 -9999 -9999 -9999 -9999 -9999 -9999 -9999 -9999
5.77 5.95 5.95 5.95 5.95 5.95 5.95 5.95 5.92 5.92 5.92 5.92 5.92 5.92 5.92 5.92 5.92 -9999 -9999 -9999 -9999 -9999 -9999 -9999 -9999 -9999 -9999 -9999 -9999 -9999 -9999 -9999 -9999 -9999 -9999 -9999 -9999 -9999 -9999 -9999 -9999 -9999 -9999 -9999 -9999 -9999 -9999 -9999 -9999 -9999 -9999 -9999 -9999 -9999 -9999 -9999 -9999 -9999 -9999 -9999 -9999 -9999 -9999 -9999 -9999 -9999 -9999 -9999 -9999 -9999 -9999 -9999 -9999 -9999 -9999 -9999 -9999 -9999 -9999 -9999 -9999
5.77 5.95 5.95 5.95 5.95 5.95 5.95 5.95 5.92 5.92 5.92 5.92 5.92 5.92 5.92 5.92 5.92 -9999 -9999 -9999 -9999 -9999 -9999 -9999 -9999 -9999 -9999 -9999 -9999 -9999 -9999 -9999 -9999 -9999 6.4 6.4 6.5 6.5 -9999 -9999 -9999 6.5 6.5 -9999 -9999 -9999 -9999 -9999 -9999 -9999 -9999 -9999 -9999 -9999 -9999 -9999 -9999 -9999 -9999 -9999 -9999 -9999 -9999 -9999 -9999 -9999 -9999 -9999 -9999 -9999 -9999 -9999 -9999 -9999 -9999 -9999 -9999 -9999 -9999 -9999 -9999
5.95 5.95 5.95 5.95 5.95 5.95 5.92 5.92 5.92 5.92 5.92 5.92 5.92 5.92 5.92 5.92 -9999 -9999 -9999 -9999 -9999 -9999 -9999 -9999 -9999 -9999 -9999 -9999 -9999 -9999 -9999 6.4 6.4 6.4 6.4 6.4 6.4 6.5 6.5 6.5 6.5 6.5 6.5 6.48 6.48 6.48 6.48 6.48 6.48 -9999 -9999 -9999 -9999 -9999 -9999 -9999 -9999 -9999 -9999 -9999 -9999 -9999 -9999 -9999 -9999 -9999 -9999 -9999 -9999 -9999 -9999 -9999 -9999 -9999 -9999 -9999 -9999 -9999 -9999 -9999 -9999
5.95 5.95 5.95 5.95 5.95 5.92 5.92 5.92 5.92 5.92 5.92 5.92 5.92 5.92 5.92 5.92 -9999 -9999 -9999 -9999 -9999 -9999 -9999 -9999 -9999 -9999 -9999 -9999 -9999 6.4 6.4 6.4 6.4 6.4 6.4 6.4 6.5 6.5 6.5 6.5 6.5 6.5 6.5 6.48 6.48 6.48 6.48 6.48 6.48 6.48 6.48 6.48 6.48 6.48 -9999 -9999 -9999 -9999 -9999 -9999 -9999 -9999 -9999 -9999 -9999 -9999 -9999 -9999 -9999 -9999 -9999 -9999 -9999 -9999 -9999 -9999 -9999 -9999 -9999 -9999 -9999
5.95 5.95 5.95 5.95 5.92 5.92 5.92 5.92 5.92 5.92 5.92 5.92 5.92 5.92 5.92 5.92 5.92 -9999 -9999 5.92 6.2 6.2 6.2 6.2 6.2 6.2 6.2 6.2 6.4 6.4 6.4 6.4 6.4 6.4 6.4 6.4 6.5 6.5 6.5 6.5 6.5 6.5 6.5 6.48 6.48 6.48 6.48 6.48 6.48 6.48 6.48 6.48 6.48 6.48 6.48 6.62 6.62 6.62 -9999 -9999 -9999 -9999 -9999 -9999 -9999 -9999 -9999 -9999 -9999 -9999 -9999 -9999 -9999 -9999 -9999 -9999 -9999 -9999 -9999 -9999 -9999
5.95 5.95 5.95 5.95 5.95 6.15 5.92 5.92 5.99 5.99 5.99 5.99 5.99 5.92 5.92 5.92 5.92 5.92 5.92 5.92 6.2 6.2 6.2 6.2 6.2 6.2 6.2 6.4 6.4 6.4 6.4 6.4 6.4 6.4 6.4 6.4 6.5 6.5 6.5 6.5 6.5 6.5 6.5 6.48 6.43 6.43 6.48 6.43 6.48 6.48 6.48 6.48 6.48 6.48 6.48 6.62 6.62 6.62 6.62 -9999 -9999 -9999 -9999 -9999 -9999 -9999 -9999 -9999 -9999 -9999 -9999 -9999 -9999 -9999 -9999 -9999 -9999 -9999 -9999 -9999 -9999
6.15 6.15 6.15 6.15 6.15 6.15 6.15 6.15 5.99 5.99 5.99 5.99 5.99 5.99 5.92 5.92 5.92 5.99 5.92 5.92 6.2 6.2 6.2 6.2 6.2 6.2 6.4 6.4 6.4 6.4 6.4 6.4 6.4 6.4 6.4 6.4 6.5 6.5 6.5 6.5 6.5 6.5 6.5 6.5 6.43 6.43 6.43 6.43 6.43 6.43 6.43 6.43 6.43 6.43 6.62 6.62 6.62 6.62 6.62 6.62 6.27 -9999 -9999 -9999 -9999 -9999 -9999 -9999 -9999 -9999 -9999 -9999 6.08 6.08 6.08 6.08 6.05 6.05 -9999 -9999 -9999
6.15 6.15 6.15 6.15 6.15 6.15 6.15 5.99 5.99 5.99 5.99 5.99 5.99 5.99 5.92 5.99 5.99 5.99 5.99 5.99 6.2 6.2 6.2 6.2 6.2 6.4 6.4 6.4 6.4 6.4 6.4 6.4 6.4 6.4 6.4 6.4 6.4 6.5 6.5 6.5 6.5 6.5 6.5 6.5 6.5 6.43 6.43 6.43 6.43 6.43 6.43 6.43 6.43 6.43 6.62 6.62 6.62 6.62 6.62 6.27 6.27 6.27 6.27 6.27 6.33 6.33 6.33 6.33 6.06 6.08 6.08 6.08 6.08 6.08 6.08 6.08 6.05 6.05 6.05 6.05 6.05
5.7 6.15 6.15 6.15 6.15 6.15 5.92 5.92 5.92 5.92 5.92 5.92 5.92 5.92 5.92 5.99 5.99 5.99 5.99 5.99 6.2 6.2 6.2 6.2 6.2 6.2 6.4 6.4 6.4 6.4 6.4 6.4 6.4 6.4 6.4 6.4 6.5 6.5 6.5 6.5 6.5 6.5 6.5 6.5 6.43 6.43 6.43 6.43 6.43 6.43 6.43 6.43 6.28 6.62 6.62 6.62 6.62 6.62 6.62 6.62 6.27 6.27 6.27 6.27 6.33 6.33 6.33 6.33 6.06 6.06 6.08 6.08 6.08 6.08 6.08 6.08 6.05 6.05 6.05 6.05 6.05
5.7 5.7 5.7 6.15 6.15 5.92 5.92 5.92 5.92 5.92 5.92 5.92 5.92 5.92 5.92 5.99 6.19 5.99 5.99 6.2 6.2 6.2 6.2 6.2 6.2 6.2 6.1 6.1 6.1 6.1 6.1 6.1 6.1 6.1 6.4 6.4 6.5 6.5 6.5 6.5 6.5 6.5 6.5 6.5 6.5 6.43 6.43 6.43 6.43 6.43 6.43 6.28 6.28 6.62 6.62 6.62 6.62 6.62 6.62 6.62 6.27 6.27 6.27 6.27 6.33 6.33 6.33 6.33 6.06 6.06 6.08 6.08 6.08 6.08 6.08 6.08 6.08 6.05 6.05 6.05 6.05
5.7 5.7 6.15 6.15 5.92 5.92 5.92 5.92 5.92 5.92 5.92 5.92 5.92 5.92 5.92 5.94 5.94 6.19 5.99 6.2 6.2 6.2 6.19 6.19 6.19 6.1 6.1 6.1 6.1 6.1 6.1 6.1 6.1 6.1 6.4 6.4 6.4 6.5 6.5 6.5 6.5 6.5 6.5 6.5 6.5 6.43 6.43 6.43 6.43 6.43 6.43 6.28 6.28 6.28 6.62 6.62 6.62 6.62 6.62 6.62 6.27 6.27 6.27 6.33 6.33 6.33 6.33 6.06 6.06 6.06 6.08 6.08 6.08 6.08 6.08 6.08 6.08 6.05 6.05 6.05 6.05
5.7 5.7 6.15 6.15 5.94 5.92 5.92 5.92 5.94 5.94 5.94 5.92 5.92 5.92 5.94 5.94 5.94 6.19 6.19 6.2 6.19 6.19 6.19 6.19 6.19 6.19 6.1 6.1 6.1 6.1 6.1 6.1 6.1 6.1 6.1 6.4 6.4 6.4 6.18 6.18 6.18 6.18 6.18 6.15 6.15 6.15 6.15 6.15 6.15 6.56 6.56 6.56 6.56 6.28 6.28 6.62 6.62 6.62 6.62 6.27 6.27 6.27 6.27 6.27 6.27 6.27 6.33 6.06 6.06 6.06 6.06 6.06 6.06 6.08 6.08 6.08 6.08 6.08 6.05 6.05 6.09
5.7 5.7 5.7 5.94 5.94 5.94 5.94 5.94 5.94 5.94 5.94 5.94 5.94 5.94 5.94 5.94 6.19 6.19 6.19 6.19 6.19 6.19 6.19 6.19 6.19 6.19 6.1 6.1 6.1 6.1 6.1 6.1 6.1 6.1 6.1 6.4 6.18 6.18 6.18 6.18 6.18 6.18 6.18 6.18 6.15 6.15 6.15 6.56 6.56 6.56 6.56 6.56 6.28 6.28 6.28 6.62 6.62 6.62 6.62 6.62 6.27 6.27 6.27 6.27 6.27 6.27 6.33 6.06 6.06 6.06 6.06 6.06 6.06 6.1 6.1 6.1 6.1 6.1 6.1 6.05 6.09
5.7 5.7 5.7 5.94 5.94 5.94 5.94 5.94 5.94 5.94 5.94 5.94 5.94 5.94 5.94 5.94 5.93 5.93 5.93 5.93 6.19 6.19 6.19 6.09 6.19 6.19 6.19 6.1 6.1 6.1 6.08 6.1 6.1 6.1 6.1 6.1 6.18 6.18 6.18 6.18 6.18 6.18 6.18 6.15 6.15 6.15 6.15 6.56 6.56 6.56 6.56 6.28 6.28 6.28 6.28 6.28 6.62 6.62 6.62 6.62 6.62 6.27 6.27 6.27 6.27 6.33 6.33 6.06 6.06 6.06 6.06 6.06 6.06 6.06 6.1 6.1 6.1 6.1 6.1 6.1 6.09
5.92 5.92 5.92 5.92 5.92 5.92 5.92 5.92 5.94 5.94 5.94 6.03 6.03 5.94 5.94 5.94 5.93 5.93 5.93 5.93 5.93 5.93 6.09 6.09 6.09 6.09 6.09 6.08 6.08 6.08 6.08 6.08 6.08 6.08 6.08 6.08 6.18 6.18 6.18 6.18 6.18 6.18 6.18 6.15 6.15 6.15 6.15 6.15 6.56 6.56 6.56 6.56 6.56 6.28 6.28 6.28 6.28 6.28 6.18 6.27 6.27 6.27 6.27 6.27 6.27 6.33 6.33 6.1 6.1 6.1 6.1 6.1 6.1 6.1 6.1 6.1 6.1 6.1 6.09 6.09 6.09
5.92 5.92 5.92 5.92 5.92 5.92 6.03 5.92 6.03 6.03 6.03 6.03 6.03 6.03 5.94 5.94 5.93 5.93 5.93 5.93 5.93 5.93 6.09 6.09 6.09 6.09 6.09 6.08 6.08 6.08 6.08 6.08 6.08 6.08 6.08 6.08 6.08 6.18 6.18 6.18 6.18 6.18 6.18 6.15 6.15 6.15 6.15 6.15 6.56 6.56 6.56 6.56 6.56 6.56 6.28 5.94 5.94 5.94 6.18 6.18 6.18 6.27 6.27 6.27 6.27 6.33 6.1 6.1 6.1 6.1 6.1 6.1 6.1 6.1 6.1 6.1 6.1 6.09 6.09 6.09 6.09
5.92 5.92 5.92 5.92 5.92 5.92 5.92 6.03 6.03 6.03 6.03 6.03 6.03 5.93 5.93 5.94 5.93 5.93 5.93 5.93 5.93 6.09 6.09 6.09 6.09 6.09 6.09 6.09 6.08 6.08 6.08 6.08 6.08 6.08 6.08 6.08 6.08 6.18 6.18 6.18 6.18 6.18 6.18 6.15 6.15 6.15 6.15 6.15 6.15 6.15 6.56 5.94 5.94 5.94 5.94 5.94 5.94 5.94 6.18 6.18 6.18 6.18 6.18 6.18 6.18 6.09 6.09 6.09 6.09 6.09 6.1 6.1 6.1 6.1 6.1 6.09 6.09 6.09 6.09 6.09 6.09
5.92 5.92 5.92 5.92 5.92 5.92 5.92 6.03 6.03 6.03 6.03 6.03 6.03 6.03 5.93 5.93 5.93 5.93 5.93 5.93 6.09 6.09 6.09 6.09 6.09 6.09 6.09 6.09 6.09 6.08 6.08 6.08 6.08 6.08 6.08 6.08 6.08 6.18 6.18 6.18 6.18 6.18 6.18 6.15 6.15 6.15 6.15 6.15 6.15 6.15 6.15 5.94 5.94 5.94 5.94 5.94 5.94 6.18 6.18 6.18 6.18 6.18 6.18 6.18 6.18 6.09 6.09 6.09 6.09 6.09 6.09 6.21 6.21 6.1 6.1 6.1 6.09 6.09 6.09 6.09 6.09
5.92 5.92 5.92 5.92 5.92 5.92 5.92 6.03 6.03 6.03 6.03 6.03 6.03 5.93 5.93 5.93 5.93 5.93 6.09 6.09 6.09 6.09 6.09 6.09 6.09 6.09 6.09 6.09 6.09 6.09 6.09 6.09 6.15 6.15 6.15 6.08 6.18 6.18 6.18 6.15 6.18 6.18 6.15 6.15 6.15 6.15 6.15 6.15 6.15 6.15 6.15 5.94 5.94 5.94 5.94 5.94 6.18 6.18 6.18 6.18 6.18 6.18 6.18 6.18 6.18 6.09 6.09 6.09 6.09 6.09 6.09 6.21 6.21 6.21 6.21 6.21 6.21 6.21 6.19 6.19 6.19
5.92 5.92 5.92 5.92 5.92 5.92 5.92 5.92 6.03 6.03 6.03 6.03 6.03 5.93 5.93 5.93 5.93 5.93 5.93 6.09 6.09 6.09 6.09 6.09 6.09 6.09 6.09 6.09 6.09 6.09 6.09 6.09 6.15 6.15 5.8 5.8 6.15 6.15 6.15 6.15 5.8 6.15 5.8 5.8 5.8 6.15 6.15 6.14 6.15 6.15 6.15 6.15 5.94 5.94 5.94 5.94 5.94 6.18 6.18 6.18 6.18 6.18 6.18 6.18 6.18 6.09 6.09 6.09 6.09 6.09 6.21 6.21 6.21 6.21 6.21 6.21 6.21 6.21 6.19 6.19 6.19
5.92 5.92 5.92 5.92 5.92 5.92 6.03 6.03 6.03 6.03 6.03 6.03 6.03 5.93 5.93 5.93 5.93 5.93 5.93 5.93 5.93 5.93 5.93 6.09 6.09 6.09 6.09 6.09 5.93 5.93 5.8 5.8 5.8 5.8 5.8 5.8 5.8 5.8 5.8 5.8 5.8 5.8 5.8 5.8 5.8 6.14 6.14 6.14 6.14 6.15 6.15 6.15 6.15 6.14 5.94 6.14 6.15 6.18 6.18 6.18 6.18 6.18 6.18 6.18 6.18 6.09 6.09 6.09 6.09 6.09 6.21 6.21 6.21 6.21 6.21 6.21 6.21 6.21 6.19 6.19 6.19
5.92 5.92 5.92 5.92 5.92 5.92 6.03 6.03 6.03 6.03 6.03 6.03 6.03 6.03 6.09 6.09 6.09 6.09 5.93 5.93 5.93 5.93 5.93 5.93 5.93 5.93 5.93 5.93 5.93 5.93 5.8 5.8 5.8 5.8 5.8 5.8 5.8 5.8 5.8 5.8 5.8 5.8 5.8 5.8 5.8 6.14 6.14 6.14 6.14 6.14 6.14 6.14 6.14 6.14 6.14 6.14 6.15 6.15 6.15 6.15 6.15 6.15 6.15 6.15 6.15 6.09 6.09 6.09 6.09 6.09 6.21 6.21 6.21 6.21 6.21 6.21 6.19 6.21 6.19 6.21 6.21
5.92 5.92 5.92 5.92 5.92 5.92 6.03 6.03 6.03 6.03 6.03 6.03 6.03 6.03 6.09 6.09 6.09 6.09 6.09 5.93 5.93 5.93 5.93 5.93 5.93 5.93 5.93 5.93 5.93 5.93 5.8 5.8 5.8 5.8 5.8 5.8 5.8 5.8 5.8 5.8 5.8 5.8 5.8 5.8 5.8 5.8 6.14 6.14 6.14 6.14 6.14 6.14 6.14 6.14 6.14 6.15 6.15 6.15 6.15 6.15 6.15 6.15 6.15 6.15 6.15 6.15 6.15 6.15 6.15 6.21 6.21 6.21 6.21 6.21 6.21 6.21 6.21 6.19 6.21 6.21 6.21
5.94 5.94 6.08 6.08 6.08 6.08 6.08 6.08 6.08 6.08 6.08 6.08 6.08 6.09 6.09 6.09 6.09 6.09 6.09 6.09 5.93 5.93 5.93 5.93 5.93 5.93 5.93 5.93 5.93 6.05 5.8 5.8 5.8 5.8 5.8 5.8 5.8 5.8 5.8 5.8 5.8 5.8 5.8 5.8 5.9 5.9 6.14 6.14 6.14 6.14 6.14 6.1 6.1 6.1 6.1 6.1 6.1 6.1 6.1 6.1 6.1 6.1 6.15 6.15 6.15 6.15 6.15 6.15 6.15 6.21 6.2 6.21 6.21 6.21 6.21 6.21 6.21 6.21 6.21 6.21 6.21
5.94 5.94 6.08 6.08 6.08 6.08 6.08 6.08 6.08 6.08 6.08 6.08 6.08 6.09 6.09 6.09 6.09 6.09 6.09 6.09 6.09 6.05 6.05 6.05 6.05 6.05 6.05 6.05 5.93 6.05 5.89 5.89 5.89 5.89 5.89 5.89 5.89 5.92 5.92 5.92 5.92 5.92 5.92 5.9 5.9 5.9 5.9 6.14 6.14 6.14 6.14 6.14 6.1 6.1 6.1 6.1 6.1 6.1 6.1 6.1 6.1 6.1 6.1 6.15 6.15 6.15 6.15 6.15 6.2 6.2 6.2 6.2 6.2 6.2 6.2 6.21 6.21 6.21 6.21 6.21 6.21
5.94 5.94 6.08 6.08 6.08 5.86 5.86 6.08 5.86 6.08 6.08 6.08 6.08 6.09 6.09 6.09 6.09 6.09 6.09 6.09 6.09 6.09 6.05 6.05 6.05 6.05 6.05 6.05 6.05 6.05 5.89 5.89 5.89 5.89 5.89 5.92 5.92 5.92 5.92 5.92 5.92 5.94 5.9 5.9 5.9 5.9 5.9 5.9 6.14 6.14 6.14 6.14 6.14 6.1 6.1 6.1 6.1 6.1 6.1 6.1 6.1 6.1 6.1 6.2 6.2 6.2 6.2 6.2 6.2 6.2 6.2 6.2 6.2 6.2 6.2 6.09 6.09 6.09 6.21 6.21 6.21
5.94 5.94 5.94 6.08 5.86 5.86 5.86 5.86 5.86 6.08 6.08 6.08 6.08 6.08 6.09 6.09 6.09 6.09 6.09 6.09 6.09 6.09 6.05 6.05 6.05 6.05 6.05 5.8 5.8 5.89 5.89 5.89 5.89 5.89 5.89 5.92 5.92 5.92 5.92 5.92 5.94 5.94 5.9 5.9 5.9 5.9 5.9 5.9 6.14 6.14 6.14 6.14 6.14 6.14 6.1 6.1 6.1 6.1 6.1 6.1 6.1 6.1 6.23 6.2 6.2 6.2 6.2 6.2 6.2 6.2 6.2 6.2 6.2 6.2 6.2 6.09 6.09 6.09 6.09 6.09 6.09
5.94 5.94 5.94 5.94 5.86 5.86 5.86 5.86 5.86 5.86 6.16 6.16 6.16 6.16 6.16 6.09 6.09 6.09 6.09 6.09 6.09 6.05 6.05 6.05 6.05 6.05 5.8 5.8 5.8 5.89 5.89 5.89 5.89 5.89 5.92 5.92 5.92 5.92 5.94 5.94 5.94 5.9 5.9 5.9 5.9 5.9 5.9 5.9 5.9 6.14 6.14 6.14 6.14 6.14 6.1 6.1 6.1 6.1 6.1 6.1 6.23 6.23 6.23 6.23 6.2 6.2 6.2 6.2 6.2 6.2 6.2 6.2 6.2 6.2 6.2 6.2 6.2 6.09 6.09 6.09 6.09
5.94 5.94 5.94 5.94 5.86 5.86 5.86 5.86 5.99 5.99 5.99 6.16 6.16 6.16 6.09 6.09 6.09 6.09 6.09 6.05 6.05 6.05 6.05 6.05 6.05 5.8 5.8 5.8 5.8 5.8 5.89 5.89 5.89 5.89 5.92 5.92 5.92 5.92 5.94 5.94 5.94 5.9 5.9 5.9 5.9 5.9 5.9 5.9 5.9 6.14 6.14 6.14 6.14 6.1 6.1 6.1 6.23 6.23 6.23 6.23 6.23 6.23 6.23 6.23 6.2 6.2 6.2 6.2 6.2 6.2 6.2 6.2 6.2 6.2 6.2 6.2 6.09 6.09 6.09 6.09 6.09
5.94 5.94 5.94 5.86 5.86 5.86 5.86 5.99 5.99 5.99 5.99 6.16 6.16 6.16 6.16 6.09 6.09 6.09 6.05 6.05 6.05 6.11 6.11 6.05 6.11 6.11 5.8 5.8 5.8 5.8 5.8 5.89 5.89 5.92 5.92 5.92 5.94 5.94 5.94 5.94 5.94 5.94 5.9 5.98 5.98 5.9 5.9 5.9 5.9 6.14 6.14 6.14 6.14 6.23 6.23 6.23 6.23 6.23 6.23 6.23 6.23 6.23 6.23 6.23 6.2 6.2 6.2 6.2 6.2 6.2 6.2 6.2 6.2 6.2 6.2 6.2 6.09 6.09 6.09 6.09 6.09
