layers/rainwind/HTI_rain_wind_rain_oct5.asc
NCOLS 343 
NROWS 248 
XLLCORNER -74.4803996469999 
YLLCORNER 18.0221399550001 
CELLSIZE 0.00833308698833808 
NODATA_value -9999 
[rows 28 to 55 of 248, columns 248 to 309 of 343]
-9999 -9999 -9999 -9999 -9999 -9999 -9999 -9999 -9999 -9999 -9999 -9999 -9999 -9999 -9999 -9999 -9999 -9999 -9999 -9999 -9999 -9999 -9999 -9999 -9999 -9999 -9999 -9999 -9999 -9999 -9999 -9999 -9999 -9999 -9999 -9999 -9999 -9999 -9999 -9999 -9999 -9999 -9999 -9999 -9999 -9999 -9999 -9999 -9999 -9999 -9999 -9999 -9999 -9999 -9999 -9999 -9999 -9999 -9999 -9999 -9999 -9999
-9999 -9999 -9999 -9999 -9999 -9999 -9999 -9999 -9999 -9999 -9999 -9999 -9999 -9999 -9999 -9999 -9999 -9999 -9999 -9999 -9999 -9999 -9999 -9999 -9999 -9999 -9999 -9999 -9999 -9999 -9999 -9999 -9999 -9999 -9999 -9999 -9999 -9999 -9999 -9999 -9999 -9999 -9999 -9999 -9999 -9999 -9999 -9999 -9999 -9999 -9999 -9999 -9999 -9999 -9999 -9999 -9999 -9999 -9999 -9999 -9999 -9999
-9999 -9999 -9999 -9999 -9999 -9999 -9999 -9999 -9999 -9999 -9999 -9999 -9999 -9999 -9999 -9999 -9999 -9999 -9999 -9999 -9999 -9999 -9999 -9999 -9999 -9999 -9999 -9999 -9999 -9999 -9999 -9999 -9999 -9999 -9999 -9999 -9999 -9999 -9999 -9999 -9999 -9999 -9999 -9999 -9999 -9999 -9999 -9999 -9999 -9999 -9999 -9999 -9999 -9999 -9999 -9999 -9999 -9999 -9999 -9999 -9999 -9999
-9999 -9999 -9999 -9999 -9999 -9999 -9999 -9999 -9999 -9999 -9999 -9999 -9999 -9999 -9999 -9999 -9999 -9999 -9999 -9999 -9999 -9999 -9999 -9999 -9999 -9999 -9999 -9999 -9999 -9999 -9999 -9999 -9999 -9999 -9999 -9999 -9999 -9999 -9999 -9999 -9999 -9999 -9999 -9999 -9999 -9999 -9999 -9999 -9999 -9999 -9999 -9999 -9999 -9999 -9999 -9999 -9999 -9999 -9999 -9999 -9999 -9999
-9999 -9999 -9999 -9999 -9999 -9999 -9999 -9999 -9999 -9999 -9999 -9999 -9999 -9999 -9999 -9999 -9999 -9999 -9999 -9999 -9999 -9999 -9999 -9999 -9999 -9999 -9999 -9999 -9999 -9999 -9999 -9999 -9999 -9999 -9999 -9999 -9999 -9999 -9999 -9999 -9999 -9999 -9999 -9999 -9999 -9999 -9999 -9999 -9999 -9999 -9999 -9999 -9999 -9999 -9999 -9999 -9999 -9999 -9999 -9999 -9999 -9999
-9999 -9999 -9999 500.656961736445 -9999 -9999 -9999 -9999 -9999 -9999 -9999 -9999 -9999 -9999 -9999 -9999 -9999 -9999 -9999 -9999 -9999 -9999 -9999 -9999 -9999 -9999 -9999 -9999 -9999 -9999 -9999 -9999 -9999 -9999 -9999 -9999 -9999 -9999 -9999 -9999 -9999 -9999 -9999 -9999 -9999 -9999 -9999 -9999 -9999 -9999 -9999 -9999 -9999 -9999 -9999 -9999 -9999 -9999 -9999 -9999 -9999 -9999
500.656961736445 500.656961736445 500.656961736445 500.656961736445 -9999 -9999 -9999 -9999 -9999 -9999 -9999 -9999 -9999 -9999 -9999 -9999 -9999 -9999 -9999 -9999 -9999 -9999 -9999 -9999 -9999 -9999 -9999 -9999 -9999 -9999 -9999 -9999 -9999 -9999 -9999 -9999 -9999 -9999 -9999 -9999 -9999 -9999 -9999 -9999 -9999 -9999 -9999 -9999 -9999 -9999 -9999 -9999 -9999 -9999 -9999 -9999 -9999 -9999 -9999 -9999 -9999 -9999
500.656961736445 500.656961736445 500.656961736445 500.656961736445 500.656961736445 -9999 -9999 -9999 -9999 -9999 -9999 -9999 -9999 -9999 -9999 -9999 -9999 -9999 -9999 -9999 -9999 -9999 -9999 -9999 -9999 -9999 -9999 -9999 -9999 -9999 -9999 -9999 -9999 -9999 -9999 -9999 -9999 -9999 -9999 -9999 -9999 -9999 -9999 -9999 -9999 -9999 -9999 -9999 -9999 -9999 -9999 -9999 -9999 -9999 -9999 -9999 -9999 -9999 -9999 -9999 -9999 -9999
500.656961736445 500.656961736445 500.656961736445 500.656961736445 500.656961736445 500.656961736445 500.656961736445 -9999 -9999 -9999 -9999 -9999 -9999 -9999 -9999 -9999 -9999 -9999 -9999 -9999 732.618368503203 732.618368503203 -9999 -9999 732.618368503203 732.618368503203 732.618368503203 -9999 -9999 -9999 -9999 -9999 -9999 -9999 -9999 -9999 -9999 -9999 -9999 -9999 -9999 -9999 -9999 -9999 -9999 -9999 -9999 -9999 -9999 -9999 -9999 -9999 -9999 -9999 -9999 -9999 -9999 -9999 -9999 -9999 -9999 -9999
500.656961736445 500.656961736445 500.656961736445 500.656961736445 500.656961736445 500.656961736445 500.656961736445 553 -9999 -9999 -9999 -9999 -9999 -9999 -9999 -9999 -9999 -9999 -9999 -9999 732.618368503203 732.618368503203 732.618368503203 732.618368503203 732.618368503203 732.618368503203 732.618368503203 -9999 -9999 -9999 -9999 -9999 -9999 -9999 -9999 -9999 -9999 -9999 -9999 -9999 -9999 -9999 -9999 -9999 -9999 -9999 -9999 -9999 -9999 -9999 -9999 -9999 -9999 -9999 -9999 -9999 -9999 -9999 -9999 -9999 -9999 -9999
500.656961736445 500.656961736445 500.656961736445 500.656961736445 500.656961736445 553 553 553 553 -9999 -9999 687.831342530882 -9999 -9999 -9999 -9999 -9999 -9999 -9999 732.618368503203 732.618368503203 732.618368503203 732.618368503203 732.618368503203 732.618368503203 732.618368503203 -9999 -9999 -9999 -9999 -9999 -9999 -9999 -9999 -9999 -9999 -9999 -9999 -9999 -9999 -9999 -9999 -9999 -9999 -9999 -9999 -9999 -9999 -9999 -9999 -9999 -9999 -9999 -9999 -9999 -9999 -9999 -9999 -9999 -9999 -9999 -9999
500.656961736445 500.656961736445 500.656961736445 500.656961736445 500.656961736445 553 553 553 553 -9999 -9999 -9999 687.831342530882 687.831342530882 687.831342530882 687.831342530882 687.831342530882 687.831342530882 -9999 732.618368503203 732.618368503203 732.618368503203 732.618368503203 732.618368503203 732.618368503203 741.128492313069 -9999 -9999 -9999 -9999 -9999 -9999 -9999 -9999 -9999 -9999 -9999 -9999 -9999 -9999 -9999 -9999 -9999 -9999 -9999 -9999 -9999 -9999 -9999 -9999 -9999 -9999 -9999 -9999 -9999 -9999 -9999 -9999 -9999 -9999 -9999 -9999
500.656961736445 500.656961736445 500.656961736445 500.656961736445 500.656961736445 553 553 553 553 553 -9999 -9999 687.831342530882 687.831342530882 687.831342530882 687.831342530882 687.831342530882 687.831342530882 687.831342530882 732.618368503203 741.128492313069 741.128492313069 741.128492313069 732.618368503203 741.128492313069 -9999 -9999 -9999 -9999 -9999 -9999 -9999 617.467859078984 617.467859078984 -9999 -9999 -9999 -9999 -9999 -9999 -9999 -9999 -9999 -9999 -9999 -9999 -9999 -9999 -9999 -9999 -9999 -9999 -9999 -9999 -9999 -9999 -9999 -9999 -9999 -9999 -9999 -9999
500.656961736445 500.656961736445 500.656961736445 500.656961736445 500.656961736445 553 553 553 553 -9999 -9999 -9999 687.831342530882 687.831342530882 687.831342530882 687.831342530882 687.831342530882 687.831342530882 741.128492313069 741.128492313069 741.128492313069 741.128492313069 741.128492313069 741.128492313069 741.128492313069 658.375081988333 -9999 -9999 -9999 658.375081988333 658.375081988333 617.467859078984 617.467859078984 609.347902999741 -9999 -9999 -9999 -9999 -9999 -9999 -9999 -9999 -9999 -9999 -9999 -9999 -9999 -9999 -9999 -9999 -9999 -9999 -9999 -9999 -9999 -9999 -9999 -9999 -9999 -9999 -9999 -9999
512.637349061405 500.656961736445 500.656961736445 500.656961736445 512.637349061405 553 553 553 553 -9999 -9999 -9999 687.831342530882 687.831342530882 687.831342530882 687.831342530882 687.831342530882 687.831342530882 687.831342530882 687.831342530882 741.128492313069 741.128492313069 741.128492313069 741.128492313069 658.375081988333 658.375081988333 658.375081988333 658.375081988333 658.375081988333 658.375081988333 617.467859078984 617.467859078984 617.467859078984 609.347902999741 609.347902999741 -9999 -9999 -9999 -9999 -9999 -9999 -9999 -9999 -9999 609.347902999741 -9999 -9999 -9999 -9999 -9999 -9999 -9999 -9999 -9999 -9999 -9999 -9999 -9999 -9999 -9999 -9999 -9999
512.637349061405 512.637349061405 512.637349061405 512.637349061405 512.637349061405 553 553 553 553 -9999 -9999 -9999 687.831342530882 687.831342530882 687.831342530882 687.831342530882 687.831342530882 687.831342530882 687.831342530882 687.831342530882 741.128492313069 741.128492313069 741.128492313069 658.375081988333 658.375081988333 658.375081988333 658.375081988333 658.375081988333 658.375081988333 658.375081988333 617.467859078984 617.467859078984 617.467859078984 609.347902999741 609.347902999741 609.347902999741 609.347902999741 609.347902999741 609.347902999741 609.347902999741 609.347902999741 609.347902999741 609.347902999741 609.347902999741 609.347902999741 -9999 -9999 -9999 -9999 -9999 -9999 666.717110894834 666.717110894834 666.717110894834 666.717110894834 666.717110894834 666.717110894834 666.717110894834 666.717110894834 -9999 -9999 -9999
512.637349061405 512.637349061405 512.637349061405 569.935735762175 569.935735762175 569.935735762175 553 553 553 553 -9999 -9999 687.831342530882 687.831342530882 687.831342530882 687.831342530882 687.831342530882 687.831342530882 687.831342530882 687.831342530882 741.128492313069 741.128492313069 643.362628009165 643.362628009165 658.375081988333 658.375081988333 617.467859078984 617.467859078984 617.467859078984 617.467859078984 617.467859078984 617.467859078984 617.467859078984 609.347902999741 609.347902999741 609.347902999741 609.347902999741 609.347902999741 609.347902999741 609.347902999741 609.347902999741 609.347902999741 609.347902999741 609.347902999741 609.347902999741 -9999 -9999 -9999 -9999 -9999 -9999 666.717110894834 666.717110894834 666.717110894834 666.717110894834 666.717110894834 666.717110894834 666.717110894834 666.717110894834 676.247437768813 676.247437768813 676.247437768813
512.637349061405 512.637349061405 569.935735762175 569.935735762175 569.935735762175 569.935735762175 569.935735762175 553 546.333151645804 546.333151645804 546.333151645804 -9999 546.333151645804 687.831342530882 687.831342530882 687.831342530882 687.831342530882 687.831342530882 687.831342530882 687.831342530882 741.128492313069 643.362628009165 643.362628009165 643.362628009165 643.362628009165 643.362628009165 617.467859078984 617.467859078984 617.467859078984 617.467859078984 617.467859078984 617.467859078984 617.467859078984 609.347902999741 609.347902999741 609.347902999741 609.347902999741 609.347902999741 609.347902999741 609.347902999741 -9999 -9999 609.347902999741 609.347902999741 609.347902999741 -9999 -9999 -9999 -9999 -9999 -9999 666.717110894834 666.717110894834 666.717110894834 666.717110894834 666.717110894834 666.717110894834 676.247437768813 676.247437768813 676.247437768813 676.247437768813 676.247437768813
557.849001400173 557.849001400173 569.935735762175 569.935735762175 569.935735762175 569.935735762175 569.935735762175 569.935735762175 546.333151645804 546.333151645804 546.333151645804 546.333151645804 546.333151645804 546.333151645804 687.831342530882 687.831342530882 554.824470574139 554.824470574139 687.831342530882 687.831342530882 554.824470574139 643.362628009165 643.362628009165 643.362628009165 643.362628009165 643.362628009165 617.467859078984 617.467859078984 617.467859078984 617.467859078984 617.467859078984 617.467859078984 617.467859078984 609.347902999741 609.347902999741 609.347902999741 609.347902999741 609.347902999741 609.347902999741 609.347902999741 609.347902999741 609.347902999741 609.347902999741 -9999 -9999 -9999 -9999 -9999 -9999 666.717110894834 -9999 666.717110894834 666.717110894834 676.247437768813 676.247437768813 676.247437768813 676.247437768813 676.247437768813 676.247437768813 676.247437768813 676.247437768813 676.247437768813
578.592330062319 578.592330062319 569.935735762175 569.935735762175 569.935735762175 569.935735762175 569.935735762175 569.935735762175 546.333151645804 546.333151645804 546.333151645804 546.333151645804 546.333151645804 546.333151645804 546.333151645804 546.333151645804 554.824470574139 554.824470574139 554.824470574139 554.824470574139 554.824470574139 643.362628009165 643.362628009165 643.362628009165 643.362628009165 643.362628009165 643.362628009165 667.276267934923 667.276267934923 667.276267934923 667.276267934923 617.467859078984 617.467859078984 609.347902999741 609.347902999741 609.347902999741 609.347902999741 609.347902999741 609.347902999741 609.347902999741 609.347902999741 609.347902999741 609.347902999741 -9999 -9999 667.919115334641 667.919115334641 667.919115334641 667.919115334641 666.717110894834 666.717110894834 666.717110894834 666.717110894834 666.717110894834 676.247437768813 676.247437768813 676.247437768813 676.247437768813 676.247437768813 676.247437768813 676.247437768813 676.247437768813
578.592330062319 578.592330062319 569.935735762175 569.935735762175 569.935735762175 569.935735762175 569.935735762175 569.935735762175 581 546.333151645804 546.333151645804 546.333151645804 546.333151645804 546.333151645804 546.333151645804 546.333151645804 554.824470574139 554.824470574139 554.824470574139 554.824470574139 554.824470574139 554.824470574139 643.362628009165 643.362628009165 643.362628009165 643.362628009165 643.362628009165 667.276267934923 667.276267934923 667.276267934923 667.276267934923 667.276267934923 609.347902999741 609.347902999741 609.347902999741 609.347902999741 617.473917521281 617.473917521281 609.347902999741 609.347902999741 609.347902999741 609.347902999741 667.919115334641 667.919115334641 667.919115334641 667.919115334641 667.919115334641 667.919115334641 666.717110894834 666.717110894834 666.717110894834 666.717110894834 666.717110894834 666.717110894834 666.717110894834 676.247437768813 676.247437768813 676.247437768813 676.247437768813 676.247437768813 676.247437768813 -9999
578.592330062319 578.592330062319 565.845361794455 565.845361794455 569.935735762175 569.935735762175 569.935735762175 581 581 546.333151645804 546.333151645804 546.333151645804 546.333151645804 546.333151645804 546.333151645804 546.333151645804 554.824470574139 554.824470574139 554.824470574139 554.824470574139 554.824470574139 554.824470574139 643.362628009165 643.362628009165 643.362628009165 643.362628009165 643.362628009165 667.276267934923 667.276267934923 667.276267934923 667.276267934923 667.276267934923 609.347902999741 609.347902999741 609.347902999741 617.473917521281 617.473917521281 617.473917521281 617.473917521281 617.473917521281 609.347902999741 609.347902999741 609.347902999741 667.919115334641 667.919115334641 667.919115334641 667.919115334641 667.919115334641 666.717110894834 666.717110894834 666.717110894834 666.717110894834 666.717110894834 666.717110894834 676.247437768813 676.247437768813 676.247437768813 676.247437768813 676.247437768813 676.247437768813 676.247437768813 676.247437768813
578.592330062319 578.592330062319 578.592330062319 565.845361794455 565.845361794455 565.845361794455 569.935735762175 581 581 581 546.333151645804 546.333151645804 546.333151645804 546.333151645804 546.333151645804 554.824470574139 554.824470574139 554.824470574139 554.824470574139 554.824470574139 562 562 643.362628009165 643.362628009165 643.362628009165 643.362628009165 643.362628009165 667.276267934923 667.276267934923 667.276267934923 667.276267934923 667.276267934923 609.347902999741 609.347902999741 617.473917521281 617.473917521281 617.473917521281 617.473917521281 617.473917521281 617.473917521281 617.473917521281 617.473917521281 667.919115334641 667.919115334641 667.919115334641 667.919115334641 667.919115334641 667.919115334641 666.717110894834 666.717110894834 666.717110894834 666.717110894834 666.717110894834 676.247437768813 676.247437768813 676.247437768813 676.247437768813 676.247437768813 676.247437768813 676.247437768813 676.247437768813 676.247437768813
578.592330062319 578.592330062319 565.845361794455 565.845361794455 565.845361794455 565.845361794455 581 581 581 581 581 546.333151645804 546.333151645804 546.333151645804 546.333151645804 554.824470574139 554.824470574139 554.824470574139 554.824470574139 562 562 588.432700572275 588.432700572275 588.432700572275 588.432700572275 588.432700572275 667.276267934923 667.276267934923 667.276267934923 667.276267934923 667.276267934923 595.564563949897 595.564563949897 595.564563949897 617.473917521281 617.473917521281 617.473917521281 617.473917521281 617.473917521281 617.473917521281 617.473917521281 617.473917521281 667.919115334641 667.919115334641 667.919115334641 667.919115334641 667.919115334641 667.919115334641 667.919115334641 666.717110894834 666.717110894834 666.717110894834 676.247437768813 676.247437768813 676.247437768813 676.247437768813 676.247437768813 676.247437768813 676.247437768813 676.247437768813 676.247437768813 676.247437768813
565.845361794455 565.845361794455 565.845361794455 565.845361794455 565.845361794455 581 581 581 581 581 581 546.333151645804 546.333151645804 546.333151645804 554.824470574139 554.824470574139 554.824470574139 554.824470574139 554.824470574139 562 562 588.432700572275 588.432700572275 588.432700572275 588.432700572275 588.432700572275 588.432700572275 667.276267934923 667.276267934923 667.276267934923 595.564563949897 595.564563949897 595.564563949897 595.564563949897 617.473917521281 617.473917521281 617.473917521281 617.473917521281 617.473917521281 617.473917521281 617.473917521281 617.473917521281 638.424382672073 667.919115334641 667.919115334641 667.919115334641 667.919115334641 667.919115334641 667.919115334641 666.717110894834 666.717110894834 666.717110894834 676.247437768813 676.247437768813 676.247437768813 676.247437768813 676.247437768813 676.247437768813 676.247437768813 676.247437768813 676.247437768813 676.247437768813
580.060987734573 565.845361794455 565.845361794455 565.845361794455 584.42858894912 584.42858894912 581 581 581 589.958037026055 589.958037026055 589.958037026055 638.266925791172 638.266925791172 638.266925791172 638.266925791172 638.266925791172 554.824470574139 554.824470574139 562 588.432700572275 588.432700572275 588.432700572275 588.432700572275 588.432700572275 588.432700572275 667.276267934923 667.276267934923 667.276267934923 595.564563949897 595.564563949897 595.564563949897 595.564563949897 595.564563949897 595.564563949897 617.473917521281 617.473917521281 617.473917521281 617.473917521281 617.473917521281 617.473917521281 617.473917521281 638.424382672073 638.424382672073 638.424382672073 638.424382672073 667.919115334641 667.919115334641 667.919115334641 630.776299757116 630.776299757116 676.247437768813 676.247437768813 676.247437768813 676.247437768813 676.247437768813 676.247437768813 676.247437768813 676.247437768813 676.247437768813 676.247437768813 676.247437768813
580.060987734573 580.060987734573 584.42858894912 584.42858894912 584.42858894912 584.42858894912 584.42858894912 581 589.958037026055 589.958037026055 589.958037026055 589.958037026055 638.266925791172 638.266925791172 638.266925791172 638.266925791172 554.824470574139 554.824470574139 562 562 588.432700572275 588.432700572275 588.432700572275 588.432700572275 588.432700572275 588.432700572275 667.276267934923 667.276267934923 667.276267934923 595.564563949897 595.564563949897 595.564563949897 595.564563949897 595.564563949897 595.564563949897 595.564563949897 617.473917521281 617.473917521281 617.473917521281 617.473917521281 617.473917521281 617.473917521281 638.424382672073 638.424382672073 638.424382672073 638.424382672073 638.424382672073 638.424382672073 630.776299757116 630.776299757116 630.776299757116 676.247437768813 676.247437768813 676.247437768813 676.247437768813 676.247437768813 676.247437768813 676.247437768813 676.247437768813 676.247437768813 676.247437768813 676.247437768813
580.060987734573 580.060987734573 584.42858894912 584.42858894912 584.42858894912 584.42858894912 584.42858894912 584.42858894912 589.958037026055 589.958037026055 589.958037026055 589.958037026055 638.266925791172 638.266925791172 638.266925791172 638.266925791172 638.266925791172 589.978882145647 589.978882145647 589.978882145647 588.432700572275 588.432700572275 588.432700572275 588.432700572275 661.413722969531 661.413722969531 667.276267934923 667.276267934923 667.276267934923 667.276267934923 595.564563949897 595.564563949897 595.564563949897 595.564563949897 595.564563949897 595.564563949897 595.564563949897 698.379002141666 617.473917521281 638.424382672073 638.424382672073 638.424382672073 638.424382672073 638.424382672073 638.424382672073 638.424382672073 638.424382672073 630.776299757116 630.776299757116 630.776299757116 630.776299757116 676.247437768813 676.247437768813 676.247437768813 676.247437768813 676.247437768813 676.247437768813 676.247437768813 676.247437768813 676.247437768813 676.247437768813 676.247437768813
