layers/rainwind/HTI_rain_wind_rain_total.asc
NCOLS 343 
NROWS 248 
XLLCORNER -74.4803996469999 
YLLCORNER 18.0221399550001 
CELLSIZE 0.00833308698833808 
NODATA_value -9999 
[rows 36 to 71 of 248, columns 164 to 245 of 343]
277 274 274 278 278 278 278 278 278 278 278 227 227 227 227 227 227 227 227 227 227 191 191 191 191 191 191 178 178 178 178 178 178 178 178 178 178 178 163 163 163 167 167 163 163 157 157 157 157 157 157 145 163 163 163 145 145 163 163 137 137 137 130 130 130 130 130 130 130 132 132 132 130 130 130 130 130 130 130 130 127 127
277 277 274 274 278 278 278 278 278 278 227 227 227 227 227 227 227 227 227 227 227 227 227 191 191 191 191 191 191 178 178 178 178 178 178 178 178 163 163 163 167 167 167 157 157 157 157 157 157 145 145 145 145 163 163 145 145 163 163 137 137 137 137 137 130 130 136 136 136 136 136 136 136 130 130 130 130 130 130 127 127 127
277 277 274 274 278 278 278 278 278 278 227 227 227 227 227 227 227 227 227 227 227 227 227 191 191 191 191 191 191 191 178 178 178 178 178 178 178 178 178 167 167 167 167 157 157 157 157 157 145 145 145 145 145 145 145 145 145 137 163 137 137 137 137 137 130 130 136 136 136 136 136 136 136 130 130 130 130 130 130 130 138 138
277 277 277 274 274 278 278 278 278 278 227 227 227 227 227 227 227 227 227 227 227 227 227 191 191 191 191 191 191 191 191 178 178 178 178 178 178 167 167 167 167 167 167 157 157 157 157 145 145 145 145 145 145 145 145 145 137 137 137 137 137 137 137 137 136 136 136 136 136 136 136 136 130 130 130 130 130 130 138 138 138 138
277 277 277 277 274 278 278 278 278 278 278 227 227 227 227 227 227 227 227 227 227 227 191 191 191 191 191 191 191 191 191 191 178 178 178 178 167 167 167 167 167 167 167 167 167 167 157 145 145 145 145 145 145 145 145 140 137 137 137 141 141 137 137 137 137 136 136 136 136 136 136 136 130 130 130 130 130 130 130 130 130 130
277 277 277 277 274 274 278 278 278 278 278 227 227 227 227 227 227 227 227 227 227 227 227 191 191 191 191 191 191 191 191 191 178 178 178 178 167 167 167 167 167 167 167 167 167 167 167 145 145 145 145 145 145 140 140 140 140 137 140 141 141 137 137 137 137 136 136 136 136 136 136 136 130 130 130 130 130 130 130 130 130 130
277 277 277 277 277 277 255 255 255 255 278 278 227 227 227 227 227 227 227 227 227 227 227 191 191 191 191 191 191 191 191 191 191 178 178 167 167 167 167 167 167 167 167 167 167 167 167 145 145 145 145 140 140 140 140 140 140 140 141 141 141 137 137 137 137 137 137 136 136 136 138 138 132 132 132 132 130 148 148 130 130 130
277 277 277 277 255 255 255 255 255 255 255 255 255 227 227 227 227 255 255 227 227 255 255 191 191 191 191 191 191 191 191 191 191 188 167 167 167 167 167 167 167 167 167 167 167 167 167 167 145 145 145 140 140 140 140 140 140 141 141 141 141 141 137 137 137 137 137 138 138 138 138 138 132 132 132 132 148 148 148 148 148 148
277 277 277 255 255 255 255 255 255 255 255 255 255 255 255 255 255 255 255 255 255 255 255 191 191 191 191 191 191 191 191 191 191 188 167 167 167 167 167 167 167 167 167 167 167 167 167 167 145 145 145 140 140 140 140 140 141 141 141 141 141 141 137 137 137 137 137 138 138 138 138 138 138 132 132 132 132 148 148 148 148 148
277 277 255 255 255 255 255 255 255 255 255 255 255 255 255 255 255 255 255 255 255 255 255 255 255 255 255 191 191 255 255 188 188 188 188 167 167 167 167 167 167 167 167 167 167 167 167 167 167 140 140 140 140 140 140 141 141 141 141 141 141 156 137 137 156 137 137 138 138 138 138 138 138 132 132 132 148 148 148 148 148 148
277 255 255 255 255 255 255 255 255 255 255 255 255 255 255 255 255 255 255 255 255 255 255 255 255 255 255 255 255 255 255 255 188 188 167 167 167 167 167 167 167 167 167 167 167 167 167 167 167 140 140 140 140 141 141 141 141 141 141 141 141 156 156 156 156 137 137 138 138 138 138 138 157 157 132 148 148 148 148 148 136 136
255 255 255 255 255 255 255 255 255 255 255 255 255 255 255 255 255 255 255 255 255 255 255 255 255 255 255 255 255 255 255 188 188 188 188 167 167 167 167 167 167 167 167 167 167 167 167 167 167 140 140 140 140 141 141 141 141 141 141 141 156 156 156 156 156 156 137 138 147 138 138 157 157 157 157 157 148 148 148 148 136 136
255 255 255 255 255 255 255 255 255 255 255 255 255 255 255 255 255 255 255 255 255 255 255 255 255 255 255 255 255 255 188 188 188 188 188 188 167 167 167 167 167 167 167 167 167 167 167 167 167 167 140 140 141 141 141 141 141 141 153 153 153 156 156 156 156 156 147 147 147 147 138 157 157 157 157 157 148 148 148 148 148 148
255 255 255 255 255 255 255 255 255 255 255 255 255 255 255 255 255 255 255 255 255 255 255 255 255 255 255 255 188 188 188 188 188 188 188 188 188 188 188 167 167 167 167 167 167 167 167 167 167 167 140 140 141 141 141 141 153 153 153 153 153 153 153 156 156 156 147 147 147 147 157 157 157 157 157 157 157 148 148 148 148 148
255 255 255 255 255 255 255 255 255 255 255 255 255 255 255 255 255 255 255 255 255 255 255 255 255 255 255 226 226 226 226 188 188 188 188 188 188 188 188 167 167 167 167 167 167 167 167 167 167 167 149 149 149 141 141 141 153 153 153 153 153 153 153 153 153 147 147 147 147 147 157 157 157 157 157 157 157 148 148 148 148 148
255 255 255 255 255 255 255 255 255 255 255 255 255 255 255 255 255 255 255 255 255 255 255 255 255 255 226 226 226 226 226 188 188 188 188 188 188 188 167 167 167 167 167 167 167 167 167 167 167 167 149 149 149 149 149 149 153 153 153 153 153 153 153 153 153 147 147 147 147 147 157 157 161 161 157 157 165 165 165 149 149 148
255 255 255 255 255 255 255 255 255 255 255 255 255 255 255 255 255 255 255 255 255 255 255 255 255 226 226 226 226 188 188 188 188 188 188 188 188 167 167 167 167 167 167 167 167 167 167 167 167 167 149 149 149 149 149 149 149 153 153 153 153 153 153 153 153 147 147 147 147 147 147 147 161 161 165 165 165 165 165 149 149 149
255 255 255 255 255 255 255 255 255 255 255 255 255 255 255 255 255 255 255 255 255 255 255 255 255 226 226 188 188 188 188 188 188 188 188 188 188 167 167 167 167 167 167 167 167 167 167 167 167 167 149 149 149 149 149 149 149 149 153 153 178 178 178 178 178 147 147 147 147 147 147 161 161 161 165 165 165 165 165 149 149 149
-9999 -9999 -9999 -9999 -9999 255 255 255 255 255 255 255 255 255 255 255 255 255 255 255 255 255 255 226 226 226 226 226 188 188 188 188 188 188 188 188 188 188 167 167 167 167 167 167 167 167 167 167 167 167 149 149 149 149 149 149 149 149 149 178 178 178 178 178 178 147 147 147 147 147 147 161 161 161 161 165 165 165 165 165 149 149
-9999 -9999 -9999 -9999 -9999 -9999 -9999 -9999 255 255 255 255 255 255 255 255 255 255 255 226 226 226 226 226 226 226 226 226 226 188 188 188 188 188 188 188 188 188 188 188 188 188 202 202 167 167 167 167 167 149 149 149 149 149 149 149 149 149 149 178 178 178 178 178 178 178 147 147 147 147 147 161 161 161 161 165 165 165 165 149 149 160
-9999 -9999 -9999 -9999 -9999 -9999 -9999 -9999 -9999 255 255 255 255 255 255 255 255 255 226 226 226 226 226 226 226 226 226 226 226 226 226 188 188 188 188 188 188 188 188 188 188 202 202 202 202 202 202 202 149 149 149 149 149 149 149 149 149 179 179 178 178 178 178 178 178 178 178 147 147 147 187 187 161 156 156 165 156 165 165 165 160 160
-9999 -9999 -9999 -9999 -9999 -9999 -9999 -9999 -9999 -9999 -9999 255 255 255 -9999 255 255 226 226 226 226 226 226 226 226 226 226 226 226 226 226 226 188 188 188 188 188 188 188 188 188 188 202 202 202 202 202 202 149 149 149 149 149 149 149 179 179 179 178 178 178 178 178 178 178 178 178 178 147 187 187 187 156 156 156 156 156 156 165 160 160 160
-9999 -9999 -9999 -9999 -9999 -9999 -9999 -9999 -9999 -9999 -9999 -9999 -9999 -9999 255 226 226 226 226 226 226 226 226 226 226 226 226 226 226 226 226 226 226 188 188 188 188 188 188 188 188 202 202 202 202 202 252 252 252 252 252 149 149 149 149 179 179 179 178 178 178 178 178 178 178 178 178 178 187 187 187 187 156 156 156 156 156 156 204 204 160 160
-9999 -9999 -9999 -9999 -9999 -9999 -9999 -9999 -9999 -9999 -9999 -9999 -9999 -9999 -9999 226 226 226 226 226 226 226 226 226 226 226 226 226 226 226 226 226 226 226 226 202 202 202 202 202 202 202 202 202 202 202 252 252 252 252 252 252 252 252 252 179 179 179 179 178 178 178 178 178 178 178 178 178 178 187 187 187 187 187 187 187 156 204 204 204 160 160
-9999 -9999 -9999 -9999 -9999 -9999 -9999 -9999 -9999 -9999 -9999 -9999 -9999 -9999 -9999 -9999 -9999 226 226 226 226 226 226 226 226 226 226 226 226 226 226 226 226 226 202 202 202 202 202 202 202 202 202 202 202 202 202 252 252 252 252 252 252 252 252 252 179 179 179 178 178 178 178 178 178 178 178 178 178 187 187 187 187 187 187 177 177 204 204 204 204 160
-9999 -9999 -9999 -9999 -9999 -9999 -9999 -9999 -9999 -9999 -9999 -9999 -9999 -9999 -9999 -9999 -9999 -9999 226 226 226 226 226 226 226 226 226 226 226 226 226 226 202 202 202 202 202 202 202 202 202 202 202 202 202 202 252 252 252 252 252 252 252 252 252 252 179 179 179 178 178 178 178 178 178 178 178 178 178 201 201 177 177 177 177 177 177 207 204 204 204 204
-9999 -9999 -9999 -9999 -9999 -9999 -9999 -9999 -9999 -9999 -9999 -9999 -9999 -9999 -9999 -9999 -9999 -9999 -9999 -9999 -9999 226 226 226 226 226 226 226 226 226 226 226 226 226 202 202 202 202 202 202 202 202 202 202 202 252 252 252 252 252 252 252 252 252 252 252 179 179 179 179 179 179 178 178 178 178 201 201 201 201 201 201 177 177 177 177 177 207 204 204 204 204
-9999 -9999 -9999 -9999 -9999 -9999 -9999 -9999 -9999 -9999 -9999 -9999 -9999 -9999 -9999 -9999 -9999 -9999 -9999 -9999 -9999 -9999 -9999 -9999 226 226 226 226 226 226 226 226 226 226 202 202 202 202 202 202 202 202 202 202 202 252 252 252 252 252 252 252 252 252 252 252 252 179 179 179 179 179 179 178 178 201 201 201 201 201 201 201 201 201 177 177 177 207 207 204 204 207
-9999 -9999 -9999 -9999 -9999 -9999 -9999 -9999 -9999 -9999 -9999 -9999 -9999 -9999 -9999 -9999 -9999 -9999 -9999 -9999 -9999 -9999 -9999 -9999 -9999 -9999 226 226 226 226 226 226 226 226 226 202 202 202 202 202 202 202 202 202 252 252 252 252 252 252 252 252 252 252 252 252 252 252 179 179 179 179 179 179 201 201 201 201 201 201 201 201 201 201 201 177 177 177 207 207 207 207
-9999 -9999 -9999 -9999 -9999 -9999 -9999 -9999 -9999 -9999 -9999 -9999 -9999 -9999 -9999 -9999 -9999 -9999 -9999 -9999 -9999 -9999 -9999 -9999 -9999 -9999 -9999 226 226 226 226 226 226 226 226 226 226 202 202 202 202 202 202 202 202 252 252 252 252 252 252 252 252 252 252 252 252 179 179 179 179 179 179 179 201 201 201 201 201 201 201 201 201 201 201 201 177 177 177 207 207 207
-9999 -9999 -9999 -9999 -9999 -9999 -9999 -9999 -9999 -9999 -9999 -9999 -9999 -9999 -9999 -9999 -9999 -9999 -9999 -9999 -9999 -9999 -9999 -9999 -9999 -9999 -9999 -9999 -9999 -9999 -9999 226 226 226 226 226 226 226 226 202 202 202 202 202 202 202 252 252 252 252 252 252 252 252 252 252 252 179 179 179 179 179 179 179 201 201 201 201 201 201 201 201 201 201 201 201 201 177 177 177 207 207
-9999 -9999 -9999 -9999 -9999 -9999 -9999 -9999 -9999 -9999 -9999 -9999 -9999 -9999 -9999 -9999 -9999 -9999 -9999 -9999 -9999 -9999 -9999 -9999 -9999 -9999 -9999 -9999 -9999 -9999 -9999 -9999 226 226 226 226 226 226 226 226 202 202 202 202 202 252 252 252 252 252 252 252 252 252 252 252 252 179 179 179 179 277 238 238 238 201 201 201 201 201 201 201 201 201 201 201 257 257 177 177 177 207
-9999 -9999 -9999 -9999 -9999 -9999 -9999 -9999 -9999 -9999 -9999 -9999 -9999 -9999 -9999 -9999 -9999 -9999 -9999 -9999 -9999 -9999 -9999 -9999 -9999 -9999 -9999 -9999 -9999 -9999 -9999 -9999 -9999 226 226 226 226 226 226 252 252 202 202 252 252 252 252 252 252 252 252 252 252 252 252 252 179 179 179 277 277 277 277 238 238 238 238 201 201 201 201 201 201 201 201 257 257 257 257 257 195 195
-9999 -9999 -9999 -9999 -9999 -9999 -9999 -9999 -9999 -9999 -9999 -9999 -9999 -9999 -9999 -9999 -9999 -9999 -9999 -9999 -9999 -9999 -9999 -9999 -9999 -9999 -9999 -9999 -9999 -9999 -9999 -9999 -9999 -9999 -9999 -9999 226 226 252 252 252 252 252 252 252 252 252 252 252 252 252 252 252 252 252 252 179 179 179 277 277 277 277 277 238 238 238 238 238 238 238 238 238 201 201 257 257 257 257 257 257 257
-9999 -9999 -9999 -9999 -9999 -9999 -9999 -9999 -9999 -9999 -9999 -9999 -9999 -9999 -9999 -9999 -9999 -9999 -9999 -9999 -9999 -9999 -9999 -9999 -9999 -9999 -9999 -9999 -9999 -9999 -9999 -9999 -9999 -9999 -9999 -9999 -9999 252 252 252 252 252 252 252 252 252 252 252 252 252 252 252 252 252 252 252 179 179 179 277 277 277 277 277 238 238 238 238 238 238 238 238 238 201 201 257 257 257 257 257 257 257
-9999 -9999 -9999 -9999 -9999 -9999 -9999 -9999 -9999 -9999 -9999 -9999 -9999 -9999 -9999 -9999 -9999 -9999 -9999 -9999 -9999 -9999 -9999 -9999 -9999 -9999 -9999 -9999 -9999 -9999 -9999 -9999 -9999 -9999 -9999 -9999 -9999 -9999 252 252 252 252 252 252 252 252 252 252 252 252 252 252 252 252 252 179 244 179 277 277 277 277 277 277 277 238 238 238 238 238 238 238 238 238 238 257 257 257 257 257 257 257
