layers/rainwind/HTI_rain_wind_rain_score.asc
NCOLS 343 
NROWS 248 
XLLCORNER -74.4803996469999 
YLLCORNER 18.0221399550001 
CELLSIZE 0.00833308698833808 
NODATA_value -9999 
[rows 140 to 174 of 248, columns 240 to 319 of 343]
7.43 7.43 7.43 7.43 7.43 7.43 6.37 6.43 6.43 6.43 6.43 6.43 6.43 6.43 6.43 6.43 6.43 6.43 6.54 6.54 6.54 6.54 6.54 6.54 5.72 6.54 5.72 6.54 6.1 6.1 6.1 6.1 6.1 6.1 6.1 6.1 6.1 6.1 6.1 6.1 6.1 4.21 4.21 4.21 4.21 4.21 4.21 4.21 4.21 4.21 4.21 4.21 4.21 4.21 4.21 4.21 4.21 3.4 3.4 3.4 3.4 3.4 3.4 3.4 3.4 3.4 3.4 3.4 3.4 3.4 3.4 3.73 3.73 3.73 3.73 3.73 3.73 3.73 3.73 3.73
7.43 7.43 7.43 7.43 7.43 7.43 7.6 6.43 6.43 6.43 6.43 6.43 6.43 6.43 6.54 6.54 6.54 6.54 6.54 6.54 6.54 6.54 6.54 6.54 6.54 6.54 6.54 6.54 6.1 6.1 6.1 6.1 6.1 6.1 6.1 6.1 6.1 6.1 6.1 6.1 6.1 4.21 4.21 4.21 4.21 4.21 4.21 4.21 4.21 4.21 4.21 4.21 4.21 4.21 4.21 4.21 3.4 3.4 3.4 3.4 3.4 3.4 3.4 3.4 3.4 3.4 3.4 3.4 3.4 3.4 3.4 3.4 3.73 3.73 3.73 3.73 3.73 3.73 3.73 3.73
7.43 7.43 7.43 7.43 7.43 7.6 7.6 7.6 7.6 6.43 6.43 6.43 6.43 6.43 6.54 6.54 6.54 6.54 6.54 6.54 6.54 6.54 6.54 6.54 6.54 6.54 6.54 6.54 5.94 6.1 6.1 6.1 6.1 6.1 6.1 6.1 6.1 6.1 6.1 6.1 6.1 4.21 4.21 4.21 4.21 4.21 4.21 4.21 3.59 3.59 4.21 4.21 4.21 3.4 3.4 3.4 3.4 3.46 3.46 3.46 3.4 3.4 3.4 3.4 3.4 3.4 3.4 3.4 3.4 3.4 3.4 3.73 3.73 3.73 3.73 3.73 3.73 3.73 3.73 3.95
7.43 7.43 7.43 7.43 7.6 7.6 7.6 7.6 7.6 7.6 7.6 6.43 6.43 6.43 6.54 6.54 6.54 6.54 6.54 6.54 6.54 6.54 6.54 6.54 6.54 6.54 6.54 6.54 5.94 5.94 5.94 6.1 6.1 6.1 6.1 6.1 6.1 6.1 6.1 6.1 6.1 4.21 4.21 4.21 4.21 4.21 4.21 3.59 3.59 3.59 3.46 3.46 3.46 3.4 3.4 3.4 3.46 3.46 3.46 3.46 3.4 3.4 3.4 3.4 3.4 3.4 3.4 3.4 3.4 3.73 3.73 3.73 3.73 3.73 3.73 3.73 3.73 3.73 3.73 3.73
7.43 7.43 7.6 7.6 7.6 7.6 7.6 7.6 7.6 7.6 7.6 6.43 6.43 6.54 6.54 6.54 6.54 6.54 6.54 6.54 6.54 6.54 6.54 6.54 6.54 6.54 6.54 6.54 5.94 5.94 5.94 5.94 5.94 5.94 6.1 6.1 6.1 6.1 6.1 6.1 6.1 4.21 4.21 4.21 4.21 4.21 4.21 3.59 3.59 3.59 3.59 3.46 3.46 3.46 3.46 3.46 3.46 3.46 3.46 3.46 3.4 3.4 3.4 3.4 3.4 3.4 3.4 3.4 3.73 3.73 3.73 3.73 3.73 3.73 3.73 3.73 3.73 3.73 3.73 3.73
7.43 7.6 7.6 7.6 7.6 7.6 7.6 7.6 7.6 7.6 7.6 7.6 6.54 6.54 6.54 6.54 6.54 6.54 6.54 6.54 6.54 6.54 6.54 6.54 6.54 6.54 6.54 6.54 5.94 5.94 5.94 5.94 5.94 5.94 5.94 6.1 6.1 6.1 6.1 6.1 6.1 4.21 4.21 4.21 4.21 4.21 3.59 3.59 3.59 3.59 3.59 3.59 3.46 3.46 3.46 3.46 3.46 3.46 3.46 3.46 3.46 3.4 3.4 3.4 3.4 3.4 3.4 3.4 3.4 3.73 3.4 3.73 3.73 3.73 3.73 3.73 3.73 3.73 3.73 3.73
7.6 7.6 7.6 7.6 7.6 7.6 7.6 7.6 7.6 7.6 7.6 7.6 7.6 6.54 6.96 6.96 6.54 6.54 6.54 6.54 6.54 6.54 6.54 6.54 6.54 6.54 6.54 6.54 5.94 5.94 5.94 5.94 5.94 5.94 5.94 5.94 6.1 6.1 6.1 6.1 6.1 4.21 4.21 4.21 4.21 4.21 3.59 3.59 3.59 3.59 3.59 3.59 3.59 3.46 3.46 3.46 3.46 3.46 3.46 3.46 3.46 3.46 3.46 3.4 3.4 3.4 3.4 3.4 3.4 3.4 3.73 3.73 3.73 3.97 3.97 3.97 3.97 3.97 3.95 3.95
7.6 7.6 7.6 7.6 7.6 7.6 7.6 7.6 7.6 7.6 7.6 7.6 7.6 7.6 6.96 6.96 6.96 6.96 6.96 6.54 6.96 6.96 6.96 6.96 6.96 6.96 6.54 5.94 5.94 5.94 5.94 5.94 5.94 5.94 5.94 5.94 5.94 5.94 6.1 6.1 6.1 5.23 4.21 4.21 4.21 4.21 4.21 4.21 3.59 3.59 3.59 3.59 3.59 3.46 3.46 3.46 3.46 3.46 3.46 3.46 3.46 3.46 3.46 3.46 3.46 3.4 3.4 3.4 3.4 3.73 3.73 3.73 3.73 3.97 3.97 3.97 3.97 3.97 3.97 3.95
7.6 7.6 7.6 7.6 7.6 7.6 7.6 7.6 7.6 7.6 7.6 7.6 7.49 7.49 7.49 6.96 6.96 6.96 6.96 6.96 6.96 6.96 6.96 7.16 7.16 7.16 7.16 5.94 5.94 5.94 5.94 5.94 5.94 5.94 5.94 5.94 5.94 5.94 5.94 6.1 6.1 5.23 4.21 4.21 4.21 4.21 4.21 3.59 3.59 3.59 3.59 3.59 3.59 3.59 3.46 3.46 3.46 3.46 3.46 3.46 3.46 3.46 3.46 3.46 3.46 3.61 3.61 3.61 3.61 3.73 3.73 3.73 3.97 3.97 3.97 3.97 3.97 3.97 3.95 3.95
7.6 7.6 7.6 7.6 7.6 7.6 7.6 7.6 7.6 7.6 7.6 7.49 7.6 7.49 7.49 7.49 7.49 6.96 6.96 6.96 6.96 6.96 7.16 7.16 7.16 7.16 7.16 5.94 5.94 5.94 5.94 5.94 5.94 5.94 5.94 5.94 5.94 5.94 5.94 5.23 5.23 5.23 5.23 5.23 5.23 4.21 3.59 3.59 3.59 3.59 3.59 3.59 3.59 3.59 3.59 3.46 3.46 3.46 3.46 3.46 3.46 3.46 3.46 3.46 3.61 3.61 3.61 3.61 3.61 3.61 3.97 3.97 3.97 3.97 3.97 3.97 3.97 3.97 3.97 3.95
7.6 7.6 7.6 7.6 7.6 7.6 7.6 7.49 7.49 7.49 7.49 7.49 7.49 7.49 7.49 7.49 7.49 7.49 6.96 6.96 6.96 6.96 7.16 7.16 7.16 7.16 7.16 5.94 5.94 5.94 5.94 5.94 5.94 5.94 5.94 5.94 5.94 5.94 5.23 5.23 5.23 5.23 5.23 5.23 5.23 3.59 3.59 3.59 3.59 3.59 3.59 3.59 3.59 3.59 3.59 3.59 3.46 3.46 3.46 3.46 3.46 3.46 3.46 3.46 3.61 3.61 3.61 3.61 3.61 3.61 3.61 3.97 3.97 3.97 3.97 3.97 3.97 3.97 3.97 3.97
7.6 7.6 7.6 7.6 7.6 7.49 7.49 7.49 7.49 7.49 7.49 7.49 7.49 7.49 7.49 7.49 7.49 7.49 6.96 6.96 6.96 6.96 6.96 7.16 7.16 7.16 7.16 7.16 5.94 5.94 5.94 5.94 5.94 5.94 5.94 5.74 5.74 5.74 5.74 5.23 5.23 5.23 5.23 5.23 5.23 4.7 4.7 3.59 3.59 3.59 3.59 3.59 3.59 3.59 3.59 3.59 3.59 3.59 3.46 3.46 3.46 3.46 3.46 3.61 3.61 3.61 3.61 3.61 3.61 3.61 3.61 3.61 3.97 3.97 3.97 3.97 3.97 3.97 3.97 3.97
7.6 7.6 7.6 7.6 7.49 7.49 7.49 7.49 7.49 7.49 7.49 7.49 7.49 7.49 7.49 7.49 7.49 7.49 7.49 6.96 6.96 6.96 7.16 7.16 7.16 7.16 7.16 7.16 7.16 5.94 5.74 5.74 5.74 5.74 5.74 5.74 5.74 5.74 5.74 5.23 5.23 5.23 5.23 5.23 5.23 4.7 4.7 4.7 4.7 3.59 3.59 3.59 3.59 3.59 3.59 3.59 3.59 3.59 3.59 3.46 3.46 3.61 3.61 3.61 3.61 3.61 3.61 3.61 3.61 3.61 3.61 3.61 3.61 3.97 3.97 3.97 3.97 3.97 3.97 3.97
7.6 7.6 7.49 7.49 7.49 7.49 7.49 7.49 7.49 7.49 7.49 7.49 7.49 7.49 7.49 7.49 7.49 7.49 7.49 7.01 7.01 7.01 7.01 7.01 7.16 7.16 7.16 7.16 7.16 7.16 5.74 5.74 5.74 5.74 5.74 5.74 5.74 5.74 5.74 5.23 5.23 5.23 5.23 5.23 5.23 4.7 4.7 4.7 4.7 3.55 3.59 3.59 3.59 3.59 3.59 3.59 3.59 3.59 3.59 3.59 3.59 3.61 3.61 3.61 3.61 3.61 3.61 3.61 3.61 3.61 3.61 3.61 3.61 3.61 3.97 3.97 3.97 3.97 3.97 3.97
7.6 7.49 7.49 7.49 7.49 7.49 7.49 7.49 7.49 7.49 7.49 7.49 7.49 7.49 7.49 7.49 7.49 7.49 7.49 7.01 7.01 7.01 7.01 7.01 7.01 7.16 7.16 7.16 7.16 7.16 5.74 5.74 5.74 5.74 5.74 5.74 5.74 5.74 5.23 5.23 5.23 5.23 5.23 5.23 5.23 4.7 4.7 4.7 3.55 3.55 3.55 3.59 3.59 3.59 3.59 3.59 3.59 3.59 3.59 3.59 3.59 3.61 3.61 3.61 3.61 3.61 3.61 3.61 3.61 3.61 3.61 3.61 3.61 3.97 3.97 3.97 3.97 3.97 3.97 3.97
7.6 7.49 7.49 7.49 7.49 7.49 7.49 7.49 7.49 7.49 7.49 7.49 7.49 7.49 7.49 7.49 7.49 7.49 7.01 7.01 7.01 7.01 7.01 7.01 7.01 7.16 7.16 7.16 7.16 7.16 5.74 5.74 5.74 5.74 5.74 5.74 5.23 5.23 5.23 5.23 5.23 5.23 5.23 5.23 4.7 4.7 4.7 3.55 3.55 3.55 3.55 3.55 3.59 3.59 3.59 3.59 3.59 3.59 3.59 3.59 3.59 3.61 3.61 3.61 3.61 3.61 3.61 3.61 3.61 3.61 3.61 3.61 3.61 3.61 3.97 3.97 3.97 3.97 3.97 3.97
7.49 7.49 7.49 7.49 7.49 7.49 7.49 7.49 7.49 7.49 7.49 7.49 7.49 7.49 7.49 7.49 7.49 7.49 7.01 7.01 7.01 7.01 7.01 7.01 7.01 7.01 7.6 7.16 7.16 7.16 5.74 5.74 5.74 5.74 5.74 5.74 5.23 5.23 5.23 5.23 5.23 5.23 5.23 4.7 4.7 4.7 4.7 3.55 3.55 3.55 3.55 3.55 3.55 3.55 3.59 3.59 3.59 3.59 3.59 3.59 3.59 3.59 3.61 3.61 3.61 3.61 3.61 3.61 3.61 3.61 3.61 3.61 3.61 3.61 3.61 3.97 3.97 3.97 3.97 3.97
8.78 7.49 7.49 7.49 7.49 7.49 7.49 7.49 7.49 7.49 7.49 7.49 7.49 7.49 7.49 7.49 7.49 7.01 7.01 7.01 7.01 7.01 7.01 7.01 7.01 7.01 7.6 7.6 7.6 7.6 7.6 5.74 5.74 5.74 5.74 5.74 5.23 5.23 5.23 5.23 5.23 5.23 5.23 4.7 4.7 4.7 4.7 4.7 3.55 3.55 3.55 3.55 3.55 3.55 3.55 3.55 3.55 3.55 3.73 3.59 3.59 3.59 3.59 3.61 3.61 3.73 3.73 3.73 3.73 3.73 3.61 3.61 3.61 3.61 3.97 3.97 3.97 3.97 3.97 3.97
8.78 8.78 8.78 8.78 8.78 8.78 7.85 7.85 7.85 7.85 7.85 7.49 7.49 7.49 7.49 7.01 7.01 7.01 7.01 7.01 7.01 7.01 7.01 7.01 7.01 7.01 7.01 7.6 7.6 7.6 7.6 6.19 5.74 5.74 5.74 5.74 5.23 5.23 5.23 5.23 5.23 5.23 4.7 4.7 4.7 4.7 4.7 4.7 4.7 3.55 3.55 3.55 3.55 3.55 3.55 3.55 3.55 3.55 3.73 3.73 3.73 3.59 3.59 3.59 3.73 3.73 3.73 3.73 3.73 3.73 3.73 3.73 3.61 3.61 3.97 3.97 3.97 3.97 3.97 3.97
-9999 8.78 8.78 8.78 8.78 7.85 7.85 7.85 7.85 7.85 7.85 7.85 7.85 7.85 7.85 7.01 7.01 7.01 7.01 7.01 7.01 7.01 7.01 7.01 7.01 7.01 7.6 7.6 7.6 7.6 7.6 6.19 6.19 5.74 5.74 5.23 5.23 5.23 5.23 5.23 5.23 4.7 4.7 4.7 4.7 4.7 4.7 4.7 4.7 3.55 3.55 3.55 3.55 3.55 3.55 3.55 3.55 3.55 3.55 3.55 3.73 3.73 3.73 3.73 3.59 3.73 3.73 3.73 3.73 3.73 3.73 3.73 3.73 3.97 3.97 3.97 3.97 3.97 3.97 3.97
-9999 -9999 8.78 8.78 8.78 7.85 7.85 7.85 7.85 7.85 7.85 7.85 7.85 7.85 7.85 7.01 7.01 7.01 7.01 7.01 7.01 7.01 7.01 7.01 7.01 7.01 7.6 7.6 7.6 7.6 6.19 6.19 6.19 6.19 5.23 5.23 5.23 5.23 5.23 5.23 4.7 4.7 4.7 4.7 4.7 4.7 4.7 4.7 4.7 3.55 3.55 3.55 3.55 3.55 3.55 3.55 3.55 3.55 3.55 3.55 3.55 3.73 3.73 3.73 3.73 3.73 3.73 3.73 3.73 3.73 3.73 3.73 3.73 3.97 3.97 3.97 3.97 3.97 3.97 3.97
-9999 -9999 -9999 8.78 8.78 7.85 7.85 7.85 7.85 7.85 7.85 7.85 7.43 7.43 7.43 7.01 7.01 7.01 7.01 7.01 7.01 7.01 7.01 7.01 7.01 7.6 7.6 7.6 7.6 7.6 6.19 6.19 6.19 6.19 5.23 5.23 5.23 5.23 5.23 5.23 4.7 4.7 4.7 4.7 4.7 4.7 4.7 4.7 4.7 3.55 3.55 3.55 3.55 3.55 3.55 3.55 3.55 3.55 3.55 3.55 3.55 3.57 3.73 3.73 3.73 3.73 3.73 3.73 3.73 3.73 3.73 3.73 3.73 3.97 3.97 3.97 3.97 3.97 3.97 3.97
-9999 -9999 -9999 8.78 7.85 7.85 7.85 7.85 7.85 7.85 7.43 7.43 7.43 7.43 7.43 7.43 7.43 7.01 7.01 7.01 7.01 7.01 7.01 7.01 7.01 7.6 7.6 7.6 7.6 6.19 6.19 6.19 6.19 6.19 5.23 5.23 5.23 5.23 5.23 5.23 4.7 4.7 4.7 4.7 4.7 4.7 4.7 4.7 4.7 3.55 3.55 3.55 3.55 3.55 3.55 3.55 3.95 3.55 3.55 3.57 3.57 3.57 3.57 3.57 3.57 3.57 3.57 3.73 3.73 3.73 3.73 3.73 3.73 3.97 3.97 3.97 3.97 3.97 3.97 3.97
-9999 -9999 -9999 -9999 7.85 7.85 7.85 7.85 7.85 7.85 7.43 7.43 7.43 7.43 7.43 7.43 7.43 7.01 7.01 7.01 7.01 7.01 7.01 7.01 7.01 7.01 7.6 7.6 7.6 6.19 6.19 6.19 6.19 6.19 6.19 5.23 5.23 5.23 5.23 5.23 4.7 4.7 4.7 4.7 4.7 4.7 4.7 4.7 3.95 3.55 3.55 3.55 3.55 3.55 3.95 3.55 3.95 3.57 3.57 3.57 3.57 3.57 3.57 3.57 3.57 3.57 3.57 3.57 3.57 3.73 3.73 3.73 3.73 3.97 3.97 3.97 3.97 3.97 3.97 3.97
-9999 -9999 -9999 -9999 7.85 7.85 7.85 7.85 7.85 7.85 7.43 7.43 7.43 7.43 7.43 7.43 7.43 7.01 7.01 7.01 7.01 7.01 7.01 7.01 7.01 7.6 7.6 7.6 7.6 6.19 6.19 6.19 6.19 6.19 6.19 6.19 5.23 5.23 5.23 5.23 4.7 4.7 4.7 4.7 4.7 4.7 4.7 3.95 3.95 3.95 3.95 3.95 3.95 3.95 3.95 3.95 3.95 3.57 3.57 4.12 3.57 3.57 3.57 3.57 3.57 3.57 3.57 3.57 3.57 3.57 3.57 3.57 5.04 5.04 5.04 3.97 3.97 3.97 3.97 3.97
-9999 -9999 -9999 -9999 -9999 -9999 -9999 -9999 -9999 -9999 -9999 7.43 7.43 7.43 7.43 7.43 7.43 7.43 7.01 7.01 7.01 7.01 7.01 7.6 7.6 7.6 7.6 7.6 7.6 6.19 6.19 6.19 6.19 6.19 6.19 6.19 6.19 5.23 5.23 5.23 4.7 4.7 4.7 4.7 4.7 3.95 3.95 3.95 3.95 3.95 3.95 3.95 3.95 3.95 3.95 4.24 4.24 4.24 4.12 4.12 4.12 4.12 3.57 3.57 3.57 3.57 3.57 3.57 3.57 3.57 3.57 3.57 5.04 5.04 5.04 5.04 5.04 3.97 3.97 3.97
-9999 -9999 -9999 -9999 -9999 -9999 -9999 -9999 -9999 -9999 -9999 -9999 7.43 7.43 7.43 7.43 7.43 7.43 7.43 7.43 7.01 7.01 7.01 7.01 7.6 7.6 7.6 7.6 7.6 6.19 6.19 6.19 6.19 6.19 6.19 6.19 6.19 6.19 5.23 5.23 4.7 5.92 5.92 5.92 3.95 3.95 3.95 3.95 3.95 3.95 3.95 3.95 3.95 3.95 4.24 4.24 4.24 4.24 4.24 4.24 4.12 4.12 4.12 4.12 4.12 3.57 3.57 3.57 3.57 3.57 3.57 5.04 5.04 5.04 5.04 5.04 5.04 5.04 5.04 3.97
-9999 -9999 -9999 -9999 -9999 -9999 -9999 -9999 -9999 -9999 -9999 -9999 -9999 -9999 -9999 7.43 7.43 7.43 7.43 7.43 7.01 7.01 7.01 7.01 7.6 7.6 7.6 7.6 6.19 6.19 6.19 6.19 6.19 6.19 6.19 6.19 6.19 6.19 6.19 5.92 5.92 5.92 5.92 5.92 5.92 3.95 3.95 3.95 3.95 3.95 3.95 3.95 3.95 4.24 4.24 4.24 4.24 4.24 4.24 4.24 4.24 4.12 4.12 4.12 4.12 4.12 3.57 3.57 3.57 3.57 5.04 5.04 5.04 5.04 5.04 5.04 5.04 5.04 5.04 5.04
-9999 -9999 -9999 -9999 -9999 -9999 -9999 -9999 -9999 -9999 -9999 -9999 -9999 -9999 -9999 -9999 -9999 7.43 7.01 7.01 7.01 7.01 7.01 7.01 7.6 7.6 7.6 7.6 6.19 6.19 6.19 6.19 6.19 6.19 6.19 6.19 6.19 6.19 6.19 5.92 5.92 5.92 5.92 5.92 5.92 3.95 3.95 3.95 3.95 3.95 3.95 4.24 4.24 4.24 4.24 4.24 4.24 4.24 4.24 4.24 4.24 4.24 4.12 4.12 4.12 4.12 4.12 4.12 4.12 5.04 5.04 5.04 5.04 5.04 5.04 5.04 5.04 5.04 5.04 5.04
-9999 -9999 -9999 -9999 -9999 -9999 -9999 -9999 -9999 -9999 -9999 -9999 -9999 -9999 -9999 -9999 -9999 -9999 -9999 7.43 7.01 7.01 7.01 7.01 7.6 7.6 7.6 7.6 7.6 6.19 6.19 6.19 6.19 6.19 6.19 6.19 6.19 5.92 6.19 5.92 5.92 5.92 5.92 5.92 5.92 5.92 5.92 5.92 5.92 5.92 5.92 4.24 4.24 4.24 4.24 4.24 4.24 4.24 4.24 4.24 4.24 4.24 4.12 4.12 4.12 4.12 4.12 4.12 4.12 5.04 5.04 5.04 5.04 5.04 5.04 5.04 5.04 5.04 5.04 5.04
-9999 -9999 -9999 -9999 -9999 -9999 -9999 -9999 -9999 -9999 -9999 -9999 -9999 -9999 -9999 -9999 -9999 -9999 -9999 -9999 7.43 7.43 7.01 7.01 7.6 7.6 7.6 7.6 7.6 6.19 6.19 6.19 6.19 6.19 6.19 6.19 5.92 5.92 5.92 5.92 5.92 5.92 5.92 5.92 5.92 5.92 5.92 5.92 5.92 5.92 5.92 4.24 4.24 4.24 4.24 4.24 4.24 4.24 4.24 4.24 4.24 4.24 4.24 4.12 4.12 4.12 4.12 4.12 4.12 4.12 5.04 5.04 5.04 5.04 5.04 5.04 5.04 5.04 5.04 5.04
-9999 -9999 -9999 -9999 -9999 -9999 -9999 -9999 -9999 -9999 -9999 -9999 -9999 -9999 -9999 -9999 -9999 -9999 -9999 7.43 7.43 7.43 7.43 7.01 7.6 7.6 7.6 7.6 7.6 6.19 6.19 8.2 6.19 6.19 6.19 5.92 5.92 5.92 5.92 5.92 5.92 5.92 5.92 5.92 5.92 5.92 5.92 5.92 5.92 5.92 5.92 5.92 5.92 4.24 4.24 4.24 4.24 4.24 4.24 4.24 4.24 4.24 4.24 4.12 4.12 4.12 4.12 5.04 5.04 5.04 5.04 5.04 5.04 5.04 5.04 5.04 5.04 5.04 5.04 5.04
-9999 -9999 -9999 -9999 -9999 -9999 -9999 -9999 -9999 -9999 -9999 -9999 -9999 -9999 -9999 -9999 -9999 -9999 7.43 7.43 7.43 7.43 7.43 7.43 8.2 7.6 8.2 8.2 8.2 8.2 8.2 8.2 8.2 6.19 5.92 5.92 5.92 5.92 5.92 5.92 5.92 5.92 5.92 5.92 5.92 5.92 5.92 5.92 5.92 5.92 5.92 5.92 5.92 5.92 5.92 4.24 4.24 4.24 4.24 4.24 4.24 -9999 -9999 4.12 4.12 4.12 4.12 4.12 5.04 5.04 5.04 5.04 5.04 5.04 5.04 5.04 5.04 5.04 5.04 5.04
-9999 -9999 -9999 -9999 -9999 -9999 -9999 -9999 -9999 -9999 -9999 -9999 -9999 -9999 -9999 -9999 -9999 7.43 7.43 7.43 7.43 7.43 7.43 7.43 7.43 8.2 8.2 8.2 8.2 8.2 8.2 8.2 8.2 5.92 5.92 5.92 5.92 5.92 5.92 5.92 5.92 5.92 5.92 5.92 5.92 5.92 5.92 5.92 5.92 5.92 5.92 5.92 5.92 5.92 5.92 5.92 4.24 4.24 4.24 4.24 -9999 -9999 -9999 -9999 -9999 4.12 4.12 4.12 -9999 -9999 5.04 5.04 5.04 5.04 5.04 5.04 5.04 5.04 5.04 5.04
-9999 -9999 -9999 -9999 -9999 -9999 -9999 -9999 -9999 -9999 -9999 -9999 -9999 -9999 -9999 -9999 -9999 7.43 7.43 7.43 7.43 7.43 7.43 7.43 7.43 7.43 8.2 8.2 8.2 8.2 8.2 8.2 8.2 5.81 5.92 5.92 5.92 5.92 5.92 5.92 5.92 5.92 5.92 5.92 5.92 5.92 5.92 5.92 5.92 5.92 5.92 5.92 5.92 5.92 5.92 5.92 5.92 5.92 4.24 -9999 -9999 -9999 -9999 -9999 -9999 -9999 -9999 -9999 -9999 -9999 -9999 -9999 5.04 -9999 -9999 -9999 5.04 5.04 5.04 5.04
