layers/rainwind/HTI_rain_wind_rain_oct5.asc
NCOLS 343 
NROWS 248 
XLLCORNER -74.4803996469999 
YLLCORNER 18.0221399550001 
CELLSIZE 0.00833308698833808 
NODATA_value -9999 
[rows 196 to 223 of 248, columns 0 to 61 of 343]
-9999 -9999 743.155660730677 743.155660730677 743.155660730677 677.378652462393 677.378652462393 743.155660730677 743.155660730677 743.155660730677 743.155660730677 636.004030864592 636.004030864592 636.004030864592 636.004030864592 636.004030864592 636.004030864592 636.004030864592 636.004030864592 636.004030864592 636.004030864592 1181.57732728804 1181.57732728804 1093.5 1093.5 1093.5 1093.5 1093.5 1093.5 1093.5 1093.5 1241 1241 1241 1241 1241 1241 1241 1241 1241 1241 1241 1024.62264108835 1024.62264108835 1024.62264108835 1024.62264108835 833.835587497571 833.835587497571 833.835587497571 833.835587497571 833.835587497571 833.835587497571 833.835587497571 833.835587497571 790.621713978071 790.621713978071 790.621713978071 790.621713978071 790.621713978071 790.621713978071 757.654498476954 757.654498476954
-9999 677.378652462393 677.378652462393 677.378652462393 677.378652462393 677.378652462393 677.378652462393 677.378652462393 677.378652462393 677.378652462393 934.781476507583 934.781476507583 934.781476507583 934.781476507583 636.004030864592 636.004030864592 636.004030864592 636.004030864592 636.004030864592 636.004030864592 1181.57732728804 1181.57732728804 1181.57732728804 1181.57732728804 1093.5 1093.5 1093.5 1093.5 1093.5 1093.5 1093.5 1241 1241 1241 1241 1241 1241 1241 1241 1241 1241 1241 1241 1024.62264108835 833.835587497571 833.835587497571 833.835587497571 833.835587497571 833.835587497571 833.835587497571 833.835587497571 833.835587497571 833.835587497571 833.835587497571 790.621713978071 790.621713978071 790.621713978071 790.621713978071 790.621713978071 757.654498476954 757.654498476954 757.654498476954
-9999 677.378652462393 677.378652462393 677.378652462393 677.378652462393 934.781476507583 934.781476507583 934.781476507583 934.781476507583 677.378652462393 934.781476507583 934.781476507583 934.781476507583 934.781476507583 934.781476507583 636.004030864592 636.004030864592 636.004030864592 636.004030864592 636.004030864592 1181.57732728804 1181.57732728804 1181.57732728804 1181.57732728804 1093.5 1093.5 1093.5 1093.5 1093.5 1093.5 1093.5 1241 1241 1241 1241 1241 1241 1241 1241 1241 1241 1241 1241 833.835587497571 833.835587497571 833.835587497571 833.835587497571 833.835587497571 833.835587497571 833.835587497571 833.835587497571 833.835587497571 833.835587497571 790.621713978071 790.621713978071 790.621713978071 790.621713978071 790.621713978071 757.654498476954 757.654498476954 757.654498476954 757.654498476954
-9999 677.378652462393 677.378652462393 677.378652462393 677.378652462393 934.781476507583 934.781476507583 934.781476507583 934.781476507583 934.781476507583 934.781476507583 934.781476507583 934.781476507583 934.781476507583 934.781476507583 934.781476507583 636.004030864592 636.004030864592 1181.57732728804 1181.57732728804 1181.57732728804 1181.57732728804 1181.57732728804 1181.57732728804 1093.5 1093.5 1093.5 1093.5 1093.5 1093.5 1093.5 1241 1241 1241 1241 1241 1241 1241 1241 1241 1241 1241 1241 1241 833.835587497571 833.835587497571 833.835587497571 833.835587497571 833.835587497571 833.835587497571 833.835587497571 833.835587497571 833.835587497571 833.835587497571 790.621713978071 790.621713978071 790.621713978071 790.621713978071 757.654498476954 757.654498476954 757.654498476954 757.654498476954
-9999 934.781476507583 934.781476507583 934.781476507583 934.781476507583 746.973925798167 934.781476507583 746.973925798167 746.973925798167 934.781476507583 934.781476507583 934.781476507583 934.781476507583 934.781476507583 934.781476507583 934.781476507583 934.781476507583 934.781476507583 1181.57732728804 1181.57732728804 1181.57732728804 1181.57732728804 1181.57732728804 1181.57732728804 1093.5 1093.5 1093.5 1093.5 1093.5 1093.5 1093.5 1093.5 1241 1241 1241 1241 1241 1241 1241 1241 1241 1241 1241 1241 833.835587497571 833.835587497571 833.835587497571 833.835587497571 833.835587497571 833.835587497571 833.835587497571 833.835587497571 833.835587497571 833.835587497571 790.621713978071 790.621713978071 790.621713978071 790.621713978071 757.654498476954 757.654498476954 757.654498476954 757.654498476954
-9999 -9999 934.781476507583 934.781476507583 746.973925798167 746.973925798167 746.973925798167 746.973925798167 746.973925798167 746.973925798167 746.973925798167 934.781476507583 934.781476507583 934.781476507583 934.781476507583 934.781476507583 934.781476507583 934.781476507583 934.781476507583 934.781476507583 934.781476507583 1181.57732728804 1181.57732728804 1181.57732728804 1181.57732728804 1093.5 1093.5 1093.5 1093.5 1093.5 1093.5 1241 1241 1241 1241 1241 1241 1241 1241 1241 1241 1241 1241 1241 1241 833.835587497571 833.835587497571 833.835587497571 833.835587497571 833.835587497571 833.835587497571 833.835587497571 833.835587497571 833.835587497571 790.621713978071 790.621713978071 790.621713978071 790.621713978071 757.654498476954 757.654498476954 757.654498476954 757.654498476954
-9999 -9999 -9999 746.973925798167 746.973925798167 746.973925798167 554.874989131764 746.973925798167 746.973925798167 746.973925798167 746.973925798167 746.973925798167 934.781476507583 934.781476507583 934.781476507583 934.781476507583 934.781476507583 934.781476507583 934.781476507583 934.781476507583 934.781476507583 934.781476507583 1181.57732728804 1181.57732728804 1093.5 1093.5 1093.5 1093.5 1093.5 1093.5 1093.5 1093.5 1241 1241 1241 1241 1241 1241 1241 1241 1241 1241 1241 1241 1241 863.326430593784 863.326430593784 696.510456211459 696.510456211459 696.510456211459 696.510456211459 833.835587497571 833.835587497571 790.621713978071 790.621713978071 790.621713978071 790.621713978071 757.654498476954 757.654498476954 757.654498476954 757.654498476954 757.654498476954
-9999 -9999 -9999 -9999 554.874989131764 554.874989131764 554.874989131764 746.973925798167 746.973925798167 746.973925798167 746.973925798167 746.973925798167 746.973925798167 746.973925798167 746.973925798167 934.781476507583 934.781476507583 934.781476507583 934.781476507583 934.781476507583 934.781476507583 934.781476507583 892.080497360279 1181.57732728804 1093.5 1093.5 1093.5 1093.5 1093.5 1093.5 1093.5 1093.5 916.53452731117 916.53452731117 916.53452731117 916.53452731117 916.53452731117 908.910595682421 908.910595682421 908.910595682421 908.910595682421 908.910595682421 908.910595682421 908.910595682421 908.910595682421 863.326430593784 863.326430593784 863.326430593784 696.510456211459 696.510456211459 696.510456211459 696.510456211459 833.835587497571 790.621713978071 790.621713978071 790.621713978071 790.621713978071 757.654498476954 757.654498476954 757.654498476954 757.654498476954 757.654498476954
-9999 -9999 -9999 -9999 554.874989131764 554.874989131764 554.874989131764 554.874989131764 746.973925798167 746.973925798167 746.973925798167 746.973925798167 746.973925798167 746.973925798167 746.973925798167 746.973925798167 934.781476507583 934.781476507583 934.781476507583 934.781476507583 934.781476507583 934.781476507583 892.080497360279 892.080497360279 1181.57732728804 1093.5 1093.5 1093.5 1093.5 1093.5 1093.5 916.53452731117 916.53452731117 916.53452731117 916.53452731117 916.53452731117 916.53452731117 916.53452731117 908.910595682421 908.910595682421 908.910595682421 908.910595682421 908.910595682421 908.910595682421 908.910595682421 863.326430593784 863.326430593784 696.510456211459 696.510456211459 696.510456211459 696.510456211459 696.510456211459 696.510456211459 581.964254814651 790.621713978071 790.621713978071 790.621713978071 757.654498476954 757.654498476954 757.654498476954 757.654498476954 757.654498476954
-9999 -9999 -9999 554.874989131764 554.874989131764 554.874989131764 554.874989131764 554.874989131764 554.874989131764 554.874989131764 746.973925798167 746.973925798167 746.973925798167 746.973925798167 746.973925798167 746.973925798167 746.973925798167 934.781476507583 934.781476507583 934.781476507583 934.781476507583 934.781476507583 892.080497360279 892.080497360279 892.080497360279 892.080497360279 1093.5 1093.5 1093.5 916.53452731117 916.53452731117 916.53452731117 916.53452731117 916.53452731117 916.53452731117 916.53452731117 916.53452731117 908.910595682421 908.910595682421 908.910595682421 908.910595682421 908.910595682421 908.910595682421 908.910595682421 908.910595682421 863.326430593784 863.326430593784 863.326430593784 696.510456211459 696.510456211459 696.510456211459 696.510456211459 696.510456211459 581.964254814651 581.964254814651 581.964254814651 581.964254814651 581.964254814651 581.964254814651 757.654498476954 757.654498476954 757.654498476954
-9999 -9999 -9999 -9999 554.874989131764 554.874989131764 554.874989131764 554.874989131764 554.874989131764 554.874989131764 554.874989131764 746.973925798167 746.973925798167 746.973925798167 746.973925798167 746.973925798167 746.973925798167 934.781476507583 934.781476507583 934.781476507583 934.781476507583 892.080497360279 892.080497360279 892.080497360279 892.080497360279 892.080497360279 892.080497360279 892.080497360279 892.080497360279 916.53452731117 916.53452731117 916.53452731117 916.53452731117 916.53452731117 916.53452731117 916.53452731117 908.910595682421 908.910595682421 908.910595682421 908.910595682421 908.910595682421 908.910595682421 908.910595682421 908.910595682421 863.326430593784 863.326430593784 863.326430593784 696.510456211459 696.510456211459 696.510456211459 696.510456211459 696.510456211459 696.510456211459 581.964254814651 581.964254814651 581.964254814651 581.964254814651 581.964254814651 581.964254814651 581.964254814651 581.964254814651 578.311379616949
-9999 -9999 -9999 -9999 554.874989131764 741.241507380864 554.874989131764 554.874989131764 741.241507380864 554.874989131764 554.874989131764 741.241507380864 741.241507380864 741.241507380864 741.241507380864 741.241507380864 741.241507380864 741.241507380864 741.241507380864 741.241507380864 892.080497360279 892.080497360279 892.080497360279 892.080497360279 892.080497360279 892.080497360279 892.080497360279 892.080497360279 892.080497360279 892.080497360279 916.53452731117 916.53452731117 916.53452731117 916.53452731117 916.53452731117 916.53452731117 908.910595682421 908.910595682421 908.910595682421 908.910595682421 908.910595682421 908.910595682421 908.910595682421 908.910595682421 863.326430593784 863.326430593784 696.510456211459 696.510456211459 696.510456211459 696.510456211459 696.510456211459 696.510456211459 581.964254814651 581.964254814651 581.964254814651 581.964254814651 581.964254814651 581.964254814651 581.964254814651 581.964254814651 578.311379616949 578.311379616949
-9999 -9999 -9999 -9999 741.241507380864 741.241507380864 741.241507380864 741.241507380864 741.241507380864 741.241507380864 741.241507380864 741.241507380864 741.241507380864 741.241507380864 741.241507380864 741.241507380864 741.241507380864 741.241507380864 741.241507380864 741.241507380864 892.080497360279 892.080497360279 892.080497360279 892.080497360279 892.080497360279 892.080497360279 892.080497360279 892.080497360279 892.080497360279 892.080497360279 916.53452731117 916.53452731117 916.53452731117 916.53452731117 916.53452731117 916.53452731117 908.910595682421 908.910595682421 908.910595682421 908.910595682421 908.910595682421 908.910595682421 908.910595682421 863.326430593784 863.326430593784 696.510456211459 696.510456211459 696.510456211459 696.510456211459 696.510456211459 696.510456211459 696.510456211459 581.964254814651 581.964254814651 581.964254814651 581.964254814651 581.964254814651 581.964254814651 581.964254814651 578.311379616949 578.311379616949 578.311379616949
-9999 -9999 -9999 -9999 -9999 741.241507380864 741.241507380864 741.241507380864 741.241507380864 741.241507380864 741.241507380864 741.241507380864 741.241507380864 741.241507380864 741.241507380864 741.241507380864 741.241507380864 741.241507380864 741.241507380864 741.241507380864 892.080497360279 892.080497360279 892.080497360279 892.080497360279 892.080497360279 892.080497360279 892.080497360279 848.125281551694 848.125281551694 848.125281551694 848.125281551694 916.53452731117 916.53452731117 916.53452731117 916.53452731117 916.53452731117 908.910595682421 908.910595682421 908.910595682421 908.910595682421 908.910595682421 863.326430593784 863.326430593784 863.326430593784 696.510456211459 696.510456211459 696.510456211459 696.510456211459 696.510456211459 696.510456211459 696.510456211459 696.510456211459 581.964254814651 581.964254814651 581.964254814651 581.964254814651 581.964254814651 581.964254814651 581.964254814651 578.311379616949 578.311379616949 578.311379616949
-9999 -9999 -9999 -9999 -9999 -9999 -9999 -9999 -9999 741.241507380864 741.241507380864 741.241507380864 741.241507380864 741.241507380864 741.241507380864 741.241507380864 741.241507380864 741.241507380864 741.241507380864 741.241507380864 892.080497360279 892.080497360279 892.080497360279 892.080497360279 848.125281551694 848.125281551694 848.125281551694 848.125281551694 848.125281551694 848.125281551694 916.53452731117 916.53452731117 916.53452731117 916.53452731117 916.53452731117 916.53452731117 908.910595682421 908.910595682421 908.910595682421 908.910595682421 863.326430593784 863.326430593784 863.326430593784 696.510456211459 696.510456211459 696.510456211459 696.510456211459 696.510456211459 696.510456211459 696.510456211459 696.510456211459 696.510456211459 581.964254814651 581.964254814651 581.964254814651 581.964254814651 581.964254814651 581.964254814651 581.964254814651 581.964254814651 578.311379616949 578.311379616949
-9999 -9999 -9999 -9999 -9999 -9999 -9999 -9999 -9999 -9999 741.241507380864 741.241507380864 741.241507380864 741.241507380864 741.241507380864 741.241507380864 792.853674758312 792.853674758312 792.853674758312 792.853674758312 792.853674758312 792.853674758312 792.853674758312 848.125281551694 848.125281551694 848.125281551694 848.125281551694 848.125281551694 848.125281551694 916.53452731117 916.53452731117 916.53452731117 916.53452731117 916.53452731117 925.573859273375 925.573859273375 925.573859273375 925.573859273375 925.573859273375 925.573859273375 925.573859273375 925.573859273375 863.326430593784 863.326430593784 696.510456211459 696.510456211459 696.510456211459 646.01226024482 696.510456211459 646.01226024482 696.510456211459 646.01226024482 646.01226024482 581.964254814651 581.964254814651 581.964254814651 581.964254814651 581.964254814651 581.964254814651 581.964254814651 581.964254814651 578.311379616949
-9999 -9999 -9999 -9999 -9999 -9999 -9999 -9999 -9999 -9999 792.853674758312 792.853674758312 792.853674758312 792.853674758312 792.853674758312 792.853674758312 792.853674758312 792.853674758312 792.853674758312 792.853674758312 792.853674758312 792.853674758312 792.853674758312 848.125281551694 848.125281551694 848.125281551694 848.125281551694 848.125281551694 916.53452731117 916.53452731117 916.53452731117 916.53452731117 916.53452731117 925.573859273375 925.573859273375 925.573859273375 925.573859273375 925.573859273375 925.573859273375 925.573859273375 925.573859273375 925.573859273375 925.573859273375 863.326430593784 863.326430593784 696.510456211459 696.510456211459 646.01226024482 646.01226024482 646.01226024482 646.01226024482 646.01226024482 646.01226024482 646.01226024482 581.964254814651 581.964254814651 581.964254814651 581.964254814651 581.964254814651 581.964254814651 581.964254814651 581.964254814651
-9999 -9999 -9999 -9999 -9999 -9999 -9999 -9999 -9999 -9999 -9999 -9999 792.853674758312 792.853674758312 792.853674758312 792.853674758312 792.853674758312 792.853674758312 792.853674758312 792.853674758312 792.853674758312 792.853674758312 848.125281551694 848.125281551694 848.125281551694 848.125281551694 -9999 -9999 -9999 -9999 -9999 916.53452731117 916.53452731117 925.573859273375 925.573859273375 925.573859273375 925.573859273375 925.573859273375 925.573859273375 925.573859273375 925.573859273375 863.326430593784 863.326430593784 863.326430593784 863.326430593784 696.510456211459 646.01226024482 646.01226024482 646.01226024482 646.01226024482 646.01226024482 646.01226024482 646.01226024482 646.01226024482 646.01226024482 581.964254814651 581.964254814651 581.964254814651 581.964254814651 581.964254814651 581.964254814651 581.964254814651
-9999 -9999 -9999 -9999 -9999 -9999 -9999 -9999 -9999 -9999 -9999 -9999 -9999 792.853674758312 792.853674758312 792.853674758312 792.853674758312 792.853674758312 792.853674758312 792.853674758312 848.125281551694 848.125281551694 848.125281551694 848.125281551694 -9999 -9999 -9999 -9999 -9999 -9999 -9999 916.53452731117 916.53452731117 925.573859273375 925.573859273375 809.720651615604 809.720651615604 809.720651615604 809.720651615604 809.720651615604 809.720651615604 809.720651615604 863.326430593784 863.326430593784 863.326430593784 646.01226024482 646.01226024482 646.01226024482 646.01226024482 646.01226024482 646.01226024482 646.01226024482 646.01226024482 646.01226024482 646.01226024482 604.185174224725 581.964254814651 581.964254814651 581.964254814651 581.964254814651 581.964254814651 581.964254814651
-9999 -9999 -9999 -9999 -9999 -9999 -9999 -9999 -9999 -9999 -9999 -9999 -9999 -9999 -9999 -9999 792.853674758312 848.125281551694 848.125281551694 848.125281551694 848.125281551694 848.125281551694 848.125281551694 -9999 -9999 -9999 -9999 -9999 -9999 -9999 -9999 -9999 -9999 -9999 -9999 809.720651615604 809.720651615604 809.720651615604 809.720651615604 809.720651615604 809.720651615604 809.720651615604 863.326430593784 863.326430593784 863.326430593784 646.01226024482 646.01226024482 646.01226024482 646.01226024482 646.01226024482 646.01226024482 646.01226024482 612.536789251789 612.536789251789 612.536789251789 604.185174224725 604.185174224725 581.964254814651 581.964254814651 581.964254814651 581.964254814651 581.964254814651
-9999 -9999 -9999 -9999 -9999 -9999 -9999 -9999 -9999 -9999 -9999 -9999 -9999 -9999 -9999 -9999 -9999 -9999 -9999 -9999 -9999 -9999 -9999 -9999 -9999 -9999 -9999 -9999 -9999 -9999 -9999 -9999 -9999 -9999 -9999 -9999 -9999 809.720651615604 809.720651615604 809.720651615604 809.720651615604 809.720651615604 863.326430593784 863.326430593784 863.326430593784 863.326430593784 646.01226024482 646.01226024482 646.01226024482 612.536789251789 612.536789251789 612.536789251789 612.536789251789 612.536789251789 604.185174224725 604.185174224725 604.185174224725 581.964254814651 581.964254814651 581.964254814651 581.964254814651 581.964254814651
-9999 -9999 -9999 -9999 -9999 -9999 -9999 -9999 -9999 -9999 -9999 -9999 -9999 -9999 -9999 -9999 -9999 -9999 -9999 -9999 -9999 -9999 -9999 -9999 -9999 -9999 -9999 -9999 -9999 -9999 -9999 -9999 -9999 -9999 -9999 -9999 -9999 -9999 809.720651615604 809.720651615604 809.720651615604 809.720651615604 863.326430593784 863.326430593784 863.326430593784 863.326430593784 646.01226024482 646.01226024482 646.01226024482 612.536789251789 612.536789251789 604.185174224725 604.185174224725 604.185174224725 604.185174224725 604.185174224725 604.185174224725 553.374385922608 581.964254814651 581.964254814651 581.964254814651 581.964254814651
-9999 -9999 -9999 -9999 -9999 -9999 -9999 -9999 -9999 -9999 -9999 -9999 -9999 -9999 -9999 -9999 -9999 -9999 -9999 -9999 -9999 -9999 -9999 -9999 -9999 -9999 -9999 -9999 -9999 -9999 -9999 -9999 -9999 -9999 -9999 -9999 -9999 -9999 -9999 -9999 809.720651615604 809.720651615604 863.326430593784 863.326430593784 863.326430593784 863.326430593784 646.01226024482 612.536789251789 612.536789251789 612.536789251789 612.536789251789 604.185174224725 872.657854955107 872.657854955107 604.185174224725 604.185174224725 553.374385922608 553.374385922608 581.964254814651 581.964254814651 581.964254814651 581.964254814651
-9999 -9999 -9999 -9999 -9999 -9999 -9999 -9999 -9999 -9999 -9999 -9999 -9999 -9999 -9999 -9999 -9999 -9999 -9999 -9999 -9999 -9999 -9999 -9999 -9999 -9999 -9999 -9999 -9999 -9999 -9999 -9999 -9999 -9999 -9999 -9999 -9999 -9999 -9999 -9999 -9999 -9999 863.326430593784 863.326430593784 863.326430593784 612.536789251789 612.536789251789 612.536789251789 612.536789251789 612.536789251789 604.185174224725 604.185174224725 872.657854955107 872.657854955107 553.374385922608 553.374385922608 553.374385922608 484.957065395841 484.957065395841 581.964254814651 581.964254814651 581.964254814651
-9999 -9999 -9999 -9999 -9999 -9999 -9999 -9999 -9999 -9999 -9999 -9999 -9999 -9999 -9999 -9999 -9999 -9999 -9999 -9999 -9999 -9999 -9999 -9999 -9999 -9999 -9999 -9999 -9999 -9999 -9999 -9999 -9999 -9999 -9999 -9999 -9999 -9999 -9999 -9999 -9999 -9999 -9999 -9999 -9999 612.536789251789 612.536789251789 612.536789251789 612.536789251789 612.536789251789 604.185174224725 604.185174224725 872.657854955107 872.657854955107 872.657854955107 553.374385922608 553.374385922608 553.374385922608 484.957065395841 484.957065395841 581.964254814651 581.964254814651
-9999 -9999 -9999 -9999 -9999 -9999 -9999 -9999 -9999 -9999 -9999 -9999 -9999 -9999 -9999 -9999 -9999 -9999 -9999 -9999 -9999 -9999 -9999 -9999 -9999 -9999 -9999 -9999 -9999 -9999 -9999 -9999 -9999 -9999 -9999 -9999 -9999 -9999 -9999 -9999 -9999 -9999 -9999 -9999 -9999 -9999 -9999 612.536789251789 612.536789251789 604.185174224725 604.185174224725 872.657854955107 872.657854955107 872.657854955107 872.657854955107 872.657854955107 553.374385922608 553.374385922608 484.957065395841 484.957065395841 581.964254814651 581.964254814651
-9999 -9999 -9999 -9999 -9999 -9999 -9999 -9999 -9999 -9999 -9999 -9999 -9999 -9999 -9999 -9999 -9999 -9999 -9999 -9999 -9999 -9999 -9999 -9999 -9999 -9999 -9999 -9999 -9999 -9999 -9999 -9999 -9999 -9999 -9999 -9999 -9999 -9999 -9999 -9999 -9999 -9999 -9999 -9999 -9999 -9999 -9999 -9999 612.536789251789 604.185174224725 872.657854955107 872.657854955107 872.657854955107 872.657854955107 872.657854955107 872.657854955107 553.374385922608 553.374385922608 484.957065395841 484.957065395841 484.957065395841 467.092873370714
-9999 -9999 -9999 -9999 -9999 -9999 -9999 -9999 -9999 -9999 -9999 -9999 -9999 -9999 -9999 -9999 -9999 -9999 -9999 -9999 -9999 -9999 -9999 -9999 -9999 -9999 -9999 -9999 -9999 -9999 -9999 -9999 -9999 -9999 -9999 -9999 -9999 -9999 -9999 -9999 -9999 -9999 -9999 -9999 -9999 -9999 -9999 -9999 -9999 -9999 872.657854955107 872.657854955107 872.657854955107 872.657854955107 872.657854955107 872.657854955107 553.374385922608 553.374385922608 484.957065395841 484.957065395841 484.957065395841 484.957065395841
