layers/rainwind/HTI_rain_wind_rain_score.asc
NCOLS 343 
NROWS 248 
XLLCORNER -74.4803996469999 
YLLCORNER 18.0221399550001 
CELLSIZE 0.00833308698833808 
NODATA_value -9999 
[rows 35 to 69 of 248, columns 240 to 319 of 343]
1.24 1.24 1.24 1.18 1.18 1.18 1.18 1.15 1.15 1.15 1.15 1.15 1.15 -9999 -9999 -9999 -9999 -9999 -9999 -9999 -9999 -9999 -9999 -9999 -9999 -9999 -9999 -9999 -9999 -9999 -9999 -9999 -9999 -9999 -9999 -9999 -9999 -9999 -9999 -9999 -9999 -9999 -9999 -9999 -9999 -9999 -9999 -9999 -9999 -9999 -9999 -9999 -9999 -9999 -9999 -9999 -9999 -9999 -9999 -9999 -9999 -9999 -9999 -9999 -9999 -9999 -9999 -9999 -9999 -9999 -9999 -9999 -9999 -9999 -9999 -9999 -9999 -9999 -9999 -9999
1.24 1.24 1.24 1.24 1.18 1.18 1.18 1.18 1.15 1.15 1.15 1.15 1.15 1.15 1.15 -9999 -9999 -9999 -9999 -9999 -9999 -9999 -9999 -9999 -9999 -9999 -9999 -9999 1.75 1.75 -9999 -9999 1.75 1.75 1.75 -9999 -9999 -9999 -9999 -9999 -9999 -9999 -9999 -9999 -9999 -9999 -9999 -9999 -9999 -9999 -9999 -9999 -9999 -9999 -9999 -9999 -9999 -9999 -9999 -9999 -9999 -9999 -9999 -9999 -9999 -9999 -9999 -9999 -9999 -9999 -9999 -9999 -9999 -9999 -9999 -9999 -9999 -9999 -9999 -9999
1.24 1.24 1.24 1.18 1.18 1.18 1.18 1.18 1.15 1.15 1.15 1.15 1.15 1.15 1.15 1.22 -9999 -9999 -9999 -9999 -9999 -9999 -9999 -9999 -9999 -9999 -9999 -9999 1.75 1.75 1.75 1.75 1.75 1.75 1.75 -9999 -9999 -9999 -9999 -9999 -9999 -9999 -9999 -9999 -9999 -9999 -9999 -9999 -9999 -9999 -9999 -9999 -9999 -9999 -9999 -9999 -9999 -9999 -9999 -9999 -9999 -9999 -9999 -9999 -9999 -9999 -9999 -9999 -9999 -9999 -9999 -9999 -9999 -9999 -9999 -9999 -9999 -9999 -9999 -9999
1.24 1.24 1.24 1.24 1.38 1.38 1.38 1.38 1.15 1.15 1.15 1.15 1.15 1.22 1.22 1.22 1.22 -9999 -9999 1.69 -9999 -9999 -9999 -9999 -9999 -9999 -9999 1.75 1.75 1.75 1.75 1.75 1.75 1.75 -9999 -9999 -9999 -9999 -9999 -9999 -9999 -9999 -9999 -9999 -9999 -9999 -9999 -9999 -9999 -9999 -9999 -9999 -9999 -9999 -9999 -9999 -9999 -9999 -9999 -9999 -9999 -9999 -9999 -9999 -9999 -9999 -9999 -9999 -9999 -9999 -9999 -9999 -9999 -9999 -9999 -9999 -9999 -9999 -9999 -9999
1.24 1.24 1.38 1.38 1.38 1.38 1.38 1.15 1.15 1.15 1.15 1.15 1.15 1.22 1.22 1.22 1.22 -9999 -9999 -9999 1.69 1.69 1.69 1.69 1.69 1.69 -9999 1.75 1.75 1.75 1.75 1.75 1.75 1.8 -9999 -9999 -9999 -9999 -9999 -9999 -9999 -9999 -9999 -9999 -9999 -9999 -9999 -9999 -9999 -9999 -9999 -9999 -9999 -9999 -9999 -9999 -9999 -9999 -9999 -9999 -9999 -9999 -9999 -9999 -9999 -9999 -9999 -9999 -9999 -9999 -9999 -9999 -9999 -9999 -9999 -9999 -9999 -9999 -9999 -9999
1.24 1.24 1.24 1.24 1.24 1.24 1.38 1.15 1.15 1.15 1.15 1.15 1.15 1.22 1.22 1.22 1.22 1.22 -9999 -9999 1.69 1.69 1.69 1.69 1.69 1.69 1.69 1.75 1.8 1.8 1.8 1.75 1.8 -9999 -9999 -9999 -9999 -9999 -9999 -9999 1.18 1.18 -9999 -9999 -9999 -9999 -9999 -9999 -9999 -9999 -9999 -9999 -9999 -9999 -9999 -9999 -9999 -9999 -9999 -9999 -9999 -9999 -9999 -9999 -9999 -9999 -9999 -9999 -9999 -9999 -9999 -9999 -9999 -9999 -9999 -9999 -9999 -9999 -9999 -9999
1.24 1.24 1.24 1.24 1.24 1.24 1.24 1.38 1.15 1.15 1.15 1.15 1.15 1.22 1.22 1.22 1.22 -9999 -9999 -9999 1.69 1.69 1.69 1.69 1.69 1.69 1.8 1.8 1.8 1.8 1.8 1.8 1.8 1.38 -9999 -9999 -9999 1.38 1.38 1.18 1.18 1.13 -9999 -9999 -9999 -9999 -9999 -9999 -9999 -9999 -9999 -9999 -9999 -9999 -9999 -9999 -9999 -9999 -9999 -9999 -9999 -9999 -9999 -9999 -9999 -9999 -9999 -9999 -9999 -9999 -9999 -9999 -9999 -9999 -9999 -9999 -9999 -9999 -9999 -9999
1.24 1.56 1.56 1.24 1.24 1.24 1.24 1.18 1.18 1.15 1.15 1.15 1.18 1.22 1.22 1.22 1.22 -9999 -9999 -9999 1.69 1.69 1.69 1.69 1.69 1.69 1.69 1.69 1.8 1.8 1.8 1.8 1.38 1.38 1.38 1.38 1.38 1.38 1.18 1.18 1.18 1.13 1.13 -9999 -9999 -9999 -9999 -9999 -9999 -9999 -9999 -9999 1.13 -9999 -9999 -9999 -9999 -9999 -9999 -9999 -9999 -9999 -9999 -9999 -9999 -9999 -9999 -9999 -9999 -9999 -9999 -9999 -9999 -9999 -9999 -9999 -9999 -9999 -9999 -9999
1.56 1.56 1.56 1.56 1.56 1.56 1.18 1.18 1.18 1.18 1.18 1.18 1.18 1.22 1.22 1.22 1.22 -9999 -9999 -9999 1.69 1.69 1.69 1.69 1.69 1.69 1.69 1.69 1.8 1.8 1.8 1.38 1.38 1.38 1.38 1.38 1.38 1.38 1.18 1.18 1.18 1.13 1.13 1.13 1.13 1.13 1.13 1.13 1.13 1.13 1.13 1.13 1.13 -9999 -9999 -9999 -9999 -9999 -9999 1.31 1.31 1.31 1.31 1.31 1.31 1.31 1.31 -9999 -9999 -9999 -9999 -9999 -9999 -9999 -9999 -9999 -9999 -9999 -9999 -9999
1.27 1.56 1.56 1.56 1.56 1.56 1.35 1.18 1.18 1.18 1.18 1.44 1.44 1.44 1.22 1.22 1.22 1.22 -9999 -9999 1.69 1.69 1.69 1.69 1.69 1.69 1.69 1.69 1.8 1.8 1.71 1.71 1.38 1.38 1.18 1.18 1.18 1.18 1.18 1.18 1.18 1.13 1.13 1.13 1.13 1.13 1.13 1.13 1.13 1.13 1.13 1.13 1.13 -9999 -9999 -9999 -9999 -9999 -9999 1.31 1.31 1.31 1.31 1.31 1.31 1.31 1.31 1.42 1.42 1.42 1.42 1.42 1.42 -9999 -9999 -9999 -9999 -9999 -9999 -9999
1.56 1.56 1.56 1.56 1.56 1.56 1.35 1.35 1.18 1.18 1.44 1.44 1.44 1.44 1.44 1.22 1.51 1.51 1.51 -9999 1.51 1.69 1.69 1.69 1.69 1.69 1.69 1.69 1.8 1.71 1.71 1.71 1.71 1.71 1.18 1.18 1.18 1.18 1.18 1.18 1.18 1.13 1.13 1.13 1.13 1.13 1.13 1.13 -9999 -9999 1.13 1.13 1.13 -9999 -9999 -9999 -9999 -9999 -9999 1.31 1.31 1.31 1.31 1.31 1.31 1.42 1.42 1.42 1.42 1.42 1.42 1.42 1.42 1.42 1.42 1.42 1.6 1.6 1.6 1.6
1.56 1.56 1.56 1.56 1.35 1.35 1.35 1.35 1.35 1.35 1.44 1.44 1.44 1.44 1.44 1.44 1.51 1.51 1.51 1.51 1.51 1.51 1.69 1.69 1.51 1.51 1.69 1.69 1.51 1.71 1.71 1.71 1.71 1.71 1.18 1.18 1.18 1.18 1.18 1.18 1.18 1.13 1.13 1.13 1.13 1.13 1.13 1.13 1.13 1.13 1.13 -9999 -9999 -9999 -9999 -9999 -9999 1.31 -9999 1.31 1.31 1.42 1.42 1.42 1.42 1.42 1.42 1.42 1.42 1.42 1.42 1.42 1.42 1.42 1.42 1.42 -9999 1.6 1.6 1.6
1.56 1.56 1.56 1.56 1.35 1.35 1.35 1.56 1.56 1.56 1.44 1.44 1.44 1.44 1.44 1.44 1.51 1.51 1.51 1.51 1.51 1.51 1.51 1.51 1.51 1.51 1.51 1.51 1.51 1.71 1.71 1.71 1.71 1.71 1.71 1.49 1.49 1.49 1.49 1.18 1.18 1.13 1.13 1.13 1.13 1.13 1.13 1.13 1.13 1.13 1.13 -9999 -9999 1.47 1.47 1.47 1.47 1.31 1.31 1.31 1.31 1.31 1.42 1.42 1.42 1.42 1.42 1.42 1.42 1.42 1.42 1.42 1.42 1.42 1.42 1.42 -9999 1.6 1.6 1.6
1.56 1.56 1.56 1.56 1.56 1.56 1.56 1.56 1.56 1.56 1.44 1.44 1.44 1.44 1.44 1.44 1.58 1.51 1.51 1.51 1.51 1.51 1.51 1.51 1.51 1.51 1.51 1.51 1.51 1.51 1.71 1.71 1.71 1.71 1.71 1.49 1.49 1.49 1.49 1.49 1.13 1.13 1.13 1.13 1.27 1.27 1.13 1.13 1.13 1.13 1.47 1.47 1.47 1.47 1.47 1.47 1.31 1.31 1.31 1.31 1.31 1.31 1.31 1.42 1.42 1.42 1.42 1.42 1.42 -9999 -9999 -9999 1.42 -9999 -9999 -9999 -9999 -9999 1.6 1.6
1.73 1.56 1.56 1.56 1.56 1.56 1.56 1.56 1.56 1.56 1.55 1.55 1.44 1.44 1.44 1.58 1.58 1.51 1.51 1.51 1.51 1.51 1.51 1.51 1.51 1.51 1.51 1.51 1.51 1.51 1.71 1.71 1.71 1.71 1.71 1.49 1.49 1.49 1.49 1.49 1.13 1.13 1.13 1.27 1.27 1.27 1.27 1.27 1.13 1.13 1.13 1.47 1.47 1.47 1.47 1.47 1.31 1.31 1.31 1.31 1.31 1.31 1.42 1.42 1.42 1.42 1.42 1.42 1.42 1.42 1.42 -9999 -9999 -9999 -9999 -9999 -9999 -9999 -9999 -9999
1.73 1.56 1.56 1.56 1.56 1.56 1.56 1.56 1.56 1.56 1.56 1.55 1.55 1.55 1.44 1.58 1.58 1.58 1.51 1.51 1.51 1.51 1.51 1.51 1.51 1.51 1.51 1.51 1.55 1.55 1.71 1.71 1.71 1.71 1.71 1.49 1.49 1.49 1.49 1.49 1.13 1.13 1.27 1.27 1.27 1.27 1.27 1.27 1.27 1.27 1.47 1.47 1.47 1.47 1.47 1.47 1.31 1.31 1.31 1.31 1.31 1.42 1.42 1.42 1.42 1.42 1.42 1.42 1.42 1.42 1.42 -9999 -9999 -9999 1.64 1.64 1.6 -9999 -9999 -9999
1.87 1.87 1.87 1.58 1.58 1.56 1.58 1.55 1.56 1.56 1.55 1.55 1.55 1.55 1.58 1.58 1.58 1.58 1.58 1.51 1.51 1.51 1.51 1.51 1.51 1.51 1.51 1.55 1.55 1.71 1.71 1.71 1.71 1.71 1.49 1.49 1.49 1.49 1.49 1.78 1.78 1.78 1.27 1.27 1.27 1.27 1.27 1.27 1.27 1.27 1.47 1.47 1.47 1.47 1.47 1.47 1.47 1.31 1.31 1.31 1.42 1.42 1.42 1.42 1.42 1.42 1.42 1.42 1.42 1.42 1.42 1.64 1.64 1.64 1.64 1.64 1.6 1.6 -9999 1.6
1.87 1.87 1.87 1.58 1.58 1.58 1.58 1.58 1.55 1.55 1.55 1.55 1.55 1.58 1.58 1.58 1.58 1.58 1.58 1.51 1.51 1.51 1.51 1.51 1.51 1.51 1.51 1.55 1.55 1.71 1.71 1.71 1.71 1.71 1.71 1.49 1.49 1.49 1.78 1.78 1.78 1.78 1.27 1.27 1.27 1.27 1.27 1.27 1.27 1.27 1.33 1.47 1.47 1.47 1.47 1.47 1.47 1.31 1.31 1.31 1.42 1.42 1.42 1.42 1.42 1.42 1.42 1.42 1.42 1.42 1.64 1.64 1.64 1.64 1.64 1.64 1.6 1.6 1.6 -9999
1.87 1.87 1.87 1.58 1.58 1.58 1.58 1.58 1.58 1.55 1.55 1.55 1.75 1.75 1.58 1.58 1.58 1.78 1.78 1.78 1.93 1.93 1.93 1.93 1.93 1.51 1.51 1.55 1.71 1.71 1.71 1.71 1.71 1.71 1.49 1.49 1.49 1.78 1.78 1.78 1.78 1.78 1.78 1.27 1.27 1.27 1.27 1.27 1.27 1.27 1.33 1.33 1.33 1.33 1.47 1.47 1.47 1.27 1.27 1.42 1.42 1.42 1.42 1.42 1.42 1.42 1.42 1.42 1.42 1.42 1.64 1.64 1.64 1.64 1.64 1.64 1.64 1.6 1.6 1.6
1.87 1.87 1.87 1.87 1.58 1.58 1.58 1.58 1.58 1.58 1.75 1.75 1.75 1.75 1.75 1.58 1.78 1.78 1.78 1.78 1.93 1.93 1.93 1.93 1.51 1.51 1.55 1.55 1.71 1.71 1.71 1.71 1.71 1.71 1.49 1.49 1.49 1.78 1.78 1.78 1.78 1.78 1.78 1.78 1.27 1.27 1.27 1.27 1.27 1.27 1.33 1.33 1.33 1.33 1.33 1.33 1.27 1.27 1.27 1.42 1.42 1.42 1.42 1.42 1.42 1.42 1.42 1.42 1.42 1.42 1.64 1.64 1.64 1.64 1.64 1.64 1.64 1.6 1.6 1.6
1.87 1.87 1.87 1.58 1.58 1.78 1.58 1.58 1.58 1.58 1.75 1.75 1.75 1.75 1.75 1.75 1.78 1.78 1.78 1.78 1.93 1.93 1.93 1.93 1.93 1.82 1.82 1.82 1.71 1.71 1.71 1.71 1.97 1.97 1.49 1.49 1.49 1.49 1.78 1.78 1.78 1.78 1.78 1.78 1.78 1.58 1.27 1.33 1.33 1.33 1.33 1.33 1.33 1.33 1.33 1.27 1.27 1.27 1.27 1.42 1.42 1.42 1.42 1.42 1.42 1.42 1.42 1.42 1.42 1.42 1.64 1.64 1.64 1.64 1.64 1.64 1.64 1.64 1.6 1.6
1.71 1.87 1.87 1.87 1.78 1.78 1.78 1.78 1.78 1.78 1.75 1.75 1.75 1.75 1.75 1.75 1.78 1.78 1.78 1.78 1.93 1.93 1.93 1.93 1.93 1.82 1.82 1.82 1.71 1.71 1.71 1.97 1.97 1.97 1.97 1.49 1.49 1.98 1.78 1.78 1.78 1.78 1.78 1.78 1.58 1.58 1.58 1.33 1.33 1.33 1.33 1.33 1.33 1.33 1.33 1.27 1.27 1.27 1.27 1.42 1.42 1.42 1.42 1.42 1.42 1.42 1.42 1.42 1.42 1.42 1.64 1.64 1.64 1.64 1.64 1.64 1.64 1.6 1.6 1.6
1.71 1.71 1.87 1.78 1.78 1.78 1.78 1.78 1.78 1.75 1.75 1.75 1.75 1.75 1.75 1.75 1.75 1.78 1.78 1.78 1.93 1.93 1.93 1.93 1.93 1.82 1.82 1.82 1.82 1.71 1.97 1.97 1.97 1.97 1.49 1.49 1.98 1.98 1.98 1.78 1.78 1.78 1.78 1.78 1.58 1.58 1.58 1.33 1.33 1.33 1.33 1.33 1.33 1.33 1.33 1.27 1.27 1.27 1.75 1.75 1.42 1.42 1.42 1.42 1.42 1.42 1.42 1.42 1.42 1.42 1.64 1.64 1.64 1.64 1.64 1.64 1.64 1.6 1.6 1.6
1.71 1.71 2.59 2.59 1.78 1.78 1.78 1.78 1.78 1.75 1.75 1.75 1.75 1.75 1.75 1.75 1.75 1.78 1.78 1.78 1.93 1.93 1.93 1.93 1.93 1.82 1.82 1.82 1.82 1.82 1.97 1.97 1.97 1.49 1.98 1.98 1.98 1.98 1.98 1.78 1.78 1.78 1.78 1.78 1.78 1.58 1.58 1.33 1.33 1.33 1.33 1.33 1.33 1.33 1.33 1.33 1.33 1.75 1.75 1.75 1.78 1.78 1.78 1.78 1.78 1.78 1.78 1.78 1.78 1.64 1.64 1.64 1.64 1.64 1.64 1.64 1.64 1.6 1.6 1.6
1.71 2.59 2.59 2.59 1.78 1.78 1.78 1.78 1.78 1.75 1.75 1.75 1.75 1.75 1.75 1.75 1.75 1.78 1.78 1.78 1.93 1.93 1.93 1.93 1.93 1.82 1.82 1.82 1.82 1.82 1.97 1.97 1.97 1.98 1.98 1.98 1.98 1.98 2.33 2.33 2.33 1.78 1.78 1.78 1.58 1.58 1.58 1.58 1.58 2.17 1.33 1.33 1.33 1.33 1.33 1.33 1.33 1.75 1.75 1.75 1.75 1.78 1.78 1.78 1.78 1.78 1.78 1.78 1.78 1.78 1.64 1.64 1.64 1.64 1.64 1.64 1.6 1.6 1.6 1.6
2.09 2.59 2.59 2.59 2.59 1.78 1.78 1.78 1.78 1.75 1.75 1.75 2.06 2.06 2.06 1.75 1.75 1.78 1.78 1.78 1.78 1.93 1.93 1.93 1.82 1.82 1.82 1.82 1.82 1.97 1.97 1.98 1.98 1.98 1.98 1.98 1.98 1.98 2.33 2.33 2.33 2.33 2.33 1.58 1.58 1.58 1.58 1.58 1.58 2.17 2.17 1.33 1.33 1.33 1.33 1.33 1.33 1.33 1.75 1.75 1.75 1.78 1.78 1.78 1.78 1.78 1.78 1.78 1.78 1.78 1.64 1.64 1.64 1.64 1.64 1.64 1.6 1.6 1.6 1.73
2.09 2.64 2.59 2.59 2.59 2.59 1.78 1.78 1.78 1.75 1.75 2.06 2.06 2.06 1.75 1.75 1.78 1.78 1.78 1.78 1.78 1.93 1.93 1.93 1.93 2.07 1.82 1.82 1.82 1.97 2.07 1.98 1.98 2.22 2.22 2.22 2.22 2.22 2.33 2.33 2.33 2.33 2.33 1.77 1.77 1.77 1.77 2.17 2.17 2.17 2.17 2.17 1.33 1.33 1.33 1.33 1.33 1.75 1.75 1.75 1.75 1.75 1.78 1.78 1.78 1.78 1.78 1.78 1.78 1.78 1.64 1.64 1.64 1.64 1.6 1.6 1.6 1.6 1.6 1.6
2.09 2.64 2.59 2.59 2.59 2.59 2.59 2.06 2.06 1.75 1.75 2.06 2.06 2.06 2.24 2.24 2.24 2.24 2.24 1.78 1.78 1.78 1.93 1.93 1.93 2.07 2.07 2.07 2.07 2.07 2.07 2.07 2.22 2.22 2.22 2.22 2.22 2.22 2.33 2.33 2.33 2.33 2.33 2.33 1.77 1.77 1.77 2.17 2.17 2.17 2.17 2.17 1.33 1.33 1.33 1.33 1.33 1.75 1.75 1.75 1.75 1.75 1.75 1.78 1.78 1.78 1.78 1.78 1.78 1.78 1.78 1.64 1.64 1.6 1.6 1.6 1.6 1.6 1.6 1.6
2.09 2.64 2.64 2.59 2.59 2.64 2.64 2.06 2.06 2.06 2.06 2.06 2.06 2.06 2.24 2.24 2.24 2.24 2.24 1.78 1.78 1.78 1.93 2.07 2.07 2.07 2.07 2.07 2.07 2.07 2.07 2.07 2.22 2.22 2.22 2.22 2.22 2.22 2.33 2.33 2.33 2.33 2.33 2.33 1.77 1.77 1.77 1.77 2.17 2.17 1.55 1.55 1.33 1.33 1.33 1.33 1.75 1.75 1.75 1.75 1.75 1.75 1.75 1.75 1.78 1.78 1.78 1.78 1.78 1.78 1.78 1.78 1.64 1.6 1.6 1.6 1.6 1.6 1.6 1.6
2.09 2.09 2.64 2.64 2.64 2.64 2.64 2.06 2.06 2.06 2.06 2.06 2.06 2.06 2.24 2.24 2.24 2.24 2.24 2.15 2.15 2.15 2.15 2.07 2.07 2.07 2.07 2.07 2.07 2.07 2.07 2.07 2.22 2.22 2.22 2.22 2.22 2.22 2.22 2.35 2.33 2.15 2.15 2.15 2.15 1.77 1.77 1.77 1.55 1.55 1.55 1.55 1.33 1.33 1.33 1.33 1.33 1.75 1.75 1.75 1.75 1.75 1.75 1.75 1.75 1.78 1.78 1.78 1.78 1.78 1.78 1.78 2.06 2.06 1.6 1.6 1.6 1.6 1.6 1.73
2.09 2.09 2.09 2.64 2.64 2.64 2.64 2.64 2.06 2.06 2.06 2.06 2.06 2.06 2.24 2.24 2.24 2.24 2.24 2.15 2.15 2.15 2.15 2.07 2.07 2.07 2.07 2.07 2.07 2.07 2.07 2.07 2.22 2.22 2.22 2.22 2.22 2.22 2.22 2.35 2.35 2.15 2.15 2.15 2.15 2.15 1.77 1.77 1.55 1.55 1.55 1.55 1.55 1.33 1.33 1.33 1.33 1.75 1.75 1.75 1.75 1.75 1.75 1.82 1.82 1.82 1.78 1.78 1.78 1.78 2.06 2.06 2.06 2.06 1.6 2.06 1.6 2.06 2.06 1.73
2.53 2.09 2.09 2.09 2.64 2.64 2.64 2.42 2.06 2.06 2.06 2.06 2.06 2.06 2.06 2.24 2.24 2.24 2.15 2.15 2.15 2.15 2.15 2.07 2.07 2.07 2.07 2.07 2.07 2.07 2.07 2.22 2.22 2.22 2.22 2.22 2.22 2.22 2.35 2.35 2.35 2.15 2.15 2.15 2.15 2.15 1.55 1.55 1.55 1.55 1.55 1.55 2.38 2.38 1.33 1.75 1.75 1.75 1.75 1.75 1.82 1.82 1.82 1.82 1.82 1.82 1.82 1.82 1.78 1.78 2.06 2.06 2.06 2.06 2.06 2.06 2.06 2.06 2.06 2.09
3.55 3.55 2.09 2.09 2.09 2.64 2.42 2.42 2.42 2.06 2.06 2.06 2.06 2.06 2.24 2.24 2.24 2.24 2.24 2.15 2.15 2.15 2.15 2.07 2.07 2.07 2.07 2.07 2.07 2.38 2.38 2.22 2.22 2.22 2.22 2.22 2.22 2.35 2.35 2.35 2.35 2.15 2.15 2.15 2.15 1.55 1.55 1.55 1.55 1.55 1.55 2.38 2.38 2.38 2.38 1.75 1.75 1.75 1.75 1.75 1.75 1.75 1.82 1.82 1.82 1.82 1.82 1.82 1.82 1.82 2.06 2.06 2.06 2.06 2.06 2.06 2.06 2.06 2.09 2.09
3.55 3.55 3.55 3.55 2.42 2.42 2.42 2.42 2.42 2.42 2.06 2.06 2.06 2.06 2.24 2.24 2.24 2.24 2.24 2.15 2.15 2.15 2.07 2.07 2.07 2.07 2.07 2.38 2.38 2.38 2.38 2.38 2.22 2.22 2.22 2.22 2.22 2.35 2.35 2.35 2.35 2.15 2.15 2.15 2.15 2.15 1.55 1.55 1.55 2.38 2.38 2.38 2.38 2.38 2.38 2.38 2.15 2.15 2.15 1.75 1.75 1.75 1.82 1.82 1.82 1.82 1.97 1.97 1.82 1.82 1.82 2.06 2.06 2.06 2.06 2.06 2.06 2.09 2.09 2.09
3.55 3.55 3.55 3.55 3.55 3.55 2.42 2.42 2.42 2.42 2.42 2.42 2.42 2.42 2.24 2.24 2.24 2.24 2.8 2.15 2.15 2.8 2.15 2.07 2.07 2.07 2.07 2.38 2.38 2.38 2.38 2.38 3.02 2.22 2.22 2.22 2.22 2.35 2.35 2.35 2.35 2.15 2.15 2.15 2.15 2.48 2.38 2.38 2.38 2.38 2.38 2.38 2.38 2.38 2.38 2.38 2.15 2.15 2.15 2.15 2.15 1.82 1.82 1.82 1.82 1.97 1.97 1.97 1.97 1.97 2.06 2.06 2.06 2.06 2.06 2.06 2.06 2.09 2.09 2.09
