layers/rainwind/HTI_rain_wind_wind_score.asc
NCOLS 343 
NROWS 248 
XLLCORNER -74.4803996469999 
YLLCORNER 18.0221399550001 
CELLSIZE 0.00833308698833808 
NODATA_value -9999 
[rows 185 to 221 of 248, columns 0 to 83 of 343]
-9999 -9999 -9999 -9999 -9999 -9999 8.44 8.44 8.92 8.92 8.92 8.92 8.92 8.92 9.5 9.5 9.5 9.5 9.5 10 10 10 10 10 10 10 9.35 9.35 9.35 9.35 9.35 8.61 8.61 8.25 8.25 8.25 8.25 7.28 7.28 7.28 7.28 7.28 6.62 6.62 6.62 6.62 6.62 6.21 6.21 6.21 6.21 6.21 6.21 6.21 6.21 6.21 6.21 5.52 5.52 5.52 5.52 5.52 5.52 5.5 5.5 5.44 5.44 5.44 5.44 5.31 5.31 5.31 5.31 5.31 5.31 4.75 4.75 4.75 4.75 4.75 4.75 4.75 4.75 -9999
-9999 -9999 -9999 -9999 -9999 8.44 8.44 8.44 8.92 8.92 8.92 8.92 8.92 9.5 9.5 9.5 9.5 9.5 9.5 10 10 10 10 10 10 9.35 9.35 9.35 9.35 9.35 9.35 8.61 8.61 8.25 8.25 8.25 8.25 7.28 7.28 7.28 7.28 7.28 6.62 6.62 6.62 6.62 6.62 6.21 6.21 6.21 6.21 6.21 6.21 5.52 6.21 5.52 5.52 5.52 5.52 5.52 5.52 5.52 5.52 5.52 5.44 5.44 5.44 5.44 5.31 5.31 5.31 5.31 5.31 5.31 5.31 4.75 4.75 4.75 4.75 4.75 4.75 4.75 4.75 4.75
-9999 -9999 -9999 -9999 8.44 8.44 8.44 8.44 8.44 8.92 8.92 8.92 9.03 9.5 9.5 9.5 9.5 9.5 10 10 10 10 10 9.35 9.35 9.35 9.35 9.35 9.35 9.35 8.61 8.61 8.25 8.25 8.25 8.25 8.25 7.28 7.28 7.28 7.28 6.62 6.62 6.62 6.62 6.62 6.62 6.21 6.21 6.21 6.21 6.21 6.03 5.52 5.52 5.52 5.52 5.52 5.52 5.52 5.52 5.52 5.52 5.44 5.44 5.44 5.44 5.44 5.31 5.31 5.31 5.31 5.31 5.31 5.31 4.75 4.75 4.75 4.75 4.75 4.75 4.75 4.75 4.75
-9999 -9999 -9999 -9999 -9999 8.44 8.44 8.44 8.44 8.44 9.03 9.03 9.03 9.5 9.5 9.5 9.5 10 10 10 10 10 10 9.35 9.35 9.35 9.35 9.35 9.35 9.35 8.61 8.61 8.61 8.25 8.25 8.25 7.28 7.28 7.28 7.28 7.28 6.62 6.62 6.62 6.62 6.62 6.62 6.62 6.03 6.03 6.03 6.03 6.03 6.03 5.52 5.52 5.5 5.5 5.5 5.5 5.44 5.44 5.44 5.44 5.44 5.44 5.44 5.44 5.44 5.31 5.31 5.31 5.31 5.31 4.75 4.75 4.75 4.75 4.75 4.75 4.75 4.75 4.75 4.75
-9999 -9999 -9999 -9999 8.44 8.44 8.44 8.44 8.44 8.44 9.03 9.03 9.4 9.5 9.5 9.5 9.5 10 10 10 10 10 10 9.35 9.35 9.35 9.35 9.35 9.35 9.35 8.61 8.61 8.61 8.61 8.61 8.25 7.28 7.28 7.28 7.28 6.62 6.62 6.62 6.62 6.62 6.62 6.62 6.62 6.03 6.03 6.03 6.03 6.03 5.52 5.52 5.5 5.5 5.5 5.5 5.08 5.08 5.08 5.44 5.44 5.44 5.44 5.44 5.44 5.44 5.44 5.31 5.31 5.31 4.75 4.75 4.75 4.75 4.75 4.75 4.75 4.75 4.75 4.75 4.75
-9999 -9999 -9999 8.44 8.44 8.44 8.44 8.3 8.44 8.44 9.03 9.4 9.4 9.5 9.5 9.5 9.5 9.5 10 10 10 10 10 10 9.35 9.35 9.35 9.35 9.35 9.35 8.61 8.61 8.61 8.61 8.61 8.25 8.25 8.25 7.28 7.28 7.28 6.62 6.62 6.62 6.62 6.62 6.62 6.03 6.03 6.03 6.03 6.03 6.03 5.5 5.5 5.5 5.5 5.5 5.5 5.5 5.08 5.08 5.44 5.44 5.44 5.44 5.44 5.44 5.44 5.44 5.31 5.31 5.31 4.75 4.75 4.75 4.75 4.75 4.75 4.75 4.75 4.75 4.75 4.75
-9999 -9999 8.3 8.3 8.3 8.3 8.3 8.3 8.3 8.3 9.4 9.4 9.4 9.5 9.5 9.5 9.5 9.5 9.5 9.5 10 10 10 9.35 9.35 9.35 9.35 9.35 9.35 8.61 8.61 8.61 8.61 8.61 8.61 8.25 8.25 8.25 7.28 7.28 7.28 7.28 6.62 6.62 6.62 6.62 6.03 6.03 6.03 6.03 6.03 6.03 6.03 5.5 5.5 5.5 5.5 5.5 5.5 5.5 5.08 5.08 5.08 5.08 5.08 5.44 5.44 5.44 5.44 5.44 5.31 5.31 5.31 4.74 4.74 4.74 4.74 4.74 4.74 4.74 4.74 4.75 4.75 4.75
-9999 -9999 -9999 8.3 8.3 8.3 8.3 8.3 8.3 8.3 9.4 9.4 9.4 9.4 9.5 9.5 9.5 9.5 9.5 9.5 10 10 10 10 9.35 9.35 9.35 9.35 8.61 8.61 8.61 8.61 8.61 8.61 8.61 8.25 8.25 8.25 7.28 7.28 7.28 7.28 7.28 6.62 6.62 6.62 6.03 6.03 6.03 6.03 6.03 6.03 6.03 6.03 5.5 5.5 5.5 5.5 5.5 5.5 5.5 5.08 5.08 5.08 5.08 5.08 5.08 5.08 5.08 5.08 5.08 4.74 4.74 4.74 4.74 4.74 4.74 4.74 4.74 4.74 4.74 4.75 4.75 4.75
-9999 -9999 -9999 8.32 8.32 8.3 8.32 8.32 8.32 8.32 8.32 9.4 9.4 9.4 9.4 9.5 9.5 9.5 9.5 9.5 10 10 10 10 9.35 9.35 9.35 8.61 8.61 8.61 8.61 8.61 8.61 7.28 7.28 7.28 7.28 7.28 7.28 7.28 7.28 7.28 7.28 6.62 6.62 6.62 6.03 6.03 6.03 6.03 6.03 6.03 6.03 5.5 5.5 5.5 5.5 5.5 5.5 5.5 5.08 5.08 5.08 5.08 5.08 5.08 5.08 5.08 5.08 4.75 4.74 4.74 4.74 4.74 4.74 4.74 4.74 4.74 4.74 4.74 4.74 4.75 4.75 4.75
-9999 -9999 -9999 8.32 8.32 8.32 8.32 8.32 8.32 8.32 8.32 8.32 9.4 9.4 9.4 9.5 9.5 9.5 9.5 9.5 10 10 10 10 9.35 9.35 9.35 9.35 8.61 8.61 8.61 8.61 7.28 7.28 7.28 7.28 7.28 7.28 7.28 7.28 7.28 7.28 6.62 6.62 6.62 6.62 6.03 6.03 6.03 6.03 6.03 6.03 6.03 5.5 5.5 5.5 5.5 5.5 5.5 5.08 5.08 5.08 5.08 5.08 5.08 5.08 5.08 5.08 4.75 4.75 4.75 4.74 4.74 4.74 4.74 4.74 4.74 4.74 4.74 4.74 4.74 4.74 4.75 4.75
-9999 -9999 8.32 8.32 8.32 8.32 8.32 8.32 8.32 8.32 8.32 8.32 9.4 9.4 9.4 9.4 9.4 9.5 9.4 9.4 9.4 10 10 9.35 9.35 9.35 9.35 9.35 8.61 8.61 9.35 9.35 7.28 7.28 7.28 7.28 7.28 7.28 7.28 7.28 7.28 7.28 6.62 6.62 6.62 6.62 6.03 6.03 6.03 6.03 6.03 6.03 6.03 5.5 5.5 5.5 5.5 5.5 5.5 5.08 5.08 5.08 5.08 5.08 5.08 5.08 4.75 4.75 4.75 4.75 4.75 4.75 4.74 4.74 4.74 4.74 4.74 4.74 4.74 4.74 4.74 4.74 4.74 4.74
-9999 -9999 8.32 8.32 8.32 7.99 7.99 8.32 8.32 8.32 8.32 9.4 9.4 9.4 9.4 9.4 9.4 9.4 9.4 9.4 9.4 10 10 9.35 9.35 9.35 9.35 9.35 9.35 9.35 9.35 7.28 7.28 7.28 7.28 7.28 7.28 7.28 7.28 7.28 7.28 7.28 6.62 6.62 6.62 6.62 6.03 6.03 6.03 6.03 6.03 6.03 6.03 6.03 5.5 5.5 5.5 5.5 5.5 5.5 5.08 5.08 5.08 5.08 5.08 5.08 4.75 4.75 4.75 4.75 4.75 4.75 4.75 4.74 4.74 4.74 4.74 4.74 4.74 4.74 4.74 4.74 4.74 4.75
-9999 7.99 7.99 7.99 7.99 7.99 7.99 7.99 7.99 7.99 9.27 9.27 9.27 9.27 9.4 9.4 9.4 9.4 9.4 9.4 10 10 10 10 9.35 9.35 9.35 9.35 9.35 9.35 9.35 7.28 7.28 7.28 7.28 7.28 7.28 7.28 7.28 7.28 7.28 7.28 7.28 6.62 6.03 6.03 6.03 6.03 6.03 6.03 6.03 6.03 6.03 6.03 5.5 5.5 5.5 5.5 5.5 5.08 5.08 5.08 5.08 5.08 5.08 5.08 4.75 4.75 4.75 4.75 4.75 4.75 4.75 4.75 4.74 4.74 4.74 4.74 4.74 4.74 4.74 4.74 4.74 4.75
-9999 7.99 7.99 7.99 7.99 9.27 9.27 9.27 9.27 7.99 9.27 9.27 9.27 9.27 9.27 9.4 9.4 9.4 9.4 9.4 10 10 10 10 9.35 9.35 9.35 9.35 9.35 9.35 9.35 7.28 7.28 7.28 7.28 7.28 7.28 7.28 7.28 7.28 7.28 7.28 7.28 6.03 6.03 6.03 6.03 6.03 6.03 6.03 6.03 6.03 6.03 5.5 5.5 5.5 5.5 5.5 5.08 5.08 5.08 5.08 5.08 5.08 5.08 5.08 4.75 4.75 4.75 4.75 4.75 4.75 4.75 4.75 4.74 4.74 4.74 4.74 4.74 4.74 4.74 4.74 4.74 4.74
-9999 7.99 7.99 7.99 7.99 9.27 9.27 9.27 9.27 9.27 9.27 9.27 9.27 9.27 9.27 9.27 9.4 9.4 10 10 10 10 10 10 9.35 9.35 9.35 9.35 9.35 9.35 9.35 7.28 7.28 7.28 7.28 7.28 7.28 7.28 7.28 7.28 7.28 7.28 7.28 7.28 6.03 6.03 6.03 6.03 6.03 6.03 6.03 6.03 6.03 6.03 5.5 5.5 5.5 5.5 5.08 5.08 5.08 5.08 5.08 5.08 5.08 5.08 4.75 4.75 4.75 4.75 4.75 4.75 4.75 4.75 4.74 4.74 4.74 4.74 4.74 4.74 4.74 4.74 4.74 4.74
-9999 9.27 9.27 9.27 9.27 8.79 9.27 8.79 8.79 9.27 9.27 9.27 9.27 9.27 9.27 9.27 9.27 9.27 10 10 10 10 10 10 9.35 9.35 9.35 9.35 9.35 9.35 9.35 9.35 7.28 7.28 7.28 7.28 7.28 7.28 7.28 7.28 7.28 7.28 7.28 7.28 6.03 6.03 6.03 6.03 6.03 6.03 6.03 6.03 6.03 6.03 5.5 5.5 5.5 5.5 5.08 5.08 5.08 5.08 5.08 5.08 5.08 4.75 4.75 4.75 4.75 4.75 4.75 4.75 4.75 4.75 4.75 4.74 4.74 4.74 4.74 4.74 4.74 4.04 4.04 4.04
-9999 -9999 9.27 9.27 8.79 8.79 8.79 8.79 8.79 8.79 8.79 9.27 9.27 9.27 9.27 9.27 9.27 9.27 9.27 9.27 9.27 10 10 10 10 9.35 9.35 9.35 9.35 9.35 9.35 7.28 7.28 7.28 7.28 7.28 7.28 7.28 7.28 7.28 7.28 7.28 7.28 7.28 7.28 6.03 6.03 6.03 6.03 6.03 6.03 6.03 6.03 6.03 5.5 5.5 5.5 5.5 5.08 5.08 5.08 5.08 5.08 5.08 5.08 4.75 4.75 4.75 4.75 4.75 4.75 4.75 4.75 4.75 4.74 4.74 4.74 4.51 4.51 4.51 4.04 4.04 4.04 4.04
-9999 -9999 -9999 8.79 8.79 8.79 8.19 8.79 8.79 8.79 8.79 8.79 9.27 9.27 9.27 9.27 9.27 9.27 9.27 9.27 9.27 9.27 10 10 9.35 9.35 9.35 9.35 9.35 9.35 9.35 9.35 7.28 7.28 7.28 7.28 7.28 7.28 7.28 7.28 7.28 7.28 7.28 7.28 7.28 6.27 6.27 5.82 5.82 5.82 5.82 6.03 6.03 5.5 5.5 5.5 5.5 5.08 5.08 5.08 5.08 5.08 5.08 5.08 5.08 4.75 4.75 4.75 4.75 4.75 4.51 4.51 4.51 4.51 4.51 4.51 4.51 4.51 4.51 4.04 4.04 4.04 4.04 4.04
-9999 -9999 -9999 -9999 8.19 8.19 8.19 8.79 8.79 8.79 8.79 8.79 8.79 8.79 8.79 9.27 9.27 9.27 9.27 9.27 9.27 9.27 9.63 10 9.35 9.35 9.35 9.35 9.35 9.35 9.35 9.35 7.99 7.99 7.99 7.99 7.99 6.71 6.71 6.71 6.71 6.71 6.71 6.71 6.71 6.27 6.27 6.27 5.82 5.82 5.82 5.82 6.03 5.5 5.5 5.5 5.5 5.08 5.08 5.08 5.08 5.08 5.08 5.08 5.08 5.08 4.75 4.75 4.75 4.51 4.51 4.51 4.51 4.51 4.51 4.51 4.51 4.51 4.51 4.51 4.04 4.04 4.04 4.04
-9999 -9999 -9999 -9999 8.19 8.19 8.19 8.19 8.79 8.79 8.79 8.79 8.79 8.79 8.79 8.79 9.27 9.27 9.27 9.27 9.27 9.27 9.63 9.63 10 9.35 9.35 9.35 9.35 9.35 9.35 7.99 7.99 7.99 7.99 7.99 7.99 7.99 6.71 6.71 6.71 6.71 6.71 6.71 6.71 6.27 6.27 5.82 5.82 5.82 5.82 5.82 5.82 5.17 5.5 5.5 5.5 5.08 5.08 5.08 5.08 5.08 5.08 5.08 5.08 5.08 4.75 4.75 4.75 4.51 4.51 4.51 4.51 4.51 4.51 4.51 4.51 4.51 4.51 4.04 4.04 4.04 4.04 4.04
-9999 -9999 -9999 8.19 8.19 8.19 8.19 8.19 8.19 8.19 8.79 8.79 8.79 8.79 8.79 8.79 8.79 9.27 9.27 9.27 9.27 9.27 9.63 9.63 9.63 9.63 9.35 9.35 9.35 7.99 7.99 7.99 7.99 7.99 7.99 7.99 7.99 6.71 6.71 6.71 6.71 6.71 6.71 6.71 6.71 6.27 6.27 6.27 5.82 5.82 5.82 5.82 5.82 5.17 5.17 5.17 5.17 5.17 5.17 5.08 5.08 5.08 5.08 5.08 5.08 4.75 4.75 4.75 4.75 4.75 4.51 4.51 4.51 4.51 4.51 4.51 4.51 4.51 4.51 4.51 4.04 4.04 4.04 4.04
-9999 -9999 -9999 -9999 8.19 8.19 8.19 8.19 8.19 8.19 8.19 8.79 8.79 8.79 8.79 8.79 8.79 9.27 9.27 9.27 9.27 9.63 9.63 9.63 9.63 9.63 9.63 9.63 9.63 7.99 7.99 7.99 7.99 7.99 7.99 7.99 6.71 6.71 6.71 6.71 6.71 6.71 6.71 6.71 6.27 6.27 6.27 5.82 5.82 5.82 5.82 5.82 5.82 5.17 5.17 5.17 5.17 5.17 5.17 5.17 5.17 4.75 4.75 4.75 4.75 4.75 4.75 4.75 4.75 4.75 4.51 4.51 4.51 4.51 4.51 4.51 4.51 4.51 4.51 4.51 4.04 4.04 4.04 4.04
-9999 -9999 -9999 -9999 8.19 9.11 8.19 8.19 9.11 8.19 8.19 9.11 9.11 9.11 9.11 9.11 9.11 9.11 9.11 9.11 9.63 9.63 9.63 9.63 9.63 9.63 9.63 9.63 9.63 9.63 7.99 7.99 7.99 7.99 7.99 7.99 6.71 6.71 6.71 6.71 6.71 6.71 6.71 6.71 6.27 6.27 5.82 5.82 5.82 5.82 5.82 5.82 5.17 5.17 5.17 5.17 5.17 5.17 5.17 5.17 4.75 4.75 4.75 4.75 4.75 4.75 4.75 4.75 4.75 4.75 4.75 4.75 4.51 4.51 4.51 4.51 4.51 4.51 4.51 4.51 4.04 4.04 4.04 4.04
-9999 -9999 -9999 -9999 9.11 9.11 9.11 9.11 9.11 9.11 9.11 9.11 9.11 9.11 9.11 9.11 9.11 9.11 9.11 9.11 9.63 9.63 9.63 9.63 9.63 9.63 9.63 9.63 9.63 9.63 7.99 7.99 7.99 7.99 7.99 7.99 6.71 6.71 6.71 6.71 6.71 6.71 6.71 6.27 6.27 5.82 5.82 5.82 5.82 5.82 5.82 5.82 5.17 5.17 5.17 5.17 5.17 5.17 5.17 4.75 4.75 4.75 4.75 4.75 4.75 4.75 4.75 4.75 4.75 4.75 4.75 4.75 4.75 4.51 4.51 4.51 4.51 4.51 4.51 4.51 4.51 4.04 4.04 4.04
-9999 -9999 -9999 -9999 -9999 9.11 9.11 9.11 9.11 9.11 9.11 9.11 9.11 9.11 9.11 9.11 9.11 9.11 9.11 9.11 9.63 9.63 9.63 9.63 9.63 9.63 9.63 9.49 9.49 9.49 9.49 7.99 7.99 7.99 7.99 7.99 6.71 6.71 6.71 6.71 6.71 6.27 6.27 6.27 5.82 5.82 5.82 5.82 5.82 5.82 5.82 5.82 5.17 5.17 5.17 5.17 5.17 5.17 5.17 4.75 4.75 4.75 4.75 4.75 4.75 4.75 4.75 4.75 4.75 4.75 4.75 4.75 4.75 4.51 4.51 4.51 4.51 4.51 4.51 4.51 4.51 4 4 4
-9999 -9999 -9999 -9999 -9999 -9999 -9999 -9999 -9999 9.11 9.11 9.11 9.11 9.11 9.11 9.11 9.11 9.11 9.11 9.11 9.63 9.63 9.63 9.63 9.49 9.49 9.49 9.49 9.49 9.49 7.99 7.99 7.99 7.99 7.99 7.99 6.71 6.71 6.71 6.71 6.27 6.27 6.27 5.82 5.82 5.82 5.82 5.82 5.82 5.82 5.82 5.82 5.17 5.17 5.17 5.17 5.17 5.17 5.17 5.17 4.75 4.75 4.75 4.75 4.75 4.75 4.75 4.75 4.75 4.75 4.75 4.75 4.75 4.51 4.51 4.51 4.51 4.51 4.51 4 4 4 4 4
-9999 -9999 -9999 -9999 -9999 -9999 -9999 -9999 -9999 -9999 9.11 9.11 9.11 9.11 9.11 9.11 9.6 9.6 9.6 9.6 9.6 9.6 9.6 9.49 9.49 9.49 9.49 9.49 9.49 7.99 7.99 7.99 7.99 7.99 7.17 7.17 7.17 7.17 7.17 7.17 7.17 7.17 6.27 6.27 5.82 5.82 5.82 5.76 5.82 5.76 5.82 5.76 5.76 5.17 5.17 5.17 5.17 5.17 5.17 5.17 5.17 4.75 4.75 4.75 4.75 4.75 4.75 4.75 4.75 4.75 4.75 4.75 4.75 4.51 4.51 4.13 4.13 4.13 4 4 4 4 4 4
-9999 -9999 -9999 -9999 -9999 -9999 -9999 -9999 -9999 -9999 9.6 9.6 9.6 9.6 9.6 9.6 9.6 9.6 9.6 9.6 9.6 9.6 9.6 9.49 9.49 9.49 9.49 9.49 7.99 7.99 7.99 7.99 7.99 7.17 7.17 7.17 7.17 7.17 7.17 7.17 7.17 7.17 7.17 6.27 6.27 5.82 5.82 5.76 5.76 5.76 5.76 5.76 5.76 5.76 5.17 5.17 5.17 5.17 5.17 5.17 5.17 5.17 5.17 5.17 4.75 4.75 4.75 4.75 4.75 4.75 4.75 4.75 4.75 4.75 4.13 4.13 4.13 4.13 4 4 4 4 4 4
-9999 -9999 -9999 -9999 -9999 -9999 -9999 -9999 -9999 -9999 -9999 -9999 9.6 9.6 9.6 9.6 9.6 9.6 9.6 9.6 9.6 9.6 9.49 9.49 9.49 9.49 -9999 -9999 -9999 -9999 -9999 7.99 7.99 7.17 7.17 7.17 7.17 7.17 7.17 7.17 7.17 6.27 6.27 6.27 6.27 5.82 5.76 5.76 5.76 5.76 5.76 5.76 5.76 5.76 5.76 5.17 5.17 5.17 5.17 5.17 5.17 5.17 5.17 5.17 5.17 4.75 4.75 4.71 4.75 4.75 4.75 4.75 4.75 4.75 4.13 4.13 4.13 4.13 4 4 4 4 4 4
-9999 -9999 -9999 -9999 -9999 -9999 -9999 -9999 -9999 -9999 -9999 -9999 -9999 9.6 9.6 9.6 9.6 9.6 9.6 9.6 9.49 9.49 9.49 9.49 -9999 -9999 -9999 -9999 -9999 -9999 -9999 7.99 7.99 7.17 7.17 6.93 6.93 6.93 6.93 6.93 6.93 6.93 6.27 6.27 6.27 5.76 5.76 5.76 5.76 5.76 5.76 5.76 5.76 5.76 5.76 5.5 5.17 5.17 5.17 5.17 5.17 5.17 5.17 5.17 4.75 4.71 4.71 4.71 4.71 4.71 4.75 4.75 4.75 4.03 4.13 4.13 4.13 4.13 4 4 4 4 4 4
-9999 -9999 -9999 -9999 -9999 -9999 -9999 -9999 -9999 -9999 -9999 -9999 -9999 -9999 -9999 -9999 9.6 9.49 9.49 9.49 9.49 9.49 9.49 -9999 -9999 -9999 -9999 -9999 -9999 -9999 -9999 -9999 -9999 -9999 -9999 6.93 6.93 6.93 6.93 6.93 6.93 6.93 6.27 6.27 6.27 5.76 5.76 5.76 5.76 5.76 5.76 5.76 5.72 5.72 5.72 5.5 5.5 5.17 5.17 5.17 5.17 5.17 5.17 4.75 4.71 4.71 4.71 4.71 4.71 4.71 4.71 4.75 4.75 4.03 4.13 4.13 4.13 4.13 4.13 4 4 4 4 4
-9999 -9999 -9999 -9999 -9999 -9999 -9999 -9999 -9999 -9999 -9999 -9999 -9999 -9999 -9999 -9999 -9999 -9999 -9999 -9999 -9999 -9999 -9999 -9999 -9999 -9999 -9999 -9999 -9999 -9999 -9999 -9999 -9999 -9999 -9999 -9999 -9999 6.93 6.93 6.93 6.93 6.93 6.27 6.27 6.27 6.27 5.76 5.76 5.76 5.72 5.72 5.72 5.72 5.72 5.5 5.5 5.5 5.17 5.17 5.17 5.17 5.17 5.17 4.71 4.71 4.71 4.71 4.71 4.71 4.71 4.71 4.71 4.71 4.03 4.03 4.13 4.13 4.13 4.13 4.13 4 4 4 4
-9999 -9999 -9999 -9999 -9999 -9999 -9999 -9999 -9999 -9999 -9999 -9999 -9999 -9999 -9999 -9999 -9999 -9999 -9999 -9999 -9999 -9999 -9999 -9999 -9999 -9999 -9999 -9999 -9999 -9999 -9999 -9999 -9999 -9999 -9999 -9999 -9999 -9999 6.93 6.93 6.93 6.93 6.27 6.27 6.27 6.27 5.76 5.76 5.76 5.72 5.72 5.5 5.5 5.5 5.5 5.5 5.5 5.39 5.17 5.17 5.17 5.17 5.17 5.17 4.71 4.71 4.71 4.71 4.71 4.71 4.71 4.71 4.71 4.71 4.03 4.13 4.13 4.13 4.13 4.13 4.03 4 4 4
-9999 -9999 -9999 -9999 -9999 -9999 -9999 -9999 -9999 -9999 -9999 -9999 -9999 -9999 -9999 -9999 -9999 -9999 -9999 -9999 -9999 -9999 -9999 -9999 -9999 -9999 -9999 -9999 -9999 -9999 -9999 -9999 -9999 -9999 -9999 -9999 -9999 -9999 -9999 -9999 6.93 6.93 6.27 6.27 6.27 6.27 5.76 5.72 5.72 5.72 5.72 5.5 5.5 5.5 5.5 5.5 5.39 5.39 5.17 5.17 5.17 5.17 5.17 5.17 4.71 4.71 4.71 4.71 4.71 4.71 4.71 4.71 4.71 4.71 4.71 4.03 4.13 4.03 4.03 4.03 4.03 4.03 4.03 4.03
-9999 -9999 -9999 -9999 -9999 -9999 -9999 -9999 -9999 -9999 -9999 -9999 -9999 -9999 -9999 -9999 -9999 -9999 -9999 -9999 -9999 -9999 -9999 -9999 -9999 -9999 -9999 -9999 -9999 -9999 -9999 -9999 -9999 -9999 -9999 -9999 -9999 -9999 -9999 -9999 -9999 -9999 6.27 6.27 6.27 5.72 5.72 5.72 5.72 5.72 5.5 5.5 5.5 5.5 5.39 5.39 5.39 4.79 4.79 5.17 5.17 5.17 5.17 5.17 5.17 4.71 4.71 4.71 4.71 4.71 4.71 4.71 4.71 4.71 4.71 4.71 4.03 4.03 4.03 4.03 4.03 4.03 4.03 4.03
-9999 -9999 -9999 -9999 -9999 -9999 -9999 -9999 -9999 -9999 -9999 -9999 -9999 -9999 -9999 -9999 -9999 -9999 -9999 -9999 -9999 -9999 -9999 -9999 -9999 -9999 -9999 -9999 -9999 -9999 -9999 -9999 -9999 -9999 -9999 -9999 -9999 -9999 -9999 -9999 -9999 -9999 -9999 -9999 -9999 5.72 5.72 5.72 5.72 5.72 5.5 5.5 5.5 5.5 5.5 5.39 5.39 5.39 4.79 4.79 5.17 5.17 5.17 4.75 4.75 4.75 4.75 4.71 4.71 4.71 4.71 4.71 4.71 4.71 4.71 4.19 4.03 4.03 4.03 4.03 4.03 4.03 4.03 4.03
-9999 -9999 -9999 -9999 -9999 -9999 -9999 -9999 -9999 -9999 -9999 -9999 -9999 -9999 -9999 -9999 -9999 -9999 -9999 -9999 -9999 -9999 -9999 -9999 -9999 -9999 -9999 -9999 -9999 -9999 -9999 -9999 -9999 -9999 -9999 -9999 -9999 -9999 -9999 -9999 -9999 -9999 -9999 -9999 -9999 -9999 -9999 5.72 5.72 5.5 5.5 5.5 5.5 5.5 5.5 5.5 5.39 5.39 4.79 4.79 5.17 5.17 4.75 4.75 4.75 4.75 4.75 4.75 4.75 4.75 4.71 4.71 4.71 4.71 4.19 4.19 4.19 4.03 4.03 4.03 4.03 4.03 4.03 4.03
