layers/rainwind/HTI_rain_wind_rain_score.asc
NCOLS 343 
NROWS 248 
XLLCORNER -74.4803996469999 
YLLCORNER 18.0221399550001 
CELLSIZE 0.00833308698833808 
NODATA_value -9999 
[rows 175 to 209 of 248, columns 0 to 79 of 343]
-9999 -9999 -9999 -9999 -9999 -9999 -9999 -9999 -9999 7.5 7.5 7.5 6.9 6.9 6.9 6.9 6.9 6.9 6.9 6.9 8.38 8.38 8.38 8.01 8.01 8.01 8.01 8.82 8.82 8.82 8.4 8.4 8.4 8.4 8.4 8.4 8.4 8.4 8.4 8.4 8.4 8.4 8.4 8.31 8.34 8.31 8.31 -9999 -9999 -9999 -9999 -9999 -9999 -9999 -9999 -9999 -9999 -9999 -9999 -9999 -9999 -9999 -9999 -9999 -9999 -9999 -9999 -9999 -9999 -9999 -9999 -9999 -9999 -9999 -9999 -9999 -9999 -9999 -9999 -9999
-9999 -9999 -9999 -9999 -9999 -9999 -9999 7.5 7.5 7.5 7.5 7.5 7.5 6.9 6.9 6.9 6.9 6.9 6.9 6.9 8.38 8.38 8.38 8.38 8.01 8.01 8.82 8.82 8.82 8.82 8.82 8.82 8.82 8.82 8.82 8.31 8.31 8.31 8.31 8.4 8.4 8.31 8.31 8.34 8.34 7.9 7.9 8.31 -9999 -9999 -9999 -9999 -9999 -9999 -9999 -9999 -9999 -9999 -9999 -9999 -9999 -9999 -9999 -9999 -9999 -9999 -9999 -9999 -9999 -9999 -9999 -9999 -9999 -9999 -9999 -9999 -9999 -9999 -9999 -9999
-9999 -9999 -9999 -9999 -9999 -9999 -9999 7.5 7.5 7.5 7.5 7.5 6.9 6.9 6.9 6.9 6.9 6.9 6.9 8.38 8.38 8.38 8.38 8.38 8.01 8.01 8.82 8.82 8.82 8.82 8.82 8.82 8.31 8.31 8.31 8.31 8.31 8.31 8.31 8.31 8.31 8.31 8.34 8.34 8.34 7.9 7.9 7.9 7.92 7.92 -9999 -9999 -9999 -9999 -9999 -9999 -9999 -9999 -9999 -9999 -9999 -9999 -9999 -9999 -9999 -9999 -9999 -9999 -9999 -9999 -9999 -9999 -9999 -9999 -9999 -9999 -9999 -9999 -9999 -9999
-9999 -9999 -9999 -9999 -9999 -9999 7.5 7.5 7.5 7.5 7.5 7.5 6.9 6.9 6.9 6.9 6.9 6.9 6.9 6.9 8.38 8.38 8.38 8.38 8.01 8.01 8.01 8.82 8.82 8.82 8.82 8.31 8.31 8.31 8.31 8.31 8.31 8.34 8.34 8.34 8.34 8.34 8.34 8.34 7.9 7.9 7.9 7.9 7.9 7.92 7.92 7.92 7.92 7.92 7.92 7.92 -9999 -9999 7.65 -9999 -9999 -9999 -9999 -9999 -9999 -9999 -9999 -9999 -9999 -9999 -9999 -9999 -9999 -9999 -9999 -9999 -9999 -9999 -9999 -9999
-9999 -9999 -9999 -9999 -9999 -9999 -9999 -9999 7.5 7.5 7.5 7.5 7.5 6.9 6.9 6.9 6.9 6.9 6.9 6.9 8.38 8.38 8.38 8.38 8.38 7.89 7.89 8.82 8.82 8.31 8.31 8.31 8.31 7.78 7.78 7.78 7.78 8.34 8.34 8.34 8.34 8.34 8.34 8.34 7.9 7.9 7.9 7.9 7.9 7.92 7.92 7.92 7.92 7.92 7.92 7.92 7.92 7.92 7.65 7.65 7.65 7.65 7.9 7.9 -9999 -9999 7.9 -9999 -9999 -9999 -9999 -9999 -9999 -9999 -9999 -9999 -9999 -9999 -9999 -9999
-9999 -9999 -9999 -9999 -9999 -9999 -9999 -9999 7.7 7.7 7.7 7.7 7.7 7.7 7.7 6.9 6.9 6.9 6.9 6.9 6.9 8.38 8.38 8.38 7.89 7.89 7.89 7.89 7.89 8.31 8.31 8.31 8.31 7.78 7.78 7.78 7.78 8.34 8.34 8.34 8.34 8.34 8.34 7.9 7.9 7.9 7.9 7.9 7.9 7.72 7.92 7.92 7.92 7.92 7.92 7.92 7.92 7.92 7.65 7.65 7.65 7.65 7.9 7.9 7.9 7.9 7.9 7.9 -9999 -9999 -9999 -9999 -9999 -9999 -9999 -9999 -9999 -9999 -9999 -9999
-9999 -9999 -9999 -9999 -9999 -9999 -9999 7.7 7.7 7.7 7.7 7.7 7.7 7.7 7.7 7.7 6.9 6.9 6.9 6.9 6.9 7.92 8.38 8.38 7.89 7.89 7.89 7.89 7.89 7.89 7.89 7.89 7.78 7.78 7.78 7.78 7.78 8.34 8.34 8.34 8.34 8.34 7.9 7.9 7.9 7.9 7.9 7.9 7.9 7.72 7.92 7.92 7.92 7.92 7.92 7.92 7.92 7.92 7.92 7.65 7.65 7.65 7.9 7.9 7.9 7.9 7.9 7.9 -9999 -9999 -9999 -9999 -9999 -9999 -9999 -9999 -9999 -9999 -9999 -9999
-9999 -9999 -9999 -9999 -9999 -9999 -9999 7.7 7.7 7.7 7.7 7.7 7.7 7.7 7.7 7.7 7.7 6.9 6.9 6.9 7.92 7.92 7.92 7.89 7.89 7.89 7.89 7.89 7.89 7.89 7.89 7.89 7.78 7.78 7.78 7.78 8.34 8.34 8.34 7.89 8.34 8.34 7.9 7.9 7.9 7.9 7.9 7.9 7.72 7.72 7.72 7.92 7.92 7.92 7.92 7.92 7.92 7.92 7.65 7.65 7.65 7.65 7.9 7.9 7.9 7.9 7.9 7.49 7.49 7.49 7.49 7.49 7.49 7.49 7.49 -9999 7.49 -9999 -9999 -9999
-9999 -9999 -9999 -9999 -9999 -9999 -9999 7.5 7.5 7.7 7.7 7.7 7.7 7.7 7.7 7.7 7.7 7.01 7.92 7.92 7.92 7.92 7.92 7.89 7.89 7.89 7.89 7.85 7.85 7.85 7.85 7.89 7.89 7.78 7.78 7.78 7.78 8.34 7.89 7.89 7.89 8.34 7.9 7.9 7.9 7.9 7.9 7.72 7.72 7.72 7.72 7.72 7.92 7.92 7.92 7.92 7.92 7.65 7.65 7.65 7.65 7.65 7.65 7.65 7.9 7.9 7.9 7.49 7.49 7.49 7.49 7.49 7.49 7.49 7.49 7.49 7.49 7.49 7.49 7.49
-9999 -9999 -9999 -9999 -9999 -9999 6.92 7.5 7.5 7.5 7.5 7.5 7.5 7.5 7.7 7.7 7.7 7.7 7.01 7.92 7.92 7.92 7.92 7.78 7.89 7.89 7.89 7.85 7.85 7.85 7.85 7.89 7.89 7.78 7.78 7.78 7.78 7.89 7.89 7.89 7.89 7.89 7.72 7.72 7.72 7.72 7.72 7.72 7.72 7.72 7.72 7.72 7.72 7.72 7.72 7.92 7.92 7.65 7.65 7.65 7.65 7.65 7.65 7.65 7.9 7.9 7.49 7.54 7.49 7.49 7.49 7.49 7.49 7.49 7.49 7.49 7.49 7.49 7.49 7.49
-9999 -9999 -9999 -9999 -9999 -9999 6.92 6.92 7.5 7.5 7.5 7.5 7.5 7.5 7.01 7.01 7.01 7.01 7.01 7.92 7.92 7.92 7.78 7.78 7.78 7.78 7.85 7.85 7.85 7.85 7.85 7.89 7.89 7.78 7.78 7.78 7.78 7.89 7.89 7.89 7.89 7.89 7.72 7.72 7.72 7.72 7.72 7.72 7.72 7.72 7.72 7.72 7.72 7.72 7.72 7.72 7.72 7.65 7.65 7.65 7.65 7.65 7.65 7.9 7.9 7.54 7.54 7.54 7.54 7.49 7.49 7.49 7.49 7.49 7.49 7.49 7.49 7.49 7.49 7.49
-9999 -9999 -9999 -9999 -9999 6.92 6.92 6.92 7.5 7.5 7.5 7.5 7.5 7.01 7.01 7.01 7.01 7.01 7.01 7.92 7.92 7.92 7.78 7.78 7.78 7.85 7.85 7.85 7.85 7.85 7.85 7.89 7.89 7.78 7.78 7.78 7.78 7.89 7.89 7.89 7.89 7.89 7.72 7.72 7.72 7.72 7.72 7.72 7.72 7.72 7.72 7.72 7.72 7.65 7.72 7.65 7.65 7.65 7.65 7.65 7.65 7.65 7.65 7.65 7.54 7.54 7.54 7.54 7.49 7.49 7.49 7.49 7.49 7.49 7.49 7.49 7.49 7.49 7.49 7.49
-9999 -9999 -9999 -9999 6.92 6.92 6.92 6.92 6.92 7.5 7.5 7.5 7.85 7.01 7.01 7.01 7.01 7.01 7.92 7.92 7.92 7.92 7.78 7.85 7.85 7.85 7.85 7.85 7.85 7.85 7.89 7.89 7.78 7.78 7.78 7.78 7.78 7.89 7.89 7.89 7.89 7.72 7.72 7.72 7.72 7.72 7.72 7.72 7.72 7.72 7.72 7.72 7.76 7.65 7.65 7.65 7.65 7.65 7.65 7.65 7.65 7.65 7.65 7.54 7.54 7.54 7.54 7.54 7.49 7.49 7.49 7.49 7.49 7.49 7.49 7.49 7.49 7.49 7.49 7.49
-9999 -9999 -9999 -9999 -9999 6.92 6.92 6.92 6.92 6.92 7.85 7.85 7.85 7.01 7.01 7.01 7.01 7.92 7.92 7.92 7.92 7.78 7.78 7.85 7.85 7.85 7.85 7.85 7.85 7.85 7.89 7.89 7.89 7.78 7.78 7.78 7.89 7.89 7.89 7.89 7.89 7.72 7.72 7.72 7.72 7.72 7.72 7.72 7.76 7.76 7.76 7.76 7.76 7.76 7.65 7.65 7.76 7.76 7.76 7.76 7.54 7.54 7.54 7.54 7.54 7.54 7.54 7.54 7.54 7.49 7.49 7.49 7.49 7.49 7.49 7.49 7.49 7.49 7.49 7.9
-9999 -9999 -9999 -9999 6.92 6.92 6.92 6.92 6.92 6.92 7.85 7.85 7.1 7.01 7.01 7.01 7.01 7.92 7.92 7.92 7.92 7.78 7.78 7.85 7.85 7.85 7.85 7.85 7.85 7.85 7.89 7.89 7.89 7.89 7.89 7.78 7.89 7.89 7.89 7.89 7.72 7.72 7.72 7.72 7.72 7.72 7.72 7.72 7.76 7.76 7.76 7.76 7.76 7.65 7.65 7.76 7.76 7.76 7.76 7.38 7.38 7.38 7.54 7.54 7.54 7.54 7.54 7.54 7.54 7.54 7.49 7.49 7.49 7.49 7.49 7.49 7.49 7.49 7.49 7.9
-9999 -9999 -9999 6.92 6.92 6.92 6.92 7.14 6.92 6.92 7.85 7.1 7.1 7.01 7.01 7.01 7.01 7.01 7.92 7.92 7.92 7.78 7.78 7.78 7.85 7.85 7.85 7.85 7.85 7.85 7.89 7.89 7.89 7.89 7.89 7.78 7.78 7.78 7.89 7.89 7.89 7.72 7.72 7.72 7.72 7.72 7.72 7.76 7.76 7.76 7.76 7.76 7.76 7.76 7.76 7.76 7.76 7.76 7.76 7.76 7.38 7.38 7.54 7.54 7.54 7.54 7.54 7.54 7.54 7.54 7.49 7.49 7.49 7.49 7.49 7.49 7.49 7.49 7.49 7.9
-9999 -9999 7.14 7.14 7.14 7.14 7.14 7.14 7.14 7.14 7.1 7.1 7.1 7.01 7.01 7.01 7.01 7.01 7.01 7.01 7.78 7.78 7.78 7.85 7.85 7.85 7.85 7.85 7.85 7.89 7.89 7.89 7.89 7.89 7.89 7.78 7.78 7.78 7.89 7.89 7.89 7.89 7.72 7.72 7.72 7.72 7.76 7.76 7.76 7.76 7.76 7.76 7.76 7.76 7.54 7.54 7.54 7.54 7.54 7.54 7.38 7.38 7.38 7.38 7.38 7.54 7.54 7.54 7.54 7.54 7.49 7.49 7.49 7.34 7.34 7.34 7.34 7.34 7.34 7.34
-9999 -9999 -9999 7.14 7.14 7.14 7.14 7.14 7.14 7.14 7.1 7.1 7.1 7.1 7.01 7.01 7.01 7.01 7.01 7.01 7.78 7.78 7.78 7.78 7.85 7.85 7.85 7.85 7.89 7.89 7.89 7.89 7.89 7.89 7.89 7.78 7.78 7.78 7.89 7.89 7.89 7.89 7.89 7.72 7.72 7.72 7.76 7.76 7.76 7.76 7.76 7.76 7.76 7.76 7.54 7.54 7.54 7.54 7.54 7.54 7.54 7.38 7.38 7.38 7.38 7.38 7.38 7.38 7.38 7.38 7.38 7.34 7.34 7.34 7.34 7.34 7.34 7.34 7.34 7.34
-9999 -9999 -9999 7.25 7.25 7.14 7.25 7.25 7.25 7.25 7.25 7.1 7.1 7.1 7.1 7.01 7.01 7.01 7.01 7.01 7.78 7.78 7.78 7.78 7.85 7.85 7.85 7.89 7.89 7.89 7.89 7.89 7.89 7.89 7.89 7.89 7.89 7.89 7.89 7.89 7.89 7.89 7.89 7.72 7.72 7.72 7.76 7.76 7.76 7.76 7.76 7.76 7.76 7.54 7.54 7.54 7.54 7.54 7.54 7.54 7.38 7.38 7.38 7.38 7.38 7.38 7.38 7.38 7.38 7.32 7.34 7.34 7.34 7.34 7.34 7.34 7.34 7.34 7.34 7.34
-9999 -9999 -9999 7.25 7.25 7.25 7.25 7.25 7.25 7.25 7.25 7.25 7.1 7.1 7.1 7.01 7.01 7.01 7.01 7.01 7.78 7.78 7.78 7.78 7.85 7.85 7.85 7.85 7.89 7.89 7.89 7.89 7.89 7.89 7.89 7.89 7.89 7.89 7.89 7.89 7.89 7.89 7.72 7.72 7.72 7.72 7.76 7.76 7.76 7.76 7.76 7.76 7.76 7.54 7.54 7.54 7.54 7.54 7.54 7.38 7.38 7.38 7.38 7.38 7.38 7.38 7.38 7.38 7.32 7.32 7.32 7.34 7.34 7.34 7.34 7.34 7.34 7.34 7.34 7.34
-9999 -9999 7.25 7.25 7.25 7.25 7.25 7.25 7.25 7.25 7.25 7.25 7.1 7.1 7.1 7.1 7.1 7.01 7.1 7.1 7.1 7.78 7.78 7.85 7.85 7.85 7.85 7.85 7.89 7.89 7.85 7.85 7.89 7.89 7.89 7.89 7.89 7.89 7.89 7.89 7.89 7.89 7.72 7.72 7.72 7.72 7.76 7.76 7.76 7.76 7.76 7.76 7.76 7.54 7.54 7.54 7.54 7.54 7.54 7.38 7.38 7.38 7.38 7.38 7.38 7.38 7.32 7.32 7.32 7.32 7.32 7.32 7.34 7.34 7.34 7.34 7.34 7.34 7.34 7.34
-9999 -9999 7.25 7.25 7.25 7.16 7.16 7.25 7.25 7.25 7.25 7.1 7.1 7.1 7.1 7.1 7.1 7.1 7.1 7.1 7.1 7.78 7.78 7.85 7.85 7.85 7.85 7.85 7.85 7.85 7.85 7.89 7.89 7.89 7.89 7.89 7.89 7.89 7.89 7.89 7.89 7.89 7.72 7.72 7.72 7.72 7.76 7.76 7.76 7.76 7.76 7.76 7.76 7.76 7.54 7.54 7.54 7.54 7.54 7.54 7.38 7.38 7.38 7.38 7.38 7.38 7.32 7.32 7.32 7.32 7.32 7.32 7.32 7.34 7.34 7.34 7.34 7.34 7.34 7.34
-9999 7.16 7.16 7.16 7.16 7.16 7.16 7.16 7.16 7.16 7.34 7.34 7.34 7.34 7.1 7.1 7.1 7.1 7.1 7.1 7.78 7.78 7.78 7.78 7.85 7.85 7.85 7.85 7.85 7.85 7.85 7.89 7.89 7.89 7.89 7.89 7.89 7.89 7.89 7.89 7.89 7.89 7.89 7.72 7.76 7.76 7.76 7.76 7.76 7.76 7.76 7.76 7.76 7.76 7.54 7.54 7.54 7.54 7.54 7.38 7.38 7.38 7.38 7.38 7.38 7.38 7.32 7.32 7.32 7.32 7.32 7.32 7.32 7.32 7.34 7.34 7.34 7.34 7.34 7.34
-9999 7.16 7.16 7.16 7.16 7.34 7.34 7.34 7.34 7.16 7.34 7.34 7.34 7.34 7.34 7.1 7.1 7.1 7.1 7.1 7.78 7.78 7.78 7.78 7.85 7.85 7.85 7.85 7.85 7.85 7.85 7.89 7.89 7.89 7.89 7.89 7.89 7.89 7.89 7.89 7.89 7.89 7.89 7.76 7.76 7.76 7.76 7.76 7.76 7.76 7.76 7.76 7.76 7.54 7.54 7.54 7.54 7.54 7.38 7.38 7.38 7.38 7.38 7.38 7.38 7.38 7.32 7.32 7.32 7.32 7.32 7.32 7.32 7.32 7.34 7.34 7.34 7.34 7.34 7.34
-9999 7.16 7.16 7.16 7.16 7.34 7.34 7.34 7.34 7.34 7.34 7.34 7.34 7.34 7.34 7.34 7.1 7.1 7.78 7.78 7.78 7.78 7.78 7.78 7.85 7.85 7.85 7.85 7.85 7.85 7.85 7.89 7.89 7.89 7.89 7.89 7.89 7.89 7.89 7.89 7.89 7.89 7.89 7.89 7.76 7.76 7.76 7.76 7.76 7.76 7.76 7.76 7.76 7.76 7.54 7.54 7.54 7.54 7.38 7.38 7.38 7.38 7.38 7.38 7.38 7.38 7.32 7.32 7.32 7.32 7.32 7.32 7.32 7.32 7.34 7.34 7.34 7.34 7.34 7.34
-9999 7.34 7.34 7.34 7.34 6.9 7.34 6.9 6.9 7.34 7.34 7.34 7.34 7.34 7.34 7.34 7.34 7.34 7.78 7.78 7.78 7.78 7.78 7.78 7.85 7.85 7.85 7.85 7.85 7.85 7.85 7.85 7.89 7.89 7.89 7.89 7.89 7.89 7.89 7.89 7.89 7.89 7.89 7.89 7.76 7.76 7.76 7.76 7.76 7.76 7.76 7.76 7.76 7.76 7.54 7.54 7.54 7.54 7.38 7.38 7.38 7.38 7.38 7.38 7.38 7.32 7.32 7.32 7.32 7.32 7.32 7.32 7.32 7.32 7.32 7.34 7.34 7.34 7.34 7.34
-9999 -9999 7.34 7.34 6.9 6.9 6.9 6.9 6.9 6.9 6.9 7.34 7.34 7.34 7.34 7.34 7.34 7.34 7.34 7.34 7.34 7.78 7.78 7.78 7.78 7.85 7.85 7.85 7.85 7.85 7.85 7.89 7.89 7.89 7.89 7.89 7.89 7.89 7.89 7.89 7.89 7.89 7.89 7.89 7.89 7.76 7.76 7.76 7.76 7.76 7.76 7.76 7.76 7.76 7.54 7.54 7.54 7.54 7.38 7.38 7.38 7.38 7.38 7.38 7.38 7.32 7.32 7.32 7.32 7.32 7.32 7.32 7.32 7.32 7.34 7.34 7.34 8 8 8
-9999 -9999 -9999 6.9 6.9 6.9 6.79 6.9 6.9 6.9 6.9 6.9 7.34 7.34 7.34 7.34 7.34 7.34 7.34 7.34 7.34 7.34 7.78 7.78 7.85 7.85 7.85 7.85 7.85 7.85 7.85 7.85 7.89 7.89 7.89 7.89 7.89 7.89 7.89 7.89 7.89 7.89 7.89 7.89 7.89 6.68 6.68 6.61 6.61 6.61 6.61 7.76 7.76 7.54 7.54 7.54 7.54 7.38 7.38 7.38 7.38 7.38 7.38 7.38 7.38 7.32 7.32 7.32 7.32 7.32 8 8 8 8 8 8 8 8 8 8.62
-9999 -9999 -9999 -9999 6.79 6.79 6.79 6.9 6.9 6.9 6.9 6.9 6.9 6.9 6.9 7.34 7.34 7.34 7.34 7.34 7.34 7.34 6.96 7.78 7.85 7.85 7.85 7.85 7.85 7.85 7.85 7.85 6.76 6.76 6.76 6.76 6.76 6.99 6.99 6.99 6.99 6.99 6.99 6.99 6.99 6.68 6.68 6.68 6.61 6.61 6.61 6.61 7.76 7.54 7.54 7.54 7.54 7.38 7.38 7.38 7.38 7.38 7.38 7.38 7.38 7.38 7.32 7.32 7.32 8 8 8 8 8 8 8 8 8 8 8
-9999 -9999 -9999 -9999 6.79 6.79 6.79 6.79 6.9 6.9 6.9 6.9 6.9 6.9 6.9 6.9 7.34 7.34 7.34 7.34 7.34 7.34 6.96 6.96 7.78 7.85 7.85 7.85 7.85 7.85 7.85 6.76 6.76 6.76 6.76 6.76 6.76 6.76 6.99 6.99 6.99 6.99 6.99 6.99 6.99 6.68 6.68 6.61 6.61 6.61 6.61 6.61 6.61 7.54 7.54 7.54 7.54 7.38 7.38 7.38 7.38 7.38 7.38 7.38 7.38 7.38 7.32 7.32 7.32 8 8 8 8 8 8 8 8 8 8 8.62
-9999 -9999 -9999 6.79 6.79 6.79 6.79 6.79 6.79 6.79 6.9 6.9 6.9 6.9 6.9 6.9 6.9 7.34 7.34 7.34 7.34 7.34 6.96 6.96 6.96 6.96 7.85 7.85 7.85 6.76 6.76 6.76 6.76 6.76 6.76 6.76 6.76 6.99 6.99 6.99 6.99 6.99 6.99 6.99 6.99 6.68 6.68 6.68 6.61 6.61 6.61 6.61 6.61 7.54 7.54 7.54 7.54 7.54 7.54 7.38 7.38 7.38 7.38 7.38 7.38 7.32 7.32 7.32 7.32 7.32 8 8 8 8 8 8 8 8 8 8
-9999 -9999 -9999 -9999 6.79 6.79 6.79 6.79 6.79 6.79 6.79 6.9 6.9 6.9 6.9 6.9 6.9 7.34 7.34 7.34 7.34 6.96 6.96 6.96 6.96 6.96 6.96 6.96 6.96 6.76 6.76 6.76 6.76 6.76 6.76 6.76 6.99 6.99 6.99 6.99 6.99 6.99 6.99 6.99 6.68 6.68 6.68 6.61 6.61 6.61 6.61 6.61 6.61 7.54 7.54 7.54 7.54 7.54 7.54 7.54 7.54 7.56 7.56 7.56 7.56 7.32 7.32 7.32 7.32 7.32 8 8 8 8 8 8 8 8 8 8
-9999 -9999 -9999 -9999 6.79 6.76 6.79 6.79 6.76 6.79 6.79 6.76 6.76 6.76 6.76 6.76 6.76 6.76 6.76 6.76 6.96 6.96 6.96 6.96 6.96 6.96 6.96 6.96 6.96 6.96 6.76 6.76 6.76 6.76 6.76 6.76 6.99 6.99 6.99 6.99 6.99 6.99 6.99 6.99 6.68 6.68 6.61 6.61 6.61 6.61 6.61 6.61 7.54 7.54 7.54 7.54 7.54 7.54 7.54 7.54 7.56 7.56 7.56 7.56 7.56 7.56 7.81 7.81 7.81 7.81 7.81 7.81 8 8 8 8 8 8 8 8
-9999 -9999 -9999 -9999 6.76 6.76 6.76 6.76 6.76 6.76 6.76 6.76 6.76 6.76 6.76 6.76 6.76 6.76 6.76 6.76 6.96 6.96 6.96 6.96 6.96 6.96 6.96 6.96 6.96 6.96 6.76 6.76 6.76 6.76 6.76 6.76 6.99 6.99 6.99 6.99 6.99 6.99 6.99 6.68 6.68 6.61 6.61 6.61 6.61 6.61 6.61 6.61 7.54 7.54 7.54 7.54 7.54 7.54 7.54 7.56 7.56 7.56 7.56 7.56 7.56 7.56 7.81 7.81 7.81 7.81 7.81 7.81 7.81 8 8 8 8 8 8 8
-9999 -9999 -9999 -9999 -9999 6.76 6.76 6.76 6.76 6.76 6.76 6.76 6.76 6.76 6.76 6.76 6.76 6.76 6.76 6.76 6.96 6.96 6.96 6.96 6.96 6.96 6.96 6.88 6.88 6.88 6.88 6.76 6.76 6.76 6.76 6.76 6.99 6.99 6.99 6.99 6.99 6.68 6.68 6.68 6.61 6.61 6.61 6.61 6.61 6.61 6.61 6.61 7.54 7.54 7.54 7.54 7.54 7.54 7.54 7.56 7.56 7.56 7.56 7.56 7.56 7.56 7.81 7.81 7.81 7.81 7.81 7.81 7.81 8 8 8 8 8 8 8
