layers/rainwind/HTI_rain_wind_comb_score.asc
NCOLS 343 
NROWS 248 
XLLCORNER -74.4803996469999 
YLLCORNER 18.0221399550001 
CELLSIZE 0.00833308698833808 
NODATA_value -9999 
[rows 144 to 179 of 248, columns 243 to 323 of 343]
4.1 4.1 4.1 4.1 4.1 4.1 4.1 4.1 3.42 3.42 3.47 3.47 3.47 3.47 3.47 3.47 3.47 3.47 3.47 3.47 3.47 3.47 3.47 3.47 3.47 3.2 3.2 3.2 3.2 3.2 3.2 3.27 3.27 3.27 3.27 3.27 3.27 3.27 2.43 2.43 2.43 2.43 2.43 2.43 2.15 2.15 2.15 2.15 2.1 2.1 2.1 2.1 2.1 2.1 2.1 2.1 2.1 2.07 2.07 2.07 2.07 2.07 2.07 2.07 2.07 2.22 2.22 2.22 2.22 2.22 2.22 2.22 2.22 2.22 2.22 2.22 2.22 2.32 2.32 2.32 2.32
4.1 4.1 4.1 4.1 4.1 4.1 4.1 4.1 4.1 3.47 3.47 3.47 3.47 3.47 3.47 3.47 3.47 3.47 3.47 3.47 3.47 3.47 3.47 3.47 3.47 3.2 3.2 3.2 3.2 3.2 3.2 3.2 3.27 3.27 3.27 3.27 3.27 3.27 2.43 2.43 2.43 2.43 2.43 2.15 2.15 2.15 2.15 2.15 2.15 2.1 2.1 2.1 2.1 2.1 2.1 2.1 2.1 2.1 2.07 2.07 2.07 2.07 2.07 2.07 2.07 2.07 2.22 2.07 2.22 2.22 2.22 2.22 2.22 2.22 2.22 2.22 2.22 2.32 2.32 2.32 2.32
4.1 4.1 4.1 4.1 4.1 4.1 4.1 4.1 4.1 4.1 3.47 3.66 3.66 3.47 3.47 3.47 3.47 3.47 3.47 3.47 3.47 3.47 3.47 3.47 3.47 3.2 3.2 3.2 3.2 3.2 3.2 3.2 3.2 3.27 3.27 3.27 3.27 3.27 2.43 2.43 2.43 2.43 2.43 2.15 2.15 2.15 2.15 2.15 2.15 2.15 2.1 2.1 2.1 2.1 2.1 2.1 2.1 2.1 2.1 2.1 2.07 2.07 2.07 2.07 2.07 2.07 2.07 2.22 2.22 2.22 2.32 2.32 2.32 2.32 2.32 2.32 2.32 2.32 2.32 2.32 2.32
4.1 4.1 4.1 4.1 4.1 4.1 4.1 4.1 4.1 4.1 4.1 3.66 3.66 3.66 3.66 3.66 3.47 3.66 3.66 3.66 3.66 3.66 3.66 3.47 3.2 3.2 3.2 3.2 3.2 3.2 3.2 3.2 3.2 3.2 3.2 3.27 3.27 3.27 2.88 2.43 2.43 2.43 2.43 2.43 2.43 2.15 2.15 2.15 2.15 2.15 2.1 2.1 2.1 2.1 2.1 2.1 2.1 2.1 2.1 2.1 2.1 2.1 2.07 2.07 2.07 2.07 2.22 2.22 2.22 2.22 2.32 2.32 2.32 2.32 2.32 2.32 2.32 2.32 2.32 2.32 2.32
4.1 4.1 4.1 4.1 4.1 4.1 4.1 4.1 4.1 3.93 3.93 3.93 3.66 3.66 3.66 3.66 3.66 3.66 3.66 3.66 3.75 3.75 3.75 3.75 3.2 3.2 3.2 3.2 3.2 3.2 3.2 3.2 3.2 3.2 3.2 3.2 3.27 3.27 2.88 2.43 2.43 2.43 2.43 2.43 2.15 2.15 2.15 2.15 2.15 2.15 2.15 2.1 2.1 2.1 2.1 2.1 2.1 2.1 2.1 2.1 2.1 2.1 2.16 2.16 2.16 2.16 2.22 2.22 2.22 2.32 2.32 2.32 2.32 2.32 2.32 2.32 2.32 2.32 2.32 2.32 2.32
4.1 4.1 4.1 4.1 4.1 4.1 4.1 4.1 3.93 4.1 3.93 3.93 3.93 3.93 3.66 3.66 3.66 3.66 3.66 3.75 3.75 3.75 3.75 3.75 3.2 3.2 3.2 3.2 3.2 3.2 3.2 3.2 3.2 3.2 3.2 3.2 2.88 2.88 2.88 2.88 2.88 2.88 2.43 2.15 2.15 2.15 2.15 2.15 2.15 2.15 2.15 2.15 2.1 2.1 2.1 2.1 2.1 2.1 2.1 2.1 2.1 2.16 2.16 2.16 2.16 2.16 2.16 2.32 2.32 2.32 2.32 2.32 2.32 2.32 2.32 2.32 2.32 2.32 2.32 2.32 2.32
4.1 4.1 4.1 4.1 3.93 3.93 3.93 3.93 3.93 3.93 3.93 3.93 3.93 3.93 3.93 3.66 3.66 3.66 3.66 3.75 3.75 3.75 3.75 3.75 3.2 3.2 3.2 3.2 3.2 3.2 3.2 3.2 3.2 3.2 3.2 2.88 2.88 2.88 2.88 2.88 2.88 2.88 2.15 2.15 2.15 2.15 2.15 2.15 2.15 2.15 2.15 2.15 2.15 2.1 2.1 2.1 2.1 2.1 2.1 2.1 2.1 2.16 2.16 2.16 2.16 2.16 2.16 2.16 2.32 2.32 2.32 2.32 2.32 2.32 2.32 2.32 2.32 2.32 2.32 2.32 2.32
4.1 4.1 3.93 3.93 3.93 3.93 3.93 3.93 3.93 3.93 3.93 3.93 3.93 3.93 3.93 3.66 3.66 3.66 3.66 3.66 3.75 3.75 3.75 3.75 3.75 3.2 3.2 3.2 3.2 3.2 3.2 3.2 3.11 3.11 3.11 3.11 2.88 2.88 2.88 2.88 2.88 2.88 2.65 2.65 2.15 2.15 2.15 2.15 2.15 2.15 2.15 2.15 2.15 2.15 2.15 2.1 2.1 2.1 2.1 2.1 2.16 2.16 2.16 2.16 2.16 2.16 2.16 2.16 2.16 2.32 2.32 2.32 2.32 2.32 2.32 2.32 2.32 2.32 2.32 2.32 2.32
4.1 3.93 3.93 3.93 3.93 3.93 3.93 3.93 3.93 3.93 3.93 3.93 3.93 3.93 3.93 3.93 3.66 3.66 3.66 3.75 3.75 3.75 3.75 3.75 3.75 3.75 3.2 3.11 3.11 3.11 3.11 3.11 3.11 3.11 3.11 3.11 2.88 2.88 2.88 2.88 2.88 2.88 2.65 2.65 2.65 2.65 2.15 2.15 2.15 2.15 2.15 2.15 2.15 2.15 2.15 2.15 2.1 2.1 2.16 2.16 2.16 2.16 2.16 2.16 2.16 2.16 2.16 2.16 2.16 2.16 2.32 2.32 2.32 2.32 2.32 2.32 2.32 2.32 2.32 2.32 2.32
3.93 3.93 3.93 3.93 3.93 3.93 3.93 3.93 3.93 3.93 3.93 3.93 3.93 3.93 3.93 3.93 3.68 3.68 3.68 3.68 3.68 3.75 3.75 3.75 3.75 3.75 3.75 3.11 3.11 3.11 3.11 3.11 3.11 3.11 3.11 3.11 2.88 2.88 2.88 2.88 2.88 2.88 2.65 2.65 2.65 2.65 2.14 2.15 2.15 2.15 2.15 2.15 2.15 2.15 2.15 2.15 2.15 2.15 2.16 2.16 2.16 2.16 2.16 2.16 2.16 2.16 2.16 2.16 2.16 2.16 2.16 2.32 2.32 2.32 2.32 2.32 2.32 2.32 2.32 2.32 2.32
3.93 3.93 3.93 3.93 3.93 3.93 3.93 3.93 3.93 3.93 3.93 3.93 3.93 3.93 3.93 3.93 3.68 3.68 3.68 3.68 3.68 3.68 3.75 3.75 3.75 3.75 3.75 3.11 3.11 3.11 3.11 3.11 3.11 3.11 3.11 2.88 2.88 2.88 2.88 2.88 2.88 2.88 2.65 2.65 2.65 2.14 2.14 2.14 2.15 2.15 2.15 2.15 2.15 2.15 2.15 2.15 2.15 2.15 2.16 2.16 2.16 2.16 2.16 2.16 2.16 2.16 2.16 2.16 2.16 2.16 2.32 2.32 2.32 2.32 2.32 2.32 2.32 2.32 2.32 2.32 2.32
3.93 3.93 3.93 3.93 3.93 3.93 3.93 3.93 3.93 3.93 3.93 3.93 3.93 3.93 3.93 3.68 3.68 3.68 3.68 3.68 3.68 3.68 3.75 3.75 3.75 3.75 3.75 3.11 3.11 3.11 3.11 3.11 3.11 2.88 2.88 2.88 2.88 2.88 2.88 2.88 2.88 2.65 2.65 2.65 2.14 2.14 2.14 2.14 2.14 2.15 2.15 2.15 2.15 2.15 2.15 2.15 2.15 2.15 2.16 2.16 2.16 2.16 2.16 2.16 2.16 2.16 2.16 2.16 2.16 2.16 2.16 2.32 2.32 2.32 2.32 2.32 2.32 2.32 2.32 2.32 2.32
3.93 3.93 3.93 3.93 3.93 3.93 3.93 3.93 3.93 3.93 3.93 3.93 3.93 3.93 3.93 3.68 3.68 3.68 3.68 3.68 3.68 3.68 3.68 3.94 3.75 3.75 3.75 3.11 3.11 3.11 3.11 3.11 3.11 2.88 2.88 2.88 2.88 2.88 2.88 2.88 2.65 2.65 2.65 2.65 2.14 2.14 2.14 2.14 2.14 2.14 2.14 2.15 2.15 2.15 2.15 2.15 2.15 2.15 2.15 2.16 2.16 2.16 2.16 2.16 2.16 2.16 2.16 2.16 2.16 2.16 2.16 2.16 2.32 2.32 2.32 2.32 2.32 2.32 2.32 2.32 2.32
3.93 3.93 3.93 3.93 3.93 3.93 3.93 3.93 3.93 3.93 3.93 3.93 3.93 3.93 3.68 3.68 3.68 3.68 3.68 3.68 3.68 3.68 3.68 3.94 3.94 3.94 3.94 3.94 3.11 3.11 3.11 3.11 3.11 2.88 2.88 2.88 2.88 2.88 2.88 2.88 2.65 2.65 2.65 2.65 2.65 2.14 2.14 2.14 2.14 2.14 2.14 2.14 2.14 2.14 2.14 2.22 2.15 2.15 2.15 2.15 2.16 2.16 2.22 2.22 2.22 2.22 2.22 2.16 2.16 2.16 2.16 2.32 2.32 2.32 2.32 2.32 2.32 2.32 2.32 2.32 2.32
4.73 4.73 4.73 4.11 4.11 4.11 4.11 4.11 3.93 3.93 3.93 3.93 3.68 3.68 3.68 3.68 3.68 3.68 3.68 3.68 3.68 3.68 3.68 3.68 3.94 3.94 3.94 3.94 3.31 3.11 3.11 3.11 3.11 2.88 2.88 2.88 2.88 2.88 2.88 2.65 2.65 2.65 2.65 2.65 2.65 2.65 2.14 2.14 2.14 2.14 2.14 2.14 2.14 2.14 2.14 2.22 2.22 2.22 2.15 2.15 2.15 2.22 2.22 2.22 2.22 2.22 2.22 2.22 2.22 2.16 2.16 2.32 2.32 2.32 2.32 2.32 2.32 2.32 2.32 2.32 2.32
4.73 4.73 4.11 4.11 4.11 4.11 4.11 4.11 4.11 4.11 4.11 4.11 3.68 3.68 3.68 3.68 3.68 3.68 3.68 3.68 3.68 3.68 3.68 3.94 3.94 3.94 3.94 3.94 3.31 3.31 3.11 3.11 2.88 2.88 2.88 2.88 2.88 2.88 2.65 2.65 2.65 2.65 2.65 2.65 2.65 2.65 2.14 2.14 2.14 2.14 2.14 2.14 2.14 2.14 2.14 2.14 2.14 2.22 2.22 2.22 2.22 2.15 2.22 2.22 2.22 2.22 2.22 2.22 2.22 2.22 2.32 2.32 2.32 2.32 2.32 2.32 2.32 2.32 2.32 2.32 2.32
4.73 4.73 4.11 4.11 4.11 4.11 4.11 4.11 4.11 4.11 4.11 4.11 3.68 3.68 3.68 3.68 3.68 3.68 3.68 3.68 3.68 3.68 3.68 3.94 3.94 3.94 3.94 3.31 3.31 3.31 3.31 2.88 2.88 2.88 2.88 2.88 2.88 2.65 2.65 2.65 2.65 2.65 2.65 2.65 2.65 2.65 2.14 2.14 2.14 2.14 2.14 2.14 2.14 2.14 2.14 2.14 2.14 2.14 2.22 2.22 2.22 2.22 2.22 2.22 2.22 2.22 2.22 2.22 2.22 2.22 2.32 2.32 2.32 2.32 2.32 2.32 2.32 2.32 2.32 2.32 2.32
4.73 4.73 4.11 4.11 4.11 4.11 4.11 4.11 4.11 3.87 3.87 3.87 3.68 3.68 3.68 3.68 3.68 3.68 3.68 3.68 3.68 3.68 3.94 3.94 3.94 3.94 3.94 3.31 3.31 3.31 3.31 2.88 2.88 2.88 2.88 2.88 2.88 2.65 2.65 2.65 2.65 2.65 2.65 2.65 2.65 2.65 2.14 2.14 2.14 2.14 2.14 2.14 2.14 2.14 2.14 2.14 2.14 2.14 2.15 2.22 2.22 2.22 2.22 2.22 2.22 2.22 2.22 2.22 2.22 2.22 2.32 2.32 2.32 2.32 2.32 2.32 2.32 2.32 2.32 2.32 2.32
4.73 4.11 4.11 4.11 4.11 4.11 4.11 3.87 3.87 3.87 3.87 3.87 3.87 3.87 3.68 3.68 3.68 3.68 3.68 3.68 3.68 3.68 3.94 3.94 3.94 3.94 3.31 3.31 3.31 3.31 3.31 2.88 2.88 2.88 2.88 2.88 2.88 2.65 2.65 2.65 2.65 2.65 2.65 2.65 2.65 2.65 2.14 2.14 2.14 2.14 2.14 2.14 2.14 2.32 2.14 2.14 2.15 2.15 2.15 2.15 2.15 2.15 2.15 2.15 2.22 2.22 2.22 2.22 2.22 2.22 2.32 2.32 2.32 2.32 2.32 2.32 2.32 2.32 2.32 2.32 2.32
-9999 4.11 4.11 4.11 4.11 4.11 4.11 3.87 3.87 3.87 3.87 3.87 3.87 3.87 3.68 3.68 3.68 3.68 3.68 3.68 3.68 3.68 3.68 3.94 3.94 3.94 3.31 3.31 3.31 3.31 3.31 3.31 2.88 2.88 2.88 2.88 2.88 2.65 2.65 2.65 2.65 2.65 2.65 2.65 2.65 2.32 2.14 2.14 2.14 2.14 2.14 2.32 2.14 2.32 2.15 2.15 2.15 2.15 2.15 2.15 2.15 2.15 2.15 2.15 2.15 2.15 2.22 2.22 2.22 2.22 2.32 2.32 2.32 2.32 2.32 2.32 2.32 2.32 2.32 2.32 2.32
-9999 4.11 4.11 4.11 4.11 4.11 4.11 3.87 3.87 3.87 3.87 3.87 3.87 3.87 3.68 3.68 3.68 3.68 3.68 3.68 3.68 3.68 3.94 3.94 3.94 3.94 3.31 3.31 3.31 3.31 3.31 3.31 3.31 2.88 2.88 2.88 2.88 2.65 2.65 2.65 2.65 2.65 2.65 2.65 2.32 2.32 2.32 2.32 2.32 2.32 2.32 2.32 2.32 2.32 2.15 2.15 2.39 2.15 2.15 2.15 2.15 2.15 2.15 2.15 2.15 2.15 2.15 2.15 2.15 2.8 2.8 2.8 2.32 2.32 2.32 2.32 2.32 2.32 2.32 2.32 2.32
-9999 -9999 -9999 -9999 -9999 -9999 -9999 -9999 3.87 3.87 3.87 3.87 3.87 3.87 3.87 3.68 3.68 3.68 3.68 3.68 3.94 3.94 3.94 3.94 3.94 3.94 3.31 3.31 3.31 3.31 3.31 3.31 3.31 3.31 2.88 2.88 2.88 2.65 2.65 2.65 2.65 2.65 2.32 2.32 2.32 2.32 2.32 2.32 2.32 2.32 2.32 2.32 2.45 2.45 2.45 2.39 2.39 2.39 2.39 2.15 2.15 2.15 2.15 2.15 2.15 2.15 2.15 2.15 2.15 2.8 2.8 2.8 2.8 2.8 2.32 2.32 2.32 2.32 2.32 2.32 2.32
-9999 -9999 -9999 -9999 -9999 -9999 -9999 -9999 -9999 3.87 3.87 3.87 3.87 3.87 3.87 3.87 3.87 3.68 3.68 3.68 3.68 3.94 3.94 3.94 3.94 3.94 3.31 3.31 3.31 3.31 3.31 3.31 3.31 3.31 3.31 2.88 2.88 2.65 3.19 3.19 3.19 2.32 2.32 2.32 2.32 2.32 2.32 2.32 2.32 2.32 2.32 2.45 2.45 2.45 2.45 2.45 2.45 2.39 2.39 2.39 2.39 2.39 2.15 2.15 2.15 2.15 2.15 2.15 2.8 2.8 2.8 2.8 2.8 2.8 2.8 2.8 2.32 2.32 2.32 2.32 -9999
-9999 -9999 -9999 -9999 -9999 -9999 -9999 -9999 -9999 -9999 -9999 -9999 3.87 3.87 3.87 3.87 3.87 3.68 3.68 3.68 3.68 3.94 3.94 3.94 3.94 3.31 3.31 3.31 3.31 3.31 3.31 3.31 3.31 3.31 3.31 3.31 3.19 3.19 3.19 3.19 3.19 3.19 2.32 2.32 2.32 2.32 2.32 2.32 2.32 2.32 2.45 2.45 2.45 2.45 2.45 2.45 2.45 2.45 2.39 2.39 2.39 2.39 2.39 2.15 2.15 2.15 2.15 2.8 2.8 2.8 2.8 2.8 2.8 2.8 2.8 2.8 2.8 2.32 2.32 2.32 -9999
-9999 -9999 -9999 -9999 -9999 -9999 -9999 -9999 -9999 -9999 -9999 -9999 -9999 -9999 3.87 3.68 3.68 3.68 3.68 3.68 3.68 3.94 3.94 3.94 3.94 3.31 3.31 3.31 3.31 3.31 3.31 3.31 3.31 3.31 3.31 3.31 3.19 3.19 3.19 3.19 3.19 3.19 2.32 2.32 2.32 2.32 2.32 2.32 2.45 2.45 2.45 2.45 2.45 2.45 2.45 2.45 2.45 2.45 2.45 2.39 2.39 2.39 2.39 2.39 2.39 2.39 2.8 2.8 2.8 2.8 2.8 2.8 2.8 2.8 2.8 2.8 2.8 2.8 -9999 -9999 -9999
-9999 -9999 -9999 -9999 -9999 -9999 -9999 -9999 -9999 -9999 -9999 -9999 -9999 -9999 -9999 -9999 3.87 3.68 3.68 3.68 3.68 3.94 3.94 3.94 3.94 3.94 3.31 3.31 3.31 3.31 3.31 3.31 3.31 3.31 3.19 3.31 3.19 3.19 3.19 3.19 3.19 3.19 3.19 3.19 3.19 3.19 3.19 3.19 2.45 2.45 2.45 2.45 2.45 2.45 2.45 2.45 2.45 2.45 2.45 2.39 2.39 2.39 2.39 2.39 2.39 2.39 2.8 2.8 2.8 2.8 2.8 2.8 2.8 2.8 2.8 2.8 2.8 2.8 -9999 -9999 -9999
-9999 -9999 -9999 -9999 -9999 -9999 -9999 -9999 -9999 -9999 -9999 -9999 -9999 -9999 -9999 -9999 -9999 3.87 3.87 3.68 3.68 3.94 3.94 3.94 3.94 3.94 3.31 3.31 3.31 3.31 3.31 3.31 3.31 3.19 3.19 3.19 3.19 3.19 3.19 3.19 3.19 3.19 3.19 3.19 3.19 3.19 3.19 3.19 2.45 2.45 2.45 2.45 2.45 2.45 2.45 2.45 2.45 2.45 2.45 2.45 2.39 2.39 2.39 2.39 2.39 2.39 2.39 2.8 2.8 2.8 2.8 2.8 2.8 2.8 2.8 2.8 2.8 2.8 -9999 -9999 -9999
-9999 -9999 -9999 -9999 -9999 -9999 -9999 -9999 -9999 -9999 -9999 -9999 -9999 -9999 -9999 -9999 3.87 3.87 3.87 3.87 3.68 3.94 3.94 3.94 3.94 3.94 3.31 3.31 4.21 3.31 3.31 3.31 3.19 3.19 3.19 3.19 3.19 3.19 3.19 3.19 3.19 3.19 3.19 3.19 3.19 3.19 3.19 3.19 3.19 3.19 2.45 2.45 2.45 2.45 2.45 2.45 2.45 2.45 2.45 2.45 2.39 2.39 2.39 2.39 2.8 2.8 2.8 2.8 2.8 2.8 2.8 2.8 2.8 2.8 2.8 2.8 2.8 2.8 -9999 -9999 -9999
-9999 -9999 -9999 -9999 -9999 -9999 -9999 -9999 -9999 -9999 -9999 -9999 -9999 -9999 -9999 3.87 3.87 3.87 3.87 3.87 3.87 4.21 3.94 4.21 4.21 4.21 4.21 4.21 4.21 4.21 3.31 3.19 3.19 3.19 3.19 3.19 3.19 3.19 3.19 3.19 3.19 3.19 3.19 3.19 3.19 3.19 3.19 3.19 3.19 3.19 3.19 3.19 2.45 2.45 2.45 2.45 2.45 2.45 -9999 -9999 2.39 2.39 2.39 2.39 2.39 2.8 2.8 2.8 2.8 2.8 2.8 2.8 2.8 2.8 2.8 2.8 2.8 2.8 -9999 -9999 -9999
-9999 -9999 -9999 -9999 -9999 -9999 -9999 -9999 -9999 -9999 -9999 -9999 -9999 -9999 3.87 3.87 3.87 3.87 3.87 3.87 3.87 3.87 4.21 4.21 4.21 4.21 4.21 4.21 4.21 4.21 3.19 3.19 3.19 3.19 3.19 3.19 3.19 3.19 3.19 3.19 3.19 3.19 3.19 3.19 3.19 3.19 3.19 3.19 3.19 3.19 3.19 3.19 3.19 2.45 2.45 2.45 2.45 -9999 -9999 -9999 -9999 -9999 2.39 2.39 2.39 -9999 -9999 2.8 2.8 2.8 2.8 2.8 2.8 2.8 2.8 2.8 2.8 2.8 -9999 -9999 -9999
-9999 -9999 -9999 -9999 -9999 -9999 -9999 -9999 -9999 -9999 -9999 -9999 -9999 -9999 3.87 3.87 3.87 3.87 3.87 3.87 3.87 3.87 3.87 4.21 4.21 4.21 4.21 4.21 4.21 4.21 3.14 3.19 3.19 3.19 3.19 3.19 3.19 3.19 3.19 3.19 3.19 3.19 3.19 3.19 3.19 3.19 3.19 3.19 3.19 3.19 3.19 3.19 3.19 3.19 3.19 2.45 -9999 -9999 -9999 -9999 -9999 -9999 -9999 -9999 -9999 -9999 -9999 -9999 -9999 2.8 -9999 -9999 -9999 2.8 2.8 2.8 2.8 -9999 -9999 -9999 -9999
-9999 -9999 -9999 -9999 -9999 -9999 -9999 -9999 -9999 -9999 -9999 -9999 3.87 3.87 3.87 3.87 3.87 3.87 3.87 3.87 3.87 3.87 4.21 4.21 4.21 4.21 4.21 4.21 4.21 3.14 3.14 3.14 3.19 3.19 3.19 2.94 2.94 2.94 2.94 2.94 2.94 2.94 3.19 3.19 3.19 3.19 3.19 3.19 3.19 3.19 3.19 3.19 3.19 3.19 -9999 -9999 -9999 -9999 -9999 -9999 -9999 -9999 -9999 -9999 -9999 -9999 -9999 -9999 -9999 -9999 -9999 -9999 -9999 -9999 -9999 -9999 -9999 -9999 -9999 -9999 -9999
-9999 -9999 -9999 -9999 -9999 -9999 -9999 -9999 -9999 -9999 -9999 -9999 -9999 4.48 3.87 3.87 3.87 3.87 3.87 3.87 3.87 3.87 4.21 4.21 4.21 4.21 4.21 4.21 4.21 3.14 3.14 3.14 3.19 3.19 3.19 2.94 2.94 2.94 2.94 2.94 2.94 2.94 3.19 3.19 2.58 2.58 3.19 3.19 3.19 3.19 3.19 3.19 3.19 3.19 3.19 -9999 -9999 -9999 -9999 -9999 -9999 -9999 -9999 -9999 -9999 -9999 -9999 -9999 -9999 -9999 -9999 -9999 -9999 -9999 -9999 -9999 -9999 -9999 -9999 -9999 -9999
-9999 -9999 -9999 -9999 -9999 -9999 -9999 -9999 -9999 -9999 -9999 -9999 -9999 4.48 4.48 4.48 4.48 3.87 3.87 3.87 3.87 4.21 4.21 4.21 4.21 4.21 4.21 4.21 4.21 3.14 3.14 3.14 3.19 3.14 3.14 2.94 2.94 2.94 2.94 2.94 2.94 2.94 2.94 2.94 2.94 2.58 2.58 2.58 3.19 3.19 3.19 3.19 3.19 3.19 2.58 2.58 2.58 -9999 -9999 -9999 -9999 -9999 -9999 -9999 -9999 -9999 -9999 -9999 -9999 -9999 -9999 -9999 -9999 -9999 -9999 -9999 -9999 -9999 -9999 -9999 -9999
-9999 -9999 -9999 -9999 -9999 -9999 -9999 -9999 -9999 -9999 -9999 -9999 -9999 4.48 4.48 4.48 4.05 4.05 3.45 3.45 3.87 3.29 3.29 4.21 4.21 4.21 4.21 4.21 3.14 3.14 3.14 3.14 3.14 3.14 3.14 3.14 2.94 2.94 2.94 2.94 2.94 2.94 2.94 2.94 2.58 2.58 2.58 2.58 2.58 3.19 3.19 3.19 2.58 2.58 2.58 2.58 2.58 2.58 2.58 -9999 -9999 -9999 -9999 -9999 -9999 -9999 -9999 -9999 -9999 -9999 -9999 -9999 -9999 -9999 -9999 -9999 -9999 -9999 -9999 -9999 -9999
-9999 -9999 -9999 -9999 -9999 -9999 -9999 -9999 -9999 -9999 -9999 -9999 -9999 -9999 4.48 4.48 4.05 4.05 4.05 4.05 3.45 3.45 3.45 3.45 4.21 4.21 4.21 4.21 3.14 3.14 3.14 3.14 3.14 3.14 3.14 3.14 2.94 2.94 2.94 2.94 2.94 2.94 2.94 2.94 2.58 2.58 2.58 2.58 2.58 3.19 3.19 2.58 2.58 2.58 2.58 2.58 2.58 2.58 2.58 -9999 -9999 -9999 -9999 -9999 -9999 -9999 -9999 -9999 -9999 -9999 -9999 -9999 -9999 -9999 -9999 -9999 -9999 -9999 -9999 -9999 -9999
