layers/rainwind/HTI_rain_wind_rain_oct3.asc
NCOLS 343 
NROWS 248 
XLLCORNER -74.4803996469999 
YLLCORNER 18.0221399550001 
CELLSIZE 0.00833308698833808 
NODATA_value -9999 
[rows 162 to 188 of 248, columns 0 to 61 of 343]
-9999 -9999 -9999 -9999 -9999 -9999 -9999 -9999 -9999 -9999 -9999 -9999 -9999 -9999 -9999 -9999 -9999 -9999 -9999 -9999 -9999 -9999 -9999 -9999 -9999 -9999 -9999 -9999 -9999 -9999 -9999 -9999 -9999 -9999 -9999 -9999 -9999 -9999 -9999 -9999 -9999 -9999 -9999 -9999 -9999 -9999 -9999 -9999 -9999 -9999 -9999 -9999 -9999 -9999 -9999 -9999 -9999 -9999 -9999 -9999 -9999 -9999
-9999 -9999 -9999 -9999 -9999 -9999 -9999 -9999 -9999 -9999 -9999 -9999 -9999 -9999 -9999 -9999 -9999 -9999 -9999 -9999 -9999 -9999 -9999 -9999 -9999 -9999 -9999 -9999 -9999 -9999 -9999 -9999 -9999 -9999 -9999 -9999 -9999 -9999 -9999 -9999 -9999 -9999 -9999 -9999 -9999 -9999 -9999 -9999 -9999 -9999 -9999 -9999 -9999 -9999 -9999 -9999 -9999 -9999 -9999 -9999 -9999 -9999
-9999 -9999 -9999 -9999 -9999 -9999 -9999 -9999 -9999 -9999 -9999 -9999 -9999 -9999 -9999 -9999 -9999 -9999 -9999 -9999 -9999 -9999 -9999 -9999 -9999 -9999 -9999 -9999 -9999 -9999 -9999 -9999 -9999 -9999 -9999 -9999 -9999 -9999 -9999 -9999 -9999 -9999 -9999 -9999 -9999 -9999 -9999 -9999 -9999 -9999 -9999 -9999 -9999 -9999 -9999 -9999 -9999 -9999 -9999 -9999 -9999 -9999
-9999 -9999 -9999 -9999 -9999 -9999 -9999 -9999 -9999 -9999 -9999 -9999 -9999 -9999 -9999 -9999 -9999 -9999 -9999 -9999 -9999 -9999 -9999 -9999 -9999 -9999 -9999 -9999 -9999 -9999 -9999 -9999 -9999 -9999 -9999 -9999 -9999 -9999 -9999 -9999 -9999 -9999 -9999 -9999 -9999 -9999 -9999 -9999 -9999 -9999 -9999 -9999 -9999 -9999 -9999 -9999 -9999 -9999 -9999 -9999 -9999 -9999
-9999 -9999 -9999 -9999 -9999 -9999 -9999 -9999 -9999 -9999 -9999 -9999 -9999 -9999 -9999 -9999 -9999 -9999 -9999 -9999 -9999 -9999 -9999 -9999 -9999 -9999 -9999 -9999 -9999 -9999 -9999 -9999 -9999 -9999 -9999 -9999 -9999 -9999 -9999 -9999 -9999 -9999 -9999 -9999 -9999 -9999 -9999 -9999 -9999 -9999 -9999 -9999 -9999 -9999 -9999 -9999 -9999 -9999 -9999 -9999 -9999 -9999
-9999 -9999 -9999 -9999 -9999 -9999 -9999 -9999 -9999 -9999 -9999 -9999 -9999 -9999 -9999 -9999 -9999 -9999 -9999 -9999 -9999 -9999 -9999 -9999 -9999 -9999 -9999 -9999 -9999 -9999 -9999 -9999 -9999 -9999 -9999 -9999 -9999 -9999 -9999 -9999 -9999 -9999 -9999 -9999 -9999 -9999 -9999 -9999 -9999 -9999 -9999 -9999 -9999 -9999 -9999 -9999 -9999 -9999 -9999 -9999 -9999 -9999
-9999 -9999 -9999 -9999 -9999 -9999 -9999 -9999 -9999 -9999 -9999 -9999 -9999 -9999 -9999 -9999 -9999 -9999 -9999 -9999 -9999 -9999 -9999 -9999 -9999 -9999 -9999 -9999 -9999 -9999 -9999 -9999 -9999 -9999 -9999 -9999 -9999 -9999 -9999 -9999 -9999 -9999 -9999 -9999 -9999 -9999 -9999 -9999 -9999 -9999 -9999 -9999 -9999 -9999 -9999 -9999 -9999 -9999 -9999 -9999 -9999 -9999
-9999 -9999 -9999 -9999 -9999 -9999 -9999 -9999 -9999 -9999 -9999 -9999 -9999 -9999 -9999 -9999 -9999 -9999 -9999 -9999 -9999 -9999 -9999 -9999 -9999 -9999 -9999 -9999 -9999 -9999 -9999 -9999 -9999 -9999 -9999 -9999 -9999 -9999 -9999 -9999 -9999 -9999 -9999 -9999 -9999 -9999 -9999 -9999 -9999 -9999 -9999 -9999 -9999 -9999 -9999 -9999 -9999 -9999 -9999 -9999 -9999 -9999
-9999 -9999 -9999 -9999 -9999 -9999 -9999 -9999 -9999 -9999 -9999 -9999 -9999 -9999 -9999 -9999 -9999 -9999 -9999 -9999 -9999 -9999 -9999 -9999 -9999 -9999 882.090756203031 882.090756203031 882.090756203031 882.090756203031 882.090756203031 882.090756203031 824.848908955927 824.848908955927 824.848908955927 824.848908955927 824.848908955927 824.848908955927 -9999 -9999 -9999 -9999 -9999 -9999 -9999 -9999 -9999 -9999 -9999 -9999 -9999 -9999 -9999 -9999 -9999 -9999 -9999 -9999 -9999 -9999 -9999 -9999
-9999 -9999 -9999 -9999 -9999 -9999 -9999 -9999 -9999 -9999 -9999 -9999 -9999 -9999 -9999 -9999 -9999 -9999 -9999 -9999 -9999 846.573816552827 846.573816552827 -9999 -9999 841.088826002031 841.088826002031 882.090756203031 882.090756203031 882.090756203031 882.090756203031 824.848908955927 824.848908955927 824.848908955927 824.848908955927 824.848908955927 824.848908955927 824.848908955927 824.848908955927 824.848908955927 824.848908955927 824.848908955927 -9999 -9999 -9999 -9999 -9999 -9999 -9999 -9999 -9999 -9999 -9999 -9999 -9999 -9999 -9999 -9999 -9999 -9999 -9999 -9999
-9999 -9999 -9999 -9999 -9999 -9999 -9999 -9999 -9999 -9999 -9999 -9999 -9999 -9999 -9999 -9999 -9999 -9999 778.614084058021 778.614084058021 -9999 846.573816552827 846.573816552827 -9999 -9999 841.088826002031 841.088826002031 882.090756203031 882.090756203031 882.090756203031 824.848908955927 824.848908955927 824.848908955927 824.848908955927 824.848908955927 824.848908955927 824.848908955927 824.848908955927 824.848908955927 824.848908955927 824.848908955927 824.848908955927 824.848908955927 -9999 -9999 -9999 -9999 -9999 -9999 -9999 -9999 -9999 -9999 -9999 -9999 -9999 -9999 -9999 -9999 -9999 -9999 -9999
-9999 -9999 -9999 -9999 -9999 -9999 -9999 -9999 -9999 -9999 -9999 778.614084058021 -9999 -9999 -9999 778.614084058021 778.614084058021 778.614084058021 778.614084058021 778.614084058021 778.614084058021 846.573816552827 846.573816552827 841.088826002031 841.088826002031 841.088826002031 841.088826002031 882.090756203031 882.090756203031 882.090756203031 824.848908955927 824.848908955927 824.848908955927 824.848908955927 824.848908955927 824.848908955927 824.848908955927 824.848908955927 801.533975633977 801.533975633977 801.533975633977 801.533975633977 801.533975633977 801.533975633977 -9999 -9999 -9999 -9999 -9999 -9999 -9999 -9999 -9999 -9999 -9999 -9999 -9999 -9999 -9999 -9999 -9999 -9999
-9999 -9999 -9999 -9999 -9999 -9999 -9999 -9999 -9999 -9999 -9999 778.614084058021 778.614084058021 778.614084058021 778.614084058021 778.614084058021 778.614084058021 778.614084058021 778.614084058021 778.614084058021 781.553387593907 846.573816552827 846.573816552827 841.088826002031 841.088826002031 841.088826002031 841.088826002031 882.090756203031 882.090756203031 882.090756203031 882.090756203031 824.848908955927 824.848908955927 824.848908955927 801.533975633977 801.533975633977 801.533975633977 801.533975633977 801.533975633977 801.533975633977 801.533975633977 801.533975633977 801.533975633977 795.028207682107 795.028207682107 -9999 -9999 -9999 -9999 -9999 -9999 -9999 -9999 -9999 -9999 -9999 -9999 -9999 -9999 -9999 -9999 -9999
-9999 -9999 -9999 -9999 -9999 -9999 -9999 -9999 -9999 804.305020003274 804.305020003274 804.305020003274 778.614084058021 778.614084058021 778.614084058021 778.614084058021 778.614084058021 781.553387593907 781.553387593907 781.553387593907 846.573816552827 846.573816552827 846.573816552827 841.088826002031 841.088826002031 841.088826002031 841.088826002031 882.090756203031 882.090756203031 882.090756203031 801.533975633977 801.533975633977 801.533975633977 801.533975633977 801.533975633977 801.533975633977 801.533975633977 801.533975633977 801.533975633977 801.533975633977 801.533975633977 801.533975633977 801.533975633977 795.028207682107 820.329326776811 795.028207682107 795.028207682107 -9999 -9999 -9999 -9999 -9999 -9999 -9999 -9999 -9999 -9999 -9999 -9999 -9999 -9999 -9999
-9999 -9999 -9999 -9999 -9999 -9999 -9999 804.305020003274 804.305020003274 804.305020003274 804.305020003274 804.305020003274 804.305020003274 778.614084058021 778.614084058021 778.614084058021 781.553387593907 781.553387593907 781.553387593907 781.553387593907 846.573816552827 846.573816552827 846.573816552827 846.573816552827 841.088826002031 841.088826002031 882.090756203031 882.090756203031 882.090756203031 882.090756203031 882.090756203031 882.090756203031 882.090756203031 882.090756203031 882.090756203031 795.028207682107 795.028207682107 795.028207682107 795.028207682107 801.533975633977 801.533975633977 795.028207682107 795.028207682107 820.329326776811 820.329326776811 696.194675199929 696.194675199929 795.028207682107 -9999 -9999 -9999 -9999 -9999 -9999 -9999 -9999 -9999 -9999 -9999 -9999 -9999 -9999
-9999 -9999 -9999 -9999 -9999 -9999 -9999 804.305020003274 804.305020003274 804.305020003274 804.305020003274 804.305020003274 778.614084058021 778.614084058021 778.614084058021 778.614084058021 781.553387593907 781.553387593907 781.553387593907 846.573816552827 846.573816552827 846.573816552827 846.573816552827 846.573816552827 841.088826002031 841.088826002031 882.090756203031 882.090756203031 882.090756203031 882.090756203031 882.090756203031 882.090756203031 795.028207682107 795.028207682107 795.028207682107 795.028207682107 795.028207682107 795.028207682107 795.028207682107 795.028207682107 795.028207682107 795.028207682107 820.329326776811 820.329326776811 820.329326776811 696.194675199929 696.194675199929 696.194675199929 649.728752010857 649.728752010857 -9999 -9999 -9999 -9999 -9999 -9999 -9999 -9999 -9999 -9999 -9999 -9999
-9999 -9999 -9999 -9999 -9999 -9999 804.305020003274 804.305020003274 804.305020003274 804.305020003274 804.305020003274 804.305020003274 778.614084058021 778.614084058021 778.614084058021 778.614084058021 781.553387593907 781.553387593907 781.553387593907 781.553387593907 846.573816552827 846.573816552827 846.573816552827 846.573816552827 841.088826002031 841.088826002031 841.088826002031 882.090756203031 882.090756203031 882.090756203031 882.090756203031 795.028207682107 795.028207682107 795.028207682107 795.028207682107 795.028207682107 795.028207682107 820.329326776811 820.329326776811 820.329326776811 820.329326776811 820.329326776811 820.329326776811 820.329326776811 696.194675199929 696.194675199929 696.194675199929 696.194675199929 696.194675199929 649.728752010857 649.728752010857 649.728752010857 649.728752010857 649.728752010857 649.728752010857 649.728752010857 -9999 -9999 521.744370300657 -9999 -9999 -9999
-9999 -9999 -9999 -9999 -9999 -9999 -9999 -9999 804.305020003274 804.305020003274 804.305020003274 804.305020003274 804.305020003274 778.614084058021 778.614084058021 781.553387593907 781.553387593907 781.553387593907 781.553387593907 781.553387593907 846.573816552827 846.573816552827 846.573816552827 846.573816552827 846.573816552827 765 765 882.090756203031 882.090756203031 795.028207682107 795.028207682107 795.028207682107 795.028207682107 716.57190388764 716.57190388764 716.57190388764 716.57190388764 820.329326776811 820.329326776811 820.329326776811 820.329326776811 820.329326776811 820.329326776811 820.329326776811 696.194675199929 696.194675199929 696.194675199929 696.194675199929 696.194675199929 649.728752010857 649.728752010857 649.728752010857 649.728752010857 649.728752010857 649.728752010857 649.728752010857 649.728752010857 649.728752010857 521.744370300657 521.744370300657 521.744370300657 521.744370300657
-9999 -9999 -9999 -9999 -9999 -9999 -9999 -9999 768.399428246822 768.399428246822 768.399428246822 768.399428246822 768.399428246822 768.399428246822 768.399428246822 781.553387593907 781.553387593907 781.553387593907 781.553387593907 781.553387593907 781.553387593907 846.573816552827 846.573816552827 846.573816552827 765 765 765 765 765 795.028207682107 795.028207682107 795.028207682107 795.028207682107 716.57190388764 716.57190388764 716.57190388764 716.57190388764 820.329326776811 820.329326776811 820.329326776811 820.329326776811 820.329326776811 820.329326776811 696.194675199929 696.194675199929 696.194675199929 696.194675199929 696.194675199929 696.194675199929 706 649.728752010857 649.728752010857 649.728752010857 649.728752010857 649.728752010857 649.728752010857 649.728752010857 649.728752010857 521.744370300657 521.744370300657 521.744370300657 521.744370300657
-9999 -9999 -9999 -9999 -9999 -9999 -9999 768.399428246822 768.399428246822 768.399428246822 768.399428246822 768.399428246822 768.399428246822 768.399428246822 768.399428246822 768.399428246822 781.553387593907 781.553387593907 781.553387593907 781.553387593907 781.553387593907 767.998865254116 846.573816552827 846.573816552827 765 765 765 765 765 765 705.547302016662 705.547302016662 716.57190388764 716.57190388764 716.57190388764 716.57190388764 716.57190388764 820.329326776811 820.329326776811 820.329326776811 820.329326776811 820.329326776811 696.194675199929 696.194675199929 696.194675199929 696.194675199929 696.194675199929 696.194675199929 696.194675199929 706 649.728752010857 649.728752010857 649.728752010857 649.728752010857 649.728752010857 649.728752010857 649.728752010857 649.728752010857 649.728752010857 521.744370300657 521.744370300657 521.744370300657
-9999 -9999 -9999 -9999 -9999 -9999 -9999 768.399428246822 768.399428246822 768.399428246822 768.399428246822 768.399428246822 768.399428246822 768.399428246822 768.399428246822 768.399428246822 768.399428246822 781.553387593907 781.553387593907 781.553387593907 767.998865254116 767.998865254116 767.998865254116 765 765 765 765 765 765 765 705.547302016662 705.547302016662 716.57190388764 716.57190388764 716.57190388764 716.57190388764 820.329326776811 820.329326776811 820.329326776811 702.5 820.329326776811 820.329326776811 696.194675199929 696.194675199929 696.194675199929 696.194675199929 696.194675199929 696.194675199929 706 706 706 649.728752010857 649.728752010857 649.728752010857 649.728752010857 649.728752010857 649.728752010857 649.728752010857 521.744370300657 521.744370300657 521.744370300657 521.744370300657
-9999 -9999 -9999 -9999 -9999 -9999 -9999 772.164317714629 772.164317714629 768.399428246822 768.399428246822 768.399428246822 768.399428246822 768.399428246822 768.399428246822 768.399428246822 768.399428246822 717.213965902085 767.998865254116 767.998865254116 767.998865254116 767.998865254116 767.998865254116 765 765 765 765 726.5 726.5 726.5 726.5 705.547302016662 705.547302016662 716.57190388764 716.57190388764 716.57190388764 716.57190388764 820.329326776811 702.5 702.5 702.5 820.329326776811 696.194675199929 696.194675199929 696.194675199929 696.194675199929 696.194675199929 706 706 706 706 706 649.728752010857 649.728752010857 649.728752010857 649.728752010857 649.728752010857 521.744370300657 521.744370300657 521.744370300657 521.744370300657 521.744370300657
-9999 -9999 -9999 -9999 -9999 -9999 779.834446229831 772.164317714629 772.164317714629 772.164317714629 772.164317714629 772.164317714629 772.164317714629 772.164317714629 768.399428246822 768.399428246822 768.399428246822 768.399428246822 717.213965902085 767.998865254116 767.998865254116 767.998865254116 767.998865254116 662.542519628571 765 765 765 726.5 726.5 726.5 726.5 705.547302016662 705.547302016662 716.57190388764 716.57190388764 716.57190388764 716.57190388764 702.5 702.5 702.5 702.5 702.5 683.4557079113 683.4557079113 683.4557079113 683.4557079113 683.4557079113 706 706 706 706 706 706 706 706 649.728752010857 649.728752010857 521.744370300657 521.744370300657 521.744370300657 521.744370300657 521.744370300657
-9999 -9999 -9999 -9999 -9999 -9999 779.834446229831 779.834446229831 772.164317714629 772.164317714629 772.164317714629 772.164317714629 772.164317714629 772.164317714629 717.213965902085 717.213965902085 717.213965902085 717.213965902085 717.213965902085 767.998865254116 767.998865254116 767.998865254116 662.542519628571 662.542519628571 662.542519628571 662.542519628571 726.5 726.5 726.5 726.5 726.5 705.547302016662 705.547302016662 716.57190388764 716.57190388764 716.57190388764 716.57190388764 702.5 702.5 702.5 702.5 702.5 683.4557079113 683.4557079113 683.4557079113 683.4557079113 683.4557079113 706 706 706 706 706 706 706 706 706 706 521.744370300657 521.744370300657 521.744370300657 521.744370300657 521.744370300657
-9999 -9999 -9999 -9999 -9999 779.834446229831 779.834446229831 779.834446229831 772.164317714629 772.164317714629 772.164317714629 772.164317714629 772.164317714629 717.213965902085 717.213965902085 717.213965902085 717.213965902085 717.213965902085 717.213965902085 767.998865254116 767.998865254116 767.998865254116 662.542519628571 662.542519628571 662.542519628571 726.5 726.5 726.5 726.5 726.5 726.5 705.547302016662 705.547302016662 716.57190388764 716.57190388764 716.57190388764 716.57190388764 702.5 702.5 702.5 702.5 702.5 683.4557079113 683.4557079113 683.4557079113 683.4557079113 683.4557079113 706 706 706 706 706 706 521.744370300657 706 521.744370300657 521.744370300657 521.744370300657 521.744370300657 521.744370300657 521.744370300657 521.744370300657
-9999 -9999 -9999 -9999 779.834446229831 779.834446229831 779.834446229831 779.834446229831 779.834446229831 772.164317714629 772.164317714629 772.164317714629 758.846120159495 717.213965902085 717.213965902085 717.213965902085 717.213965902085 717.213965902085 767.998865254116 767.998865254116 767.998865254116 767.998865254116 662.542519628571 726.5 726.5 726.5 726.5 726.5 726.5 726.5 705.547302016662 705.547302016662 716.57190388764 716.57190388764 716.57190388764 716.57190388764 716.57190388764 702.5 702.5 702.5 702.5 683.4557079113 683.4557079113 683.4557079113 683.4557079113 683.4557079113 683.4557079113 706 706 706 706 706 585.122726927321 521.744370300657 521.744370300657 521.744370300657 521.744370300657 521.744370300657 521.744370300657 521.744370300657 521.744370300657 521.744370300657
-9999 -9999 -9999 -9999 -9999 779.834446229831 779.834446229831 779.834446229831 779.834446229831 779.834446229831 758.846120159495 758.846120159495 758.846120159495 717.213965902085 717.213965902085 717.213965902085 717.213965902085 767.998865254116 767.998865254116 767.998865254116 767.998865254116 662.542519628571 662.542519628571 726.5 726.5 726.5 726.5 726.5 726.5 726.5 705.547302016662 705.547302016662 705.547302016662 716.57190388764 716.57190388764 716.57190388764 702.5 702.5 702.5 702.5 702.5 683.4557079113 683.4557079113 683.4557079113 683.4557079113 683.4557079113 683.4557079113 683.4557079113 585.122726927321 585.122726927321 585.122726927321 585.122726927321 585.122726927321 585.122726927321 521.744370300657 521.744370300657 574.846437233141 574.846437233141 574.846437233141 574.846437233141 478.185904581079 478.185904581079
