layers/rainwind/HTI_rain_wind_rain_oct4.asc
NCOLS 343 
NROWS 248 
XLLCORNER -74.4803996469999 
YLLCORNER 18.0221399550001 
CELLSIZE 0.00833308698833808 
NODATA_value -9999 
[rows 162 to 188 of 248, columns 248 to 309 of 343]
2015.13391983447 2015.13391983447 1921.55077146573 1921.55077146573 1921.55077146573 1921.55077146573 1921.55077146573 1921.55077146573 1921.55077146573 1845.92827144991 1845.92827144991 1845.92827144991 1845.92827144991 1845.92827144991 1845.92827144991 1845.92827144991 1845.92827144991 1936.23617636432 1936.23617636432 1936.23617636432 1936.23617636432 1604.05500450397 1604.05500450397 1604.05500450397 1604.05500450397 1604.05500450397 1325.48309183045 1325.48309183045 1325.48309183045 1325.48309183045 1325.48309183045 1325.48309183045 1263.92387303185 1263.92387303185 1263.92387303185 1263.92387303185 1263.92387303185 1263.92387303185 1263.92387303185 1263.92387303185 1263.92387303185 1145.70184284 1145.70184284 1145.70184284 1145.70184284 1145.70184284 1145.70184284 1145.70184284 1183.96989402516 1145.70184284 1145.70184284 1233.40877538575 1233.40877538575 1233.40877538575 1233.40877538575 1233.40877538575 1233.40877538575 1233.40877538575 1233.40877538575 1274.56656085328 1274.56656085328 1274.56656085328
2015.13391983447 2015.13391983447 1921.55077146573 1921.55077146573 1921.55077146573 1921.55077146573 1921.55077146573 1921.55077146573 1921.55077146573 1845.92827144991 1845.92827144991 1845.92827144991 1845.92827144991 1845.92827144991 1845.92827144991 1845.92827144991 1845.92827144991 1845.92827144991 1936.23617636432 1936.23617636432 1936.23617636432 1604.05500450397 1604.05500450397 1604.05500450397 1604.05500450397 1604.05500450397 1604.05500450397 1325.48309183045 1325.48309183045 1325.48309183045 1325.48309183045 1325.48309183045 1263.92387303185 1263.92387303185 1263.92387303185 1263.92387303185 1263.92387303185 1263.92387303185 1263.92387303185 1263.92387303185 1183.96989402516 1145.70184284 1145.70184284 1145.70184284 1145.70184284 1145.70184284 1183.96989402516 1145.70184284 1183.96989402516 1233.40877538575 1233.40877538575 1233.40877538575 1233.40877538575 1233.40877538575 1233.40877538575 1233.40877538575 1233.40877538575 1233.40877538575 1233.40877538575 1233.40877538575 1233.40877538575 1274.56656085328
2015.13391983447 2015.13391983447 1921.55077146573 1921.55077146573 1921.55077146573 1921.55077146573 1921.55077146573 1921.55077146573 1921.55077146573 1845.92827144991 1845.92827144991 1845.92827144991 1845.92827144991 1845.92827144991 1845.92827144991 1845.92827144991 1845.92827144991 1936.23617636432 1936.23617636432 1936.23617636432 1936.23617636432 1604.05500450397 1604.05500450397 1604.05500450397 1604.05500450397 1604.05500450397 1604.05500450397 1604.05500450397 1325.48309183045 1325.48309183045 1325.48309183045 1325.48309183045 1263.92387303185 1263.92387303185 1263.92387303185 1263.92387303185 1263.92387303185 1263.92387303185 1263.92387303185 1183.96989402516 1183.96989402516 1183.96989402516 1183.96989402516 1183.96989402516 1183.96989402516 1183.96989402516 1183.96989402516 1183.96989402516 1183.96989402516 1233.40877538575 1233.40877538575 1319.74593198796 1233.40877538575 1233.40877538575 1233.40877538575 1233.40877538575 1233.40877538575 1233.40877538575 1233.40877538575 1233.40877538575 1233.40877538575 1233.40877538575
-9999 -9999 -9999 1921.55077146573 1921.55077146573 1921.55077146573 1921.55077146573 1921.55077146573 1921.55077146573 1921.55077146573 1845.92827144991 1845.92827144991 1845.92827144991 1845.92827144991 1845.92827144991 1936.23617636432 1936.23617636432 1936.23617636432 1936.23617636432 1936.23617636432 1936.23617636432 1604.05500450397 1604.05500450397 1604.05500450397 1604.05500450397 1604.05500450397 1604.05500450397 1604.05500450397 1604.05500450397 1325.48309183045 1325.48309183045 1325.48309183045 1263.92387303185 1263.92387303185 1263.92387303185 1263.92387303185 1263.92387303185 1183.96989402516 1183.96989402516 1183.96989402516 1183.96989402516 1183.96989402516 1183.96989402516 1183.96989402516 1183.96989402516 1183.96989402516 1183.96989402516 1273.01957810874 1273.01957810874 1273.01957810874 1319.74593198796 1319.74593198796 1319.74593198796 1319.74593198796 1233.40877538575 1233.40877538575 1233.40877538575 1233.40877538575 1233.40877538575 1233.40877538575 1233.40877538575 1233.40877538575
-9999 -9999 -9999 -9999 1921.55077146573 1921.55077146573 1921.55077146573 1921.55077146573 1921.55077146573 1921.55077146573 1921.55077146573 1921.55077146573 1845.92827144991 1845.92827144991 1845.92827144991 1845.92827144991 1936.23617636432 1936.23617636432 1936.23617636432 1936.23617636432 1936.23617636432 1604.05500450397 1604.05500450397 1604.05500450397 1604.05500450397 1604.05500450397 1604.05500450397 1604.05500450397 1604.05500450397 1604.05500450397 1325.48309183045 1325.48309183045 1263.92387303185 1505 1505 1505 1183.96989402516 1183.96989402516 1183.96989402516 1183.96989402516 1183.96989402516 1183.96989402516 1183.96989402516 1183.96989402516 1183.96989402516 1183.96989402516 1273.01957810874 1273.01957810874 1273.01957810874 1273.01957810874 1273.01957810874 1273.01957810874 1319.74593198796 1319.74593198796 1319.74593198796 1319.74593198796 1319.74593198796 1233.40877538575 1233.40877538575 1233.40877538575 1233.40877538575 1233.40877538575
-9999 -9999 -9999 -9999 -9999 -9999 -9999 1921.55077146573 1921.55077146573 1921.55077146573 1921.55077146573 1921.55077146573 1845.92827144991 1845.92827144991 1845.92827144991 1845.92827144991 1936.23617636432 1936.23617636432 1936.23617636432 1936.23617636432 1604.05500450397 1604.05500450397 1604.05500450397 1604.05500450397 1604.05500450397 1604.05500450397 1604.05500450397 1604.05500450397 1604.05500450397 1604.05500450397 1604.05500450397 1505 1505 1505 1505 1505 1505 1183.96989402516 1183.96989402516 1183.96989402516 1183.96989402516 1183.96989402516 1183.96989402516 1183.96989402516 1183.96989402516 1273.01957810874 1273.01957810874 1273.01957810874 1273.01957810874 1273.01957810874 1273.01957810874 1273.01957810874 1273.01957810874 1319.74593198796 1319.74593198796 1319.74593198796 1319.74593198796 1319.74593198796 1233.40877538575 1233.40877538575 1233.40877538575 1233.40877538575
-9999 -9999 -9999 -9999 -9999 -9999 -9999 -9999 -9999 1921.55077146573 1845.92827144991 1845.92827144991 1845.92827144991 1845.92827144991 1845.92827144991 1845.92827144991 1936.23617636432 1936.23617636432 1936.23617636432 1936.23617636432 1604.05500450397 1604.05500450397 1604.05500450397 1604.05500450397 1604.05500450397 1604.05500450397 1604.05500450397 1604.05500450397 1604.05500450397 1604.05500450397 1604.05500450397 1505 1505 1505 1505 1505 1505 1183.96989402516 1183.96989402516 1183.96989402516 1183.96989402516 1183.96989402516 1183.96989402516 1273.01957810874 1273.01957810874 1273.01957810874 1273.01957810874 1273.01957810874 1273.01957810874 1273.01957810874 1273.01957810874 1273.01957810874 1273.01957810874 1273.01957810874 1319.74593198796 1319.74593198796 1319.74593198796 1319.74593198796 1319.74593198796 1319.74593198796 1319.74593198796 1598.36390217776
-9999 -9999 -9999 -9999 -9999 -9999 -9999 -9999 -9999 -9999 -9999 1829.82859488646 1845.92827144991 1845.92827144991 1845.92827144991 1845.92827144991 1936.23617636432 1936.23617636432 1936.23617636432 1936.23617636432 1936.23617636432 1604.05500450397 1604.05500450397 1604.05500450397 1604.05500450397 1604.05500450397 1604.05500450397 1604.05500450397 1604.05500450397 1505 1604.05500450397 1505 1505 1505 1505 1505 1505 1505 1505 1505 1505 1505 1505 1273.01957810874 1273.01957810874 1273.01957810874 1273.01957810874 1273.01957810874 1273.01957810874 1273.01957810874 1273.01957810874 1273.01957810874 1273.01957810874 1273.01957810874 1319.74593198796 1319.74593198796 1319.74593198796 1319.74593198796 1319.74593198796 1319.74593198796 1319.74593198796 1598.36390217776
-9999 -9999 -9999 -9999 -9999 -9999 -9999 -9999 -9999 -9999 -9999 -9999 1829.82859488646 1829.82859488646 1845.92827144991 1845.92827144991 1936.23617636432 1936.23617636432 1936.23617636432 1936.23617636432 1936.23617636432 1604.05500450397 1604.05500450397 1604.05500450397 1604.05500450397 1604.05500450397 1604.05500450397 1604.05500450397 1505 1505 1505 1505 1505 1505 1505 1505 1505 1505 1505 1505 1505 1505 1505 1273.01957810874 1273.01957810874 1273.01957810874 1273.01957810874 1273.01957810874 1273.01957810874 1273.01957810874 1273.01957810874 1273.01957810874 1273.01957810874 1273.01957810874 1273.01957810874 1319.74593198796 1319.74593198796 1319.74593198796 1319.74593198796 1319.74593198796 1319.74593198796 1319.74593198796
-9999 -9999 -9999 -9999 -9999 -9999 -9999 -9999 -9999 -9999 -9999 1829.82859488646 1829.82859488646 1829.82859488646 1829.82859488646 1845.92827144991 1936.23617636432 1936.23617636432 1936.23617636432 1936.23617636432 1936.23617636432 1604.05500450397 1604.05500450397 1991.21997030586 1604.05500450397 1604.05500450397 1604.05500450397 1505 1505 1505 1505 1505 1505 1505 1505 1505 1505 1505 1505 1505 1505 1505 1505 1505 1505 1273.01957810874 1273.01957810874 1273.01957810874 1273.01957810874 1273.01957810874 1273.01957810874 1273.01957810874 1273.01957810874 1273.01957810874 1273.01957810874 1319.74593198796 1319.74593198796 1319.74593198796 1319.74593198796 1598.36390217776 1598.36390217776 1598.36390217776
-9999 -9999 -9999 -9999 -9999 -9999 -9999 -9999 -9999 -9999 1829.82859488646 1829.82859488646 1829.82859488646 1829.82859488646 1829.82859488646 1829.82859488646 1991.21997030586 1936.23617636432 1991.21997030586 1991.21997030586 1991.21997030586 1991.21997030586 1991.21997030586 1991.21997030586 1991.21997030586 1604.05500450397 1505 1505 1505 1505 1505 1505 1505 1505 1505 1505 1505 1505 1505 1505 1505 1505 1505 1505 1505 1505 1505 1273.01957810874 1273.01957810874 1273.01957810874 1273.01957810874 1273.01957810874 1273.01957810874 -9999 -9999 1319.74593198796 1319.74593198796 1319.74593198796 1319.74593198796 1319.74593198796 1598.36390217776 1598.36390217776
-9999 -9999 -9999 -9999 -9999 -9999 -9999 -9999 -9999 1829.82859488646 1829.82859488646 1829.82859488646 1829.82859488646 1829.82859488646 1829.82859488646 1829.82859488646 1829.82859488646 1991.21997030586 1991.21997030586 1991.21997030586 1991.21997030586 1991.21997030586 1991.21997030586 1991.21997030586 1991.21997030586 1505 1505 1505 1505 1505 1505 1505 1505 1505 1505 1505 1505 1505 1505 1505 1505 1505 1505 1505 1505 1505 1505 1505 1273.01957810874 1273.01957810874 1273.01957810874 1273.01957810874 -9999 -9999 -9999 -9999 -9999 1319.74593198796 1319.74593198796 1319.74593198796 -9999 -9999
-9999 -9999 -9999 -9999 -9999 -9999 -9999 -9999 -9999 1829.82859488646 1829.82859488646 1829.82859488646 1829.82859488646 1829.82859488646 1829.82859488646 1829.82859488646 1829.82859488646 1829.82859488646 1991.21997030586 1991.21997030586 1991.21997030586 1991.21997030586 1991.21997030586 1991.21997030586 1991.21997030586 1493.30674246116 1505 1505 1505 1505 1505 1505 1505 1505 1505 1505 1505 1505 1505 1505 1505 1505 1505 1505 1505 1505 1505 1505 1505 1505 1273.01957810874 -9999 -9999 -9999 -9999 -9999 -9999 -9999 -9999 -9999 -9999 -9999
-9999 -9999 -9999 -9999 -9999 -9999 -9999 1829.82859488646 1829.82859488646 1829.82859488646 1829.82859488646 1829.82859488646 1829.82859488646 1829.82859488646 1829.82859488646 1829.82859488646 1829.82859488646 1991.21997030586 1991.21997030586 1991.21997030586 1991.21997030586 1991.21997030586 1991.21997030586 1991.21997030586 1493.30674246116 1493.30674246116 1493.30674246116 1505 1505 1505 1407.87312899748 1407.87312899748 1407.87312899748 1407.87312899748 1407.87312899748 1407.87312899748 1407.87312899748 1505 1505 1505 1505 1505 1505 1505 1505 1505 1505 1505 1505 -9999 -9999 -9999 -9999 -9999 -9999 -9999 -9999 -9999 -9999 -9999 -9999 -9999
-9999 -9999 -9999 -9999 -9999 -9999 -9999 -9999 2074.67291152989 1829.82859488646 1829.82859488646 1829.82859488646 1829.82859488646 1829.82859488646 1829.82859488646 1829.82859488646 1829.82859488646 1991.21997030586 1991.21997030586 1991.21997030586 1991.21997030586 1991.21997030586 1991.21997030586 1991.21997030586 1493.30674246116 1493.30674246116 1493.30674246116 1505 1505 1505 1407.87312899748 1407.87312899748 1407.87312899748 1407.87312899748 1407.87312899748 1407.87312899748 1407.87312899748 1505 1505 1336.43308726701 1336.43308726701 1505 1505 1505 1505 1505 1505 1505 1505 1505 -9999 -9999 -9999 -9999 -9999 -9999 -9999 -9999 -9999 -9999 -9999 -9999
-9999 -9999 -9999 -9999 -9999 -9999 -9999 -9999 2074.67291152989 2074.67291152989 2074.67291152989 2074.67291152989 1829.82859488646 1829.82859488646 1829.82859488646 1829.82859488646 1991.21997030586 1991.21997030586 1991.21997030586 1991.21997030586 1991.21997030586 1991.21997030586 1991.21997030586 1991.21997030586 1493.30674246116 1493.30674246116 1493.30674246116 1505 1493.30674246116 1493.30674246116 1407.87312899748 1407.87312899748 1407.87312899748 1407.87312899748 1407.87312899748 1407.87312899748 1407.87312899748 1407.87312899748 1407.87312899748 1407.87312899748 1336.43308726701 1336.43308726701 1336.43308726701 1505 1505 1505 1505 1505 1505 1336.43308726701 1336.43308726701 1336.43308726701 -9999 -9999 -9999 -9999 -9999 -9999 -9999 -9999 -9999 -9999
-9999 -9999 -9999 -9999 -9999 -9999 -9999 -9999 2074.67291152989 2074.67291152989 2074.67291152989 1918.03290117105 1918.03290117105 1621.29000468918 1621.29000468918 1829.82859488646 1551.90848603924 1551.90848603924 1991.21997030586 1991.21997030586 1991.21997030586 1991.21997030586 1991.21997030586 1493.30674246116 1493.30674246116 1493.30674246116 1493.30674246116 1493.30674246116 1493.30674246116 1493.30674246116 1493.30674246116 1407.87312899748 1407.87312899748 1407.87312899748 1407.87312899748 1407.87312899748 1407.87312899748 1407.87312899748 1407.87312899748 1336.43308726701 1336.43308726701 1336.43308726701 1336.43308726701 1336.43308726701 1505 1505 1505 1336.43308726701 1336.43308726701 1336.43308726701 1336.43308726701 1336.43308726701 1336.43308726701 1336.43308726701 -9999 -9999 -9999 -9999 -9999 -9999 -9999 -9999
-9999 -9999 -9999 -9999 -9999 -9999 -9999 -9999 -9999 2074.67291152989 2074.67291152989 1918.03290117105 1918.03290117105 1918.03290117105 1918.03290117105 1621.29000468918 1621.29000468918 1621.29000468918 1621.29000468918 1991.21997030586 1991.21997030586 1991.21997030586 1991.21997030586 1493.30674246116 1493.30674246116 1493.30674246116 1493.30674246116 1493.30674246116 1493.30674246116 1493.30674246116 1493.30674246116 1407.87312899748 1407.87312899748 1407.87312899748 1407.87312899748 1407.87312899748 1407.87312899748 1407.87312899748 1407.87312899748 1336.43308726701 1336.43308726701 1336.43308726701 1336.43308726701 1336.43308726701 1505 1505 1336.43308726701 1336.43308726701 1336.43308726701 1336.43308726701 1336.43308726701 1336.43308726701 1336.43308726701 1336.43308726701 -9999 -9999 -9999 -9999 -9999 -9999 -9999 -9999
-9999 -9999 -9999 -9999 -9999 -9999 -9999 -9999 -9999 2074.67291152989 2074.67291152989 2074.67291152989 1918.03290117105 1918.03290117105 1621.29000468918 1621.29000468918 1621.29000468918 1621.29000468918 1621.29000468918 1621.29000468918 1551.90848603924 1991.21997030586 1493.30674246116 1493.30674246116 1493.30674246116 1493.30674246116 1493.30674246116 1493.30674246116 1493.30674246116 1493.30674246116 1493.30674246116 1407.87312899748 1407.87312899748 1336.43308726701 1407.87312899748 1407.87312899748 1407.87312899748 1407.87312899748 1407.87312899748 1336.43308726701 1336.43308726701 1336.43308726701 1336.43308726701 1336.43308726701 1336.43308726701 1336.43308726701 1336.43308726701 1336.43308726701 1336.43308726701 1336.43308726701 1336.43308726701 1336.43308726701 1336.43308726701 1336.43308726701 1336.43308726701 -9999 -9999 -9999 -9999 -9999 -9999 -9999
-9999 -9999 -9999 -9999 -9999 -9999 -9999 -9999 -9999 2074.67291152989 2074.67291152989 1771.81381917326 1771.81381917326 1621.29000468918 1621.29000468918 1621.29000468918 1621.29000468918 1621.29000468918 2006 2006 1551.90848603924 1551.90848603924 1991.21997030586 1493.30674246116 1493.30674246116 1493.30674246116 1493.30674246116 1493.30674246116 1493.30674246116 1493.30674246116 1493.30674246116 1407.87312899748 1407.87312899748 1336.43308726701 1407.87312899748 1407.87312899748 1407.87312899748 1407.87312899748 1407.87312899748 1336.43308726701 1336.43308726701 1336.43308726701 1336.43308726701 1336.43308726701 1336.43308726701 1336.43308726701 1336.43308726701 1336.43308726701 1336.43308726701 1336.43308726701 1336.43308726701 1336.43308726701 1336.43308726701 1336.43308726701 1336.43308726701 -9999 -9999 -9999 -9999 -9999 -9999 -9999
-9999 -9999 -9999 -9999 -9999 -9999 -9999 2074.67291152989 2074.67291152989 2074.67291152989 1771.81381917326 1771.81381917326 1771.81381917326 1771.81381917326 1771.81381917326 1771.81381917326 1621.29000468918 2006 2006 2006 2006 1551.90848603924 1551.90848603924 1551.90848603924 1551.90848603924 1493.30674246116 1493.30674246116 1493.30674246116 1493.30674246116 1493.30674246116 1493.30674246116 1493.30674246116 1336.43308726701 1336.43308726701 1336.43308726701 1336.43308726701 1336.43308726701 1407.87312899748 1407.87312899748 1336.43308726701 1336.43308726701 1336.43308726701 1336.43308726701 1336.43308726701 1336.43308726701 1336.43308726701 1336.43308726701 1336.43308726701 1336.43308726701 1336.43308726701 1336.43308726701 1336.43308726701 1336.43308726701 1336.43308726701 1343.5 1343.5 -9999 -9999 -9999 -9999 -9999 -9999
-9999 -9999 -9999 -9999 -9999 -9999 -9999 -9999 1998.5098685975 1771.81381917326 1771.81381917326 1771.81381917326 1771.81381917326 1771.81381917326 1771.81381917326 1771.81381917326 1771.81381917326 2006 2006 2006 2006 1551.90848603924 1551.90848603924 1551.90848603924 1551.90848603924 1461.94817274375 1461.94817274375 1461.94817274375 1461.94817274375 1461.94817274375 1461.94817274375 1461.94817274375 1439.63779077944 1439.63779077944 1336.43308726701 1336.43308726701 1336.43308726701 1336.43308726701 1336.43308726701 1336.43308726701 1336.43308726701 1336.43308726701 1336.43308726701 1336.43308726701 1336.43308726701 1336.43308726701 1336.43308726701 1336.43308726701 1336.43308726701 1336.43308726701 1336.43308726701 1336.43308726701 1336.43308726701 1343.5 1343.5 1343.5 1343.5 -9999 -9999 -9999 -9999 -9999
2530 -9999 -9999 -9999 -9999 -9999 -9999 -9999 1998.5098685975 1998.5098685975 1998.5098685975 1998.5098685975 1771.81381917326 1771.81381917326 1771.81381917326 1771.81381917326 1771.81381917326 1771.81381917326 1771.81381917326 2006 2006 2006 1551.90848603924 1551.90848603924 1551.90848603924 1551.90848603924 1461.94817274375 1461.94817274375 1461.94817274375 1461.94817274375 1461.94817274375 1439.63779077944 1439.63779077944 1439.63779077944 1439.63779077944 1439.63779077944 1439.63779077944 1336.43308726701 1336.43308726701 1336.43308726701 1336.43308726701 1336.43308726701 1336.43308726701 1336.43308726701 1336.43308726701 1336.43308726701 1336.43308726701 1336.43308726701 1336.43308726701 1336.43308726701 1336.43308726701 1336.43308726701 1343.5 1343.5 1343.5 1343.5 1343.5 1343.5 -9999 -9999 -9999 -9999
2530 2043.29708676859 2043.29708676859 -9999 -9999 -9999 -9999 -9999 1998.5098685975 1998.5098685975 1998.5098685975 1998.5098685975 1771.81381917326 1771.81381917326 1771.81381917326 1771.81381917326 1771.81381917326 1771.81381917326 1581.90250952768 1581.90250952768 2006 2006 1551.90848603924 1551.90848603924 1551.90848603924 1461.94817274375 1461.94817274375 1461.94817274375 1461.94817274375 1461.94817274375 1461.94817274375 1439.63779077944 1439.63779077944 1439.63779077944 1439.63779077944 1439.63779077944 1439.63779077944 1439.63779077944 1336.43308726701 1336.43308726701 1336.43308726701 1336.43308726701 1336.43308726701 1336.43308726701 1336.43308726701 1336.43308726701 1336.43308726701 1336.43308726701 1336.43308726701 1336.43308726701 1336.43308726701 1343.5 1343.5 1343.5 1343.5 1343.5 1343.5 1343.5 1343.5 -9999 -9999 -9999
2043.29708676859 2043.29708676859 2043.29708676859 2043.29708676859 -9999 -9999 2087.28492973928 2087.28492973928 1998.5098685975 1998.5098685975 1998.5098685975 1998.5098685975 1998.5098685975 1998.5098685975 1771.81381917326 1771.81381917326 1581.90250952768 1581.90250952768 1581.90250952768 1581.90250952768 1581.90250952768 1581.90250952768 1581.90250952768 1551.90848603924 1551.90848603924 1551.90848603924 1551.90848603924 1551.90848603924 1461.94817274375 1461.94817274375 1461.94817274375 1461.94817274375 1461.94817274375 1439.63779077944 1439.63779077944 1439.63779077944 1439.63779077944 1439.63779077944 1439.63779077944 1439.63779077944 1371.29909058837 1336.43308726701 1336.43308726701 1336.43308726701 1336.43308726701 1336.43308726701 1343.5 1343.5 1343.5 1343.5 1343.5 1343.5 1343.5 1343.5 1343.5 1343.5 1343.5 1343.5 1343.5 1343.5 -9999 -9999
2043.29708676859 2043.29708676859 2043.29708676859 2043.29708676859 2078.44957853846 2087.28492973928 2087.28492973928 2087.28492973928 1998.5098685975 2094.96621874445 1998.5098685975 1998.5098685975 1998.5098685975 1796.72582410186 1581.90250952768 1771.81381917326 1581.90250952768 1581.90250952768 1581.90250952768 1581.90250952768 1581.90250952768 1581.90250952768 1581.90250952768 1581.90250952768 1551.90848603924 1551.90848603924 1551.90848603924 1551.90848603924 1551.90848603924 1417.54767183064 1417.54767183064 1461.94817274375 1461.94817274375 1439.63779077944 1439.63779077944 1439.63779077944 1439.63779077944 1439.63779077944 1371.29909058837 1371.29909058837 1371.29909058837 1371.29909058837 1403.87192707683 1403.87192707683 1403.87192707683 1343.5 1343.5 1343.5 1343.5 1343.5 1343.5 1343.5 1343.5 1343.5 1343.5 1343.5 1343.5 1343.5 1343.5 1343.5 1343.5 -9999
2043.29708676859 2043.29708676859 2043.29708676859 2043.29708676859 2078.44957853846 2087.28492973928 2087.28492973928 2087.28492973928 2094.96621874445 2094.96621874445 2094.96621874445 1998.5098685975 1998.5098685975 1796.72582410186 1581.90250952768 1581.90250952768 1581.90250952768 1581.90250952768 1581.90250952768 1581.90250952768 1581.90250952768 1581.90250952768 1581.90250952768 1581.90250952768 1581.90250952768 1551.90848603924 1551.90848603924 1551.90848603924 1551.90848603924 1417.54767183064 1417.54767183064 1417.54767183064 1417.54767183064 1417.54767183064 1439.63779077944 1439.63779077944 1439.63779077944 1439.63779077944 1371.29909058837 1371.29909058837 1371.29909058837 1371.29909058837 1403.87192707683 1403.87192707683 1403.87192707683 1403.87192707683 1403.87192707683 1403.87192707683 1343.5 1343.5 1343.5 1343.5 1343.5 1343.5 1343.5 1343.5 1343.5 1343.5 1343.5 1343.5 1343.5 1343.5
