layers/rainwind/HTI_rain_wind_rain_score.asc
NCOLS 343 
NROWS 248 
XLLCORNER -74.4803996469999 
YLLCORNER 18.0221399550001 
CELLSIZE 0.00833308698833808 
NODATA_value -9999 
[rows 210 to 244 of 248, columns 160 to 239 of 343]
11 11 11 11 11 9.69 9.69 9.69 10.13 10.13 10.13 10.13 10.13 9.82 9.82 9.82 9.6 9.6 9.6 9.6 9.6 10.11 10.11 10.11 10.11 10.11 9.25 9.25 9.25 9.25 9.25 9.05 9.05 9.05 9.2 9.2 9.49 9.49 9.49 9.49 9.49 9.49 9.49 9.49 9.49 9.49 9.27 9.27 9.27 9.87 9.87 9.87 9.87 9.87 9.89 9.89 9.89 9.89 9.89 9.89 9.89 9.44 9.44 9.44 9.64 9.64 8.49 8.49 8.49 8.49 8.49 8.05 8.63 8.63 8.63 8.63 8.63 7.72 7.72 7.72
11 11 11 11 9.69 9.69 9.69 9.69 9.69 10.13 10.13 10.13 10.13 9.82 9.82 9.82 9.82 9.82 9.6 9.6 10.11 10.11 10.11 10.11 9.25 9.25 9.25 9.25 9.25 9.25 9.25 9.05 9.05 9.05 9.05 9.2 9.49 9.49 9.49 9.49 9.49 9.49 9.49 9.49 9.49 9.27 9.27 9.27 9.89 9.89 9.89 9.87 9.87 9.87 9.89 9.89 9.89 9.8 9.89 9.89 9.44 9.44 9.44 9.44 9.64 9.64 8.49 8.49 8.49 8.49 8.49 8.49 8.63 8.63 8.63 8.63 8.63 8.63 8.63 8.63
10.73 10.73 10.73 9.69 9.69 9.69 9.69 9.69 9.69 9.69 10.13 10.13 10.13 9.82 9.82 9.82 9.82 9.82 9.02 9.6 10.11 10.11 10.11 9.25 9.25 9.25 9.25 9.25 9.25 9.05 9.25 9.05 9.05 9.05 9.05 9.2 9.2 9.2 9.49 9.49 9.49 9.49 9.49 9.49 9.49 9.27 9.27 9.27 9.27 9.42 9.89 9.89 9.89 9.89 9.89 9.8 9.8 9.8 9.8 9.8 9.8 9.44 9.44 9.44 9.44 8.49 8.49 8.49 8.49 8.49 8.49 8.63 8.63 8.63 8.63 8.63 8.63 8.63 8.63 8.63
10.73 10.73 10.73 10.73 9.69 9.69 9.69 9.69 9.69 9.69 10.13 10.13 10.13 9.82 9.82 9.82 9.82 9.82 9.02 10.11 10.11 9.25 9.25 9.25 9.25 9.25 9.25 9.25 9.25 9.05 9.05 9.05 9.05 9.05 9.2 9.2 9.2 9.49 9.49 9.49 9.49 9.49 9.49 9.44 9.44 9.27 9.27 9.27 9.27 9.42 9.42 9.89 9.89 9.8 9.8 9.8 9.8 9.8 9.8 9.8 9.8 9.8 9.44 9.44 9.44 9.44 9.44 8.49 8.49 8.49 8.49 8.63 8.63 8.63 8.63 8.63 8.63 8.63 7.72 7.72
10.73 10.73 10.73 10.73 10.73 10.73 9.69 9.69 9.69 9.69 9.69 9.69 9.82 9.82 9.82 9.82 9.82 9.82 9.02 9.02 9.25 9.25 9.25 9.25 9.25 9.25 9.25 9.25 9.25 9.05 9.05 9.05 9.05 9.05 9.2 9.2 9.49 9.49 9.49 9.49 9.49 9.44 9.44 9.44 9.44 9.44 9.27 9.27 9.27 9.42 9.42 9.42 9.89 9.8 9.8 9.8 9.8 9.8 9.8 9.8 9.8 9.8 9.44 9.44 9.44 9.44 9.44 9.44 9.44 8.63 8.63 8.63 8.63 8.63 8.63 8.63 8.16 8.16 8.16 7.72
10.73 10.73 10.73 10.73 10.73 10.73 10.73 9.69 9.69 9.69 9.69 9.69 9.82 9.82 9.82 9.82 9.82 9.02 9.02 9.02 9.25 9.25 9.25 9.54 9.54 9.25 9.25 9.25 9.05 9.05 8.82 9.05 9.05 9.05 9.2 9.2 9.2 9.2 9.49 9.49 9.49 9.44 9.44 9.44 9.44 9.44 9.27 9.27 9.27 9.42 9.42 9.42 9.42 9.8 9.8 9.4 9.4 9.4 9.4 9.4 9.4 9.4 9.14 9.44 9.44 9.44 9.44 9.44 9.44 9.44 8.63 8.63 8.63 8.63 8.63 8.63 8.16 8.16 8.16 8.16
10.73 10.73 10.73 10.73 10.73 10.73 10.73 9.69 9.69 9.69 9.69 9.69 9.82 9.82 9.82 9.82 9.02 9.02 9.02 9.02 9.02 9.25 9.25 9.54 9.54 9.54 8.82 8.82 8.82 8.82 8.74 9.05 9.05 9.05 9.2 9.2 9.2 9.2 8.82 9.13 9.13 9.44 9.44 9.44 9.44 9.44 9.27 9.42 9.42 9.42 9.42 9.42 9.42 9.42 9.4 9.4 9.4 9.4 9.4 9.4 9.4 9.14 9.14 9.14 9.14 9.44 9.44 9.44 9.44 9.44 8.63 8.63 8.63 8.63 8.63 8.16 8.16 8.16 8.16 8.16
10.73 10.73 10.73 10.73 10.73 10.73 9.69 9.69 9.69 9.69 9.69 9.69 9.69 9.82 9.82 9.82 9.02 9.02 9.02 9.02 9.02 9.02 9.02 9.54 9.54 9.54 8.82 8.82 8.82 8.74 8.74 8.74 9.05 9.05 9.05 8.82 8.82 8.82 8.82 9.13 9.13 9.13 9.44 9.44 9.44 9.44 9.42 9.42 9.42 9.42 8.58 9.42 9.42 9.4 9.4 9.4 9.4 9.4 9.4 9.4 9.4 9.14 9.14 9.14 9.14 9.14 9.14 9.44 9.44 9.44 8.63 8.63 8.63 8.63 8.16 8.16 8.16 8.16 8.16 8.16
10.73 10.73 10.73 10.73 10.73 10.73 9.69 9.69 9.69 9.69 9.69 9.69 9.69 9.82 9.82 9.82 9.02 9.02 9.02 9.02 9.02 9.02 9.02 9.54 9.54 9.54 8.82 8.82 8.74 8.74 8.74 8.65 8.65 9.05 9.05 8.82 8.82 8.82 8.82 9.13 9.13 9.13 9.13 9.13 9.13 9.44 9.42 9.42 9.42 8.58 8.58 9.42 9.07 9.4 9.4 9.4 9.4 9.4 9.4 9.4 9.4 9.4 9.4 9.14 9.14 9.14 9.14 9.14 9.14 9.14 8.63 8.63 8.63 8.63 8.16 8.16 8.16 8.16 8.16 8.16
11.09 11.09 10.73 10.73 10.73 9.69 9.69 9.69 9.69 9.69 9.69 9.69 9.69 9.82 9.82 9.82 9.02 9.02 9.02 9.02 9.02 9.02 9.02 9.54 9.54 9.54 8.82 8.82 8.74 8.65 8.65 8.65 8.65 8.65 9.05 8.82 8.82 8.82 8.82 8.82 8.83 9.13 9.13 9.13 9.13 9.13 8.58 8.58 8.58 8.58 9.07 9.07 9.07 9.07 9.07 9.4 9.4 9.4 9.4 9.4 9.4 8.82 8.82 9.14 9.4 9.14 9.14 9.14 9.14 9.14 8.63 8.63 8.63 8.16 8.16 8.16 8.16 8.16 8.16 8.16
11.09 11.09 11.09 11.09 10.73 9.69 9.69 9.69 9.69 9.69 9.69 9.69 9.69 9.69 9.82 9.82 9.82 9.02 9.02 9.02 9.02 9.02 9.02 9.02 8.69 8.69 8.82 8.82 8.74 8.74 8.65 8.65 8.65 8.65 8.65 8.82 8.82 8.82 8.82 8.83 8.83 8.83 9.13 9.13 9.13 9.13 8.58 8.58 8.58 8.58 9.07 9.07 9.07 9.07 9.02 9.07 9.4 9.4 9.4 9.4 9.4 8.82 8.82 8.82 9.14 9.14 9.14 9.14 9.14 9.14 9.14 9.14 8.63 8.16 8.16 8.16 8.16 8.16 8.16 8.16
11.09 11.09 11.09 11.09 11.09 9.69 9.69 9.69 9.69 9.69 9.69 9.69 9.69 9.69 9.82 9.82 9.02 9.02 9.02 9.02 9.02 9.02 8.69 8.69 8.69 8.69 8.69 8.82 8.82 8.74 8.65 8.65 8.65 8.65 8.65 8.82 8.82 8.82 8.82 8.83 8.83 8.83 9.13 9.13 8.58 8.58 8.58 8.58 8.58 8.58 9.07 9.07 9.07 9.02 9.02 9.02 9.4 9.4 9.4 9.4 8.82 8.82 8.82 8.82 8.82 8.82 9.14 9.14 9.14 9.14 9.14 9.14 8.63 8.16 8.16 8.16 8.16 8.16 8.16 8.16
11.09 11.09 11.09 11.09 11.09 9.69 9.69 9.69 9.69 9.69 9.69 9.69 9.69 9.69 9.69 9.82 9.02 9.02 9.02 9.02 9.02 9.02 8.69 8.69 8.69 8.69 8.69 8.69 8.69 8.69 8.69 8.65 8.49 8.65 8.82 8.82 8.82 8.82 8.82 8.83 8.83 8.83 8.83 9.13 8.83 8.83 8.58 8.58 8.58 9.07 9.07 9.07 9.07 9.02 9.02 9.02 9.02 9.02 9.02 8.82 8.82 8.82 8.82 8.82 8.82 8.82 9.14 9.14 9.14 9.14 9.14 9.14 8.63 8.16 8.16 8.16 8.16 8.16 8.16 8.16
11.09 11.09 11.09 11.09 9.69 9.69 9.69 9.69 9.69 9.69 9.69 9.69 9.69 9.69 9.69 9.82 9.02 9.02 9.02 9.02 8.69 8.69 8.69 8.69 8.69 8.69 8.69 8.69 8.69 8.69 8.49 8.49 8.49 8.49 8.65 8.82 8.82 8.82 8.83 8.83 8.83 8.83 8.83 9.13 8.83 8.83 8.58 8.58 8.58 9.07 9.07 9.07 9.07 9.07 9.02 9.02 9.02 9.02 9.02 9.02 9.02 8.82 8.82 8.82 8.82 8.82 8.82 8.82 8.82 8.82 8.82 -9999 -9999 -9999 8.16 8.16 8.16 8.16 8.16 8.16
11.09 11.09 11.09 11.09 11.09 9.69 9.69 9.69 9.69 9.69 9.69 9.69 9.69 9.69 9.69 9.69 9.69 9.02 9.02 8.69 8.69 8.69 8.69 8.69 8.69 8.69 8.69 8.69 8.69 8.49 8.49 8.49 8.82 8.82 8.82 8.82 8.82 8.82 8.82 8.82 8.83 8.83 8.83 8.83 8.83 8.83 8.58 8.58 8.58 8.58 9.07 9.07 9.07 9.07 9.02 9.02 9.02 9.02 9.02 9.02 9.02 8.82 8.82 8.82 8.82 8.82 8.82 8.82 8.82 8.82 8.82 -9999 -9999 -9999 -9999 8.16 8.16 8.16 -9999 -9999
11.09 11.09 11.09 11.09 11.09 9.69 9.69 9.69 9.69 9.69 9.69 9.69 9.69 9.69 9.69 9.69 9.02 9.02 9.02 8.69 8.69 8.69 8.69 8.69 8.69 8.69 8.69 8.69 8.69 8.49 8.49 8.82 8.82 8.82 8.82 8.82 8.82 8.82 8.82 8.83 8.83 8.83 8.83 8.83 8.83 8.83 8.83 8.58 8.58 8.58 9.07 9.07 9.07 9.02 9.02 9.02 9.02 9.02 9.02 9.02 9.02 8.82 8.82 8.82 8.82 8.82 8.82 8.82 8.82 8.82 8.82 -9999 -9999 -9999 -9999 -9999 -9999 -9999 -9999 -9999
11.09 11.09 11.09 11.09 11.09 9.69 9.69 9.69 9.69 9.69 9.69 9.69 9.69 9.69 9.69 9.69 9.69 9.02 9.02 8.69 8.69 8.69 8.69 8.69 8.69 8.69 8.69 8.69 8.49 8.49 8.49 7.85 7.85 8.82 8.82 8.82 7.85 7.85 7.85 7.85 8.83 8.83 8.83 8.83 8.83 8.83 8.83 8.58 8.58 8.58 9.07 9.07 9.07 9.07 9.02 9.02 9.02 9.02 9.02 9.02 9.02 8.82 8.82 8.82 8.82 8.82 8.82 8.82 8.82 8.82 8.82 -9999 -9999 -9999 -9999 -9999 -9999 -9999 -9999 -9999
-9999 -9999 -9999 11.09 11.09 9.69 9.69 9.69 9.69 9.69 9.69 9.69 9.69 9.69 9.69 9.69 9.02 9.02 8.69 8.69 8.69 8.69 8.69 8.69 8.69 8.69 8.69 8.49 8.49 8.49 8.49 7.85 7.85 7.85 7.85 7.85 7.85 7.85 7.85 7.85 8.83 8.83 8.83 8.83 8.83 8.83 8.83 8.58 8.58 9.07 9.07 9.07 9.07 9.02 9.02 9.02 9.02 9.02 9.02 9.02 9.02 8.82 8.82 8.82 8.82 8.82 8.82 8.82 8.82 8.82 8.82 8.82 -9999 -9999 -9999 -9999 -9999 -9999 -9999 -9999
-9999 -9999 -9999 -9999 -9999 -9999 -9999 -9999 -9999 -9999 -9999 9.69 9.69 9.69 9.69 9.69 -9999 9.02 8.69 8.69 8.69 8.69 8.69 8.69 8.69 8.69 8.69 8.49 8.49 8.49 8.49 7.85 7.85 7.85 7.85 7.85 7.85 7.85 7.85 7.85 7.85 7.85 7.85 8.83 8.83 8.83 8.83 8.83 9.07 9.07 9.07 9.07 9.07 9.07 9.02 9.02 -9999 -9999 9.02 -9999 -9999 -9999 -9999 8.82 8.82 8.82 8.82 8.82 8.82 8.82 8.82 8.82 8.82 -9999 -9999 -9999 -9999 -9999 -9999 -9999
-9999 -9999 -9999 -9999 -9999 -9999 -9999 -9999 -9999 -9999 -9999 -9999 -9999 -9999 -9999 -9999 -9999 -9999 -9999 8.69 8.69 8.69 8.69 8.69 8.69 8.69 8.49 8.49 8.49 8.49 7.85 7.85 7.85 7.85 7.85 7.85 7.85 7.85 7.85 7.85 7.85 7.85 7.85 7.85 7.85 8.83 7.85 -9999 -9999 -9999 -9999 9.07 9.07 -9999 -9999 -9999 -9999 -9999 -9999 -9999 -9999 -9999 -9999 -9999 -9999 -9999 -9999 -9999 8.82 8.82 8.82 8.82 -9999 -9999 -9999 -9999 -9999 -9999 -9999 -9999
-9999 -9999 -9999 -9999 -9999 -9999 -9999 -9999 -9999 -9999 -9999 -9999 -9999 -9999 -9999 -9999 -9999 -9999 -9999 -9999 -9999 -9999 8.69 8.69 8.69 8.69 8.49 8.49 8.49 8.49 7.85 7.85 7.85 7.85 7.85 7.85 7.85 7.85 7.85 7.85 7.85 7.85 7.85 7.85 7.85 7.85 7.85 -9999 -9999 -9999 -9999 -9999 -9999 -9999 -9999 -9999 -9999 -9999 -9999 -9999 -9999 -9999 -9999 -9999 -9999 -9999 -9999 -9999 -9999 -9999 -9999 -9999 -9999 -9999 -9999 -9999 -9999 -9999 -9999 -9999
-9999 -9999 -9999 -9999 -9999 -9999 -9999 -9999 -9999 -9999 -9999 -9999 -9999 -9999 -9999 -9999 -9999 -9999 -9999 -9999 -9999 -9999 -9999 -9999 -9999 -9999 -9999 -9999 8.49 7.85 7.85 7.85 7.85 7.85 7.85 7.85 7.85 7.85 7.85 7.85 7.85 7.85 7.85 7.85 -9999 7.85 7.85 7.85 -9999 -9999 -9999 -9999 -9999 -9999 -9999 -9999 -9999 -9999 -9999 -9999 -9999 -9999 -9999 -9999 -9999 -9999 -9999 -9999 -9999 -9999 -9999 -9999 -9999 -9999 -9999 -9999 -9999 -9999 -9999 -9999
-9999 -9999 -9999 -9999 -9999 -9999 -9999 -9999 -9999 -9999 -9999 -9999 -9999 -9999 -9999 -9999 -9999 -9999 -9999 -9999 -9999 -9999 -9999 -9999 -9999 -9999 -9999 -9999 -9999 -9999 7.85 7.85 7.85 7.85 7.85 7.85 7.85 7.85 7.85 7.85 7.85 7.85 7.85 7.85 -9999 -9999 -9999 -9999 -9999 -9999 -9999 -9999 -9999 -9999 -9999 -9999 -9999 -9999 -9999 -9999 -9999 -9999 -9999 -9999 -9999 -9999 -9999 -9999 -9999 -9999 -9999 -9999 -9999 -9999 -9999 -9999 -9999 -9999 -9999 -9999
-9999 -9999 -9999 -9999 -9999 -9999 -9999 -9999 -9999 -9999 -9999 -9999 -9999 -9999 -9999 -9999 -9999 -9999 -9999 -9999 -9999 -9999 -9999 -9999 -9999 -9999 -9999 -9999 -9999 -9999 -9999 -9999 -9999 -9999 -9999 -9999 -9999 -9999 -9999 7.85 -9999 -9999 -9999 -9999 -9999 -9999 -9999 -9999 -9999 -9999 -9999 -9999 -9999 -9999 -9999 -9999 -9999 -9999 -9999 -9999 -9999 -9999 -9999 -9999 -9999 -9999 -9999 -9999 -9999 -9999 -9999 -9999 -9999 -9999 -9999 -9999 -9999 -9999 -9999 -9999
-9999 -9999 -9999 -9999 -9999 -9999 -9999 -9999 -9999 -9999 -9999 -9999 -9999 -9999 -9999 -9999 -9999 -9999 -9999 -9999 -9999 -9999 -9999 -9999 -9999 -9999 -9999 -9999 -9999 -9999 -9999 -9999 -9999 -9999 -9999 -9999 -9999 -9999 -9999 -9999 -9999 -9999 -9999 -9999 -9999 -9999 -9999 -9999 -9999 -9999 -9999 -9999 -9999 -9999 -9999 -9999 -9999 -9999 -9999 -9999 -9999 -9999 -9999 -9999 -9999 -9999 -9999 -9999 -9999 -9999 -9999 -9999 -9999 -9999 -9999 -9999 -9999 -9999 -9999 -9999
-9999 -9999 -9999 -9999 -9999 -9999 -9999 -9999 -9999 -9999 -9999 -9999 -9999 -9999 -9999 -9999 -9999 -9999 -9999 -9999 -9999 -9999 -9999 -9999 -9999 -9999 -9999 -9999 -9999 -9999 -9999 -9999 -9999 -9999 -9999 -9999 -9999 -9999 -9999 -9999 -9999 -9999 -9999 -9999 -9999 -9999 -9999 -9999 -9999 -9999 -9999 -9999 -9999 -9999 -9999 -9999 -9999 -9999 -9999 -9999 -9999 -9999 -9999 -9999 -9999 -9999 -9999 -9999 -9999 -9999 -9999 -9999 -9999 -9999 -9999 -9999 -9999 -9999 -9999 -9999
-9999 -9999 -9999 -9999 -9999 -9999 -9999 -9999 -9999 -9999 -9999 -9999 -9999 -9999 -9999 -9999 -9999 -9999 -9999 -9999 -9999 -9999 -9999 -9999 -9999 -9999 -9999 -9999 -9999 -9999 -9999 -9999 -9999 -9999 -9999 -9999 -9999 -9999 -9999 -9999 -9999 -9999 -9999 -9999 -9999 -9999 -9999 -9999 -9999 -9999 -9999 -9999 -9999 -9999 -9999 -9999 -9999 -9999 -9999 -9999 -9999 -9999 -9999 -9999 -9999 -9999 -9999 -9999 -9999 -9999 -9999 -9999 -9999 -9999 -9999 -9999 -9999 -9999 -9999 -9999
-9999 -9999 -9999 -9999 -9999 -9999 -9999 -9999 -9999 -9999 -9999 -9999 -9999 -9999 -9999 -9999 -9999 -9999 -9999 -9999 -9999 -9999 -9999 -9999 -9999 -9999 -9999 -9999 -9999 -9999 -9999 -9999 -9999 -9999 -9999 -9999 -9999 -9999 -9999 -9999 -9999 -9999 -9999 -9999 -9999 -9999 -9999 -9999 -9999 -9999 -9999 -9999 -9999 -9999 -9999 -9999 -9999 -9999 -9999 -9999 -9999 -9999 -9999 -9999 -9999 -9999 -9999 -9999 -9999 -9999 -9999 -9999 -9999 -9999 -9999 -9999 -9999 -9999 -9999 -9999
-9999 -9999 -9999 -9999 -9999 -9999 -9999 -9999 -9999 -9999 -9999 -9999 -9999 -9999 -9999 -9999 -9999 -9999 -9999 -9999 -9999 -9999 -9999 -9999 -9999 -9999 -9999 -9999 -9999 -9999 -9999 -9999 -9999 -9999 -9999 -9999 -9999 -9999 -9999 -9999 -9999 -9999 -9999 -9999 -9999 -9999 -9999 -9999 -9999 -9999 -9999 -9999 -9999 -9999 -9999 -9999 -9999 -9999 -9999 -9999 -9999 -9999 -9999 -9999 -9999 -9999 -9999 -9999 -9999 -9999 -9999 -9999 -9999 -9999 -9999 -9999 -9999 -9999 -9999 -9999
-9999 -9999 -9999 -9999 -9999 -9999 -9999 -9999 -9999 -9999 -9999 -9999 -9999 -9999 -9999 -9999 -9999 -9999 -9999 -9999 -9999 -9999 -9999 -9999 -9999 -9999 -9999 -9999 -9999 -9999 -9999 -9999 -9999 -9999 -9999 -9999 -9999 -9999 -9999 -9999 -9999 -9999 -9999 -9999 -9999 -9999 -9999 -9999 -9999 -9999 -9999 -9999 -9999 -9999 -9999 -9999 -9999 -9999 -9999 -9999 -9999 -9999 -9999 -9999 -9999 -9999 -9999 -9999 -9999 -9999 -9999 -9999 -9999 -9999 -9999 -9999 -9999 -9999 -9999 -9999
-9999 -9999 -9999 -9999 -9999 -9999 -9999 -9999 -9999 -9999 -9999 -9999 -9999 -9999 -9999 -9999 -9999 -9999 -9999 -9999 -9999 -9999 -9999 -9999 -9999 -9999 -9999 -9999 -9999 -9999 -9999 -9999 -9999 -9999 -9999 -9999 -9999 -9999 -9999 -9999 -9999 -9999 -9999 -9999 -9999 -9999 -9999 -9999 -9999 -9999 -9999 -9999 -9999 -9999 -9999 -9999 -9999 -9999 -9999 -9999 -9999 -9999 -9999 -9999 -9999 -9999 -9999 -9999 -9999 -9999 -9999 -9999 -9999 -9999 -9999 -9999 -9999 -9999 -9999 -9999
-9999 -9999 -9999 -9999 -9999 -9999 -9999 -9999 -9999 -9999 -9999 -9999 -9999 -9999 -9999 -9999 -9999 -9999 -9999 -9999 -9999 -9999 -9999 -9999 -9999 -9999 -9999 -9999 -9999 -9999 -9999 -9999 -9999 -9999 -9999 -9999 -9999 -9999 -9999 -9999 -9999 -9999 -9999 -9999 -9999 -9999 -9999 -9999 -9999 -9999 -9999 -9999 -9999 -9999 -9999 -9999 -9999 -9999 -9999 -9999 -9999 -9999 -9999 -9999 -9999 -9999 -9999 -9999 -9999 -9999 -9999 -9999 -9999 -9999 -9999 -9999 -9999 -9999 -9999 -9999
-9999 -9999 -9999 -9999 -9999 -9999 -9999 -9999 -9999 -9999 -9999 -9999 -9999 -9999 -9999 -9999 -9999 -9999 -9999 -9999 -9999 -9999 -9999 -9999 -9999 -9999 -9999 -9999 -9999 -9999 -9999 -9999 -9999 -9999 -9999 -9999 -9999 -9999 -9999 -9999 -9999 -9999 -9999 -9999 -9999 -9999 -9999 -9999 -9999 -9999 -9999 -9999 -9999 -9999 -9999 -9999 -9999 -9999 -9999 -9999 -9999 -9999 -9999 -9999 -9999 -9999 -9999 -9999 -9999 -9999 -9999 -9999 -9999 -9999 -9999 -9999 -9999 -9999 -9999 -9999
-9999 -9999 -9999 -9999 -9999 -9999 -9999 -9999 -9999 -9999 -9999 -9999 -9999 -9999 -9999 -9999 -9999 -9999 -9999 -9999 -9999 -9999 -9999 -9999 -9999 -9999 -9999 -9999 -9999 -9999 -9999 -9999 -9999 -9999 -9999 -9999 -9999 -9999 -9999 -9999 -9999 -9999 -9999 -9999 -9999 -9999 -9999 -9999 -9999 -9999 -9999 -9999 -9999 -9999 -9999 -9999 -9999 -9999 -9999 -9999 -9999 -9999 -9999 -9999 -9999 -9999 -9999 -9999 -9999 -9999 -9999 -9999 -9999 -9999 -9999 -9999 -9999 -9999 -9999 -9999
-9999 -9999 -9999 -9999 -9999 -9999 -9999 -9999 -9999 -9999 -9999 -9999 -9999 -9999 -9999 -9999 -9999 -9999 -9999 -9999 -9999 -9999 -9999 -9999 -9999 -9999 -9999 -9999 -9999 -9999 -9999 -9999 -9999 -9999 -9999 -9999 -9999 -9999 -9999 -9999 -9999 -9999 -9999 -9999 -9999 -9999 -9999 -9999 -9999 -9999 -9999 -9999 -9999 -9999 -9999 -9999 -9999 -9999 -9999 -9999 -9999 -9999 -9999 -9999 -9999 -9999 -9999 -9999 -9999 -9999 -9999 -9999 -9999 -9999 -9999 -9999 -9999 -9999 -9999 -9999
