layers/rainwind/HTI_rain_wind_rain_total.asc
NCOLS 343 
NROWS 248 
XLLCORNER -74.4803996469999 
YLLCORNER 18.0221399550001 
CELLSIZE 0.00833308698833808 
NODATA_value -9999 
[rows 144 to 179 of 248, columns 246 to 327 of 343]
479 479 479 479 479 415 415 421 421 421 421 421 421 421 421 421 421 421 421 421 421 421 388 388 388 388 388 388 397 397 397 397 397 397 397 293 293 293 293 293 293 259 259 259 259 252 252 252 252 252 252 252 252 252 249 249 249 249 249 249 249 249 267 267 267 267 267 267 267 267 267 267 267 267 279 279 279 279 279 279 279 279
479 479 479 479 479 479 421 421 421 421 421 421 421 421 421 421 421 421 421 421 421 421 388 388 388 388 388 388 388 397 397 397 397 397 397 293 293 293 293 293 259 259 259 259 259 259 252 252 252 252 252 252 252 252 252 249 249 249 249 249 249 249 249 267 249 267 267 267 267 267 267 267 267 267 279 279 279 279 279 279 279 279
479 479 479 479 479 479 479 421 444 444 421 421 421 421 421 421 421 421 421 421 421 421 388 388 388 388 388 388 388 388 397 397 397 397 397 293 293 293 293 293 259 259 259 259 259 259 259 252 252 252 252 252 252 252 252 252 252 249 249 249 249 249 249 249 267 267 267 280 280 280 280 280 279 279 279 279 279 279 279 279 279 279
479 479 479 479 479 479 479 479 444 444 444 444 444 421 444 444 444 444 444 444 421 388 388 388 388 388 388 388 388 388 388 388 397 397 397 349 293 293 293 293 293 293 259 259 259 259 259 252 252 252 252 252 252 252 252 252 252 252 252 249 249 249 249 267 267 267 267 280 280 280 280 280 280 279 279 279 279 279 279 279 279 279
479 479 479 479 479 479 473 473 473 444 444 444 444 444 444 444 444 455 455 455 455 388 388 388 388 388 388 388 388 388 388 388 388 397 397 349 293 293 293 293 293 259 259 259 259 259 259 259 252 252 252 252 252 252 252 252 252 252 252 260 260 260 260 267 267 267 280 280 280 280 280 280 279 279 279 279 279 279 279 279 279 279
479 479 479 479 479 473 479 473 473 473 473 444 444 444 444 444 455 455 455 455 455 388 388 388 388 388 388 388 388 388 388 388 388 349 349 349 349 349 349 293 259 259 259 259 259 259 259 259 259 252 252 252 252 252 252 252 252 252 260 260 260 260 260 260 280 280 280 280 280 280 280 280 280 279 279 279 279 279 279 279 279 279
479 473 473 473 473 473 473 473 473 473 473 473 444 444 444 444 455 455 455 455 455 388 388 388 388 388 388 388 388 388 388 388 349 349 349 349 349 349 349 259 259 259 259 259 259 259 259 259 259 259 252 252 252 252 252 252 252 252 260 260 260 260 260 260 260 280 280 280 280 280 280 280 280 280 279 279 279 279 279 279 279 279
473 473 473 473 473 473 473 473 473 473 473 473 444 444 444 444 444 455 455 455 455 455 388 388 388 388 388 388 388 377 377 377 377 349 349 349 349 349 349 320 320 259 259 259 259 259 259 259 259 259 259 259 252 252 252 252 252 260 260 260 260 260 260 260 260 260 280 280 280 280 280 280 280 280 280 279 279 279 279 279 279 279
473 473 473 473 473 473 473 473 473 473 473 473 473 444 444 444 455 455 455 455 455 455 455 388 377 377 377 377 377 377 377 377 377 349 349 349 349 349 349 320 320 320 320 259 259 259 259 259 259 259 259 259 259 252 252 260 260 260 260 260 260 260 260 260 260 260 260 280 280 280 280 280 280 280 280 280 280 279 279 279 279 279
473 473 473 473 473 473 473 473 473 473 473 473 473 447 447 447 447 447 455 455 455 455 455 455 377 377 377 377 377 377 377 377 377 349 349 349 349 349 349 320 320 320 320 257 259 259 259 259 259 259 259 259 259 259 259 260 260 260 260 260 260 260 260 260 260 260 260 260 280 280 280 280 280 280 280 280 280 279 279 279 279 279
473 473 473 473 473 473 473 473 473 473 473 473 473 447 447 447 447 447 447 455 455 455 455 455 377 377 377 377 377 377 377 377 349 349 349 349 349 349 349 320 320 320 257 257 257 259 259 259 259 259 259 259 259 259 259 260 260 260 260 260 260 260 260 260 260 260 260 280 280 280 280 280 280 280 280 280 280 280 279 279 279 279
473 473 473 473 473 473 473 473 473 473 473 473 447 447 447 447 447 447 447 455 455 455 455 455 377 377 377 377 377 377 349 349 349 349 349 349 349 349 320 320 320 257 257 257 257 257 259 259 259 259 259 259 259 259 259 260 260 260 260 260 260 260 260 260 260 260 260 260 280 280 280 280 280 280 280 280 279 279 279 279 279 279
473 473 473 473 473 473 473 473 473 473 473 473 447 447 447 447 447 447 447 447 479 455 455 455 377 377 377 377 377 377 349 349 349 349 349 349 349 320 320 320 320 257 257 257 257 257 257 257 259 259 259 259 259 259 259 259 260 260 260 260 260 260 260 260 260 260 260 260 260 280 280 280 280 280 280 280 279 279 279 279 279 279
473 473 473 473 473 473 473 473 473 473 473 447 447 447 447 447 447 447 447 447 479 479 479 479 479 377 377 377 377 377 349 349 349 349 349 349 349 320 320 320 320 320 257 257 257 257 257 257 257 257 257 257 267 259 259 259 259 260 260 267 267 267 267 267 260 260 260 260 280 280 280 280 280 280 280 280 280 279 279 279 279 279
493 493 493 493 493 473 473 473 473 447 447 447 447 447 447 447 447 447 447 447 447 479 479 479 479 402 377 377 377 377 349 349 349 349 349 349 320 320 320 320 320 320 320 257 257 257 257 257 257 257 257 257 267 267 267 259 259 259 267 267 267 267 267 267 267 267 260 260 280 280 280 280 280 280 280 280 280 279 279 279 279 280
493 493 493 493 493 493 493 493 493 447 447 447 447 447 447 447 447 447 447 447 479 479 479 479 479 402 402 377 377 349 349 349 349 349 349 320 320 320 320 320 320 320 320 257 257 257 257 257 257 257 257 257 257 257 267 267 267 267 259 267 267 267 267 267 267 267 267 280 280 280 280 280 280 280 280 280 280 280 280 280 280 280
493 493 493 493 493 493 493 493 493 447 447 447 447 447 447 447 447 447 447 447 479 479 479 479 402 402 402 402 349 349 349 349 349 349 320 320 320 320 320 320 320 320 320 257 257 257 257 257 257 257 257 257 257 257 257 267 267 267 267 267 267 267 267 267 267 267 267 280 280 280 280 280 280 280 280 280 280 280 280 280 280 280
493 493 493 493 493 493 470 470 470 447 447 447 447 447 447 447 447 447 447 479 479 479 479 479 402 402 402 402 349 349 349 349 349 349 320 320 320 320 320 320 320 320 320 257 257 257 257 257 257 257 257 257 257 257 257 258 267 267 267 267 267 267 267 267 267 267 267 280 280 280 280 280 280 280 280 280 280 280 280 280 280 280
493 493 493 493 470 470 470 470 470 470 470 447 447 447 447 447 447 447 447 479 479 479 479 402 402 402 402 402 349 349 349 349 349 349 320 320 320 320 320 320 320 320 320 257 257 257 257 257 257 257 279 257 257 258 258 258 258 258 258 258 258 267 267 267 267 267 267 280 280 280 280 280 280 280 280 280 280 280 280 280 280 280
493 493 493 493 470 470 470 470 470 470 470 447 447 447 447 447 447 447 447 447 479 479 479 402 402 402 402 402 402 349 349 349 349 349 320 320 320 320 320 320 320 320 279 257 257 257 257 257 279 257 279 258 258 258 258 258 258 258 258 258 258 258 258 267 267 267 267 280 280 280 280 280 280 280 280 280 280 280 280 280 280 280
493 493 493 493 470 470 470 470 470 470 470 447 447 447 447 447 447 447 447 479 479 479 479 402 402 402 402 402 402 402 349 349 349 349 320 320 320 320 320 320 320 279 279 279 279 279 279 279 279 279 279 258 258 288 258 258 258 258 258 258 258 258 258 258 258 258 339 339 339 280 280 280 280 280 280 280 280 280 280 280 280 280
-9999 -9999 -9999 -9999 -9999 470 470 470 470 470 470 470 447 447 447 447 447 479 479 479 479 479 479 402 402 402 402 402 402 402 402 349 349 349 320 320 320 320 320 279 279 279 279 279 279 279 279 279 279 295 295 295 288 288 288 288 258 258 258 258 258 258 258 258 258 258 339 339 339 339 339 280 280 280 280 280 280 280 -9999 -9999 -9999 -9999
-9999 -9999 -9999 -9999 -9999 -9999 470 470 470 470 470 470 470 470 447 447 447 447 479 479 479 479 479 402 402 402 402 402 402 402 402 402 349 349 320 387 387 387 279 279 279 279 279 279 279 279 279 279 295 295 295 295 295 295 288 288 288 288 288 258 258 258 258 258 258 339 339 339 339 339 339 339 339 280 280 280 280 -9999 -9999 -9999 -9999 -9999
-9999 -9999 -9999 -9999 -9999 -9999 -9999 -9999 -9999 470 470 470 470 470 447 447 447 447 479 479 479 479 402 402 402 402 402 402 402 402 402 402 402 387 387 387 387 387 387 279 279 279 279 279 279 279 279 295 295 295 295 295 295 295 295 288 288 288 288 288 258 258 258 258 339 339 339 339 339 339 339 339 339 339 280 280 280 -9999 -9999 -9999 -9999 -9999
-9999 -9999 -9999 -9999 -9999 -9999 -9999 -9999 -9999 -9999 -9999 470 447 447 447 447 447 447 479 479 479 479 402 402 402 402 402 402 402 402 402 402 402 387 387 387 387 387 387 279 279 279 279 279 279 295 295 295 295 295 295 295 295 295 295 295 288 288 288 288 288 288 288 339 339 339 339 339 339 339 339 339 339 339 339 -9999 -9999 -9999 -9999 -9999 -9999 -9999
-9999 -9999 -9999 -9999 -9999 -9999 -9999 -9999 -9999 -9999 -9999 -9999 -9999 470 447 447 447 447 479 479 479 479 479 402 402 402 402 402 402 402 402 387 402 387 387 387 387 387 387 387 387 387 387 387 387 295 295 295 295 295 295 295 295 295 295 295 288 288 288 288 288 288 288 339 339 339 339 339 339 339 339 339 339 339 339 -9999 -9999 -9999 -9999 -9999 -9999 -9999
-9999 -9999 -9999 -9999 -9999 -9999 -9999 -9999 -9999 -9999 -9999 -9999 -9999 -9999 470 470 447 447 479 479 479 479 479 402 402 402 402 402 402 402 387 387 387 387 387 387 387 387 387 387 387 387 387 387 387 295 295 295 295 295 295 295 295 295 295 295 295 288 288 288 288 288 288 288 339 339 339 339 339 339 339 339 339 339 339 -9999 -9999 -9999 -9999 -9999 -9999 -9999
-9999 -9999 -9999 -9999 -9999 -9999 -9999 -9999 -9999 -9999 -9999 -9999 -9999 470 470 470 470 447 479 479 479 479 479 402 402 512 402 402 402 387 387 387 387 387 387 387 387 387 387 387 387 387 387 387 387 387 387 295 295 295 295 295 295 295 295 295 295 288 288 288 288 339 339 339 339 339 339 339 339 339 339 339 339 339 339 -9999 -9999 -9999 -9999 -9999 -9999 -9999
-9999 -9999 -9999 -9999 -9999 -9999 -9999 -9999 -9999 -9999 -9999 -9999 470 470 470 470 470 470 512 479 512 512 512 512 512 512 512 402 387 387 387 387 387 387 387 387 387 387 387 387 387 387 387 387 387 387 387 387 387 295 295 295 295 295 295 -9999 -9999 288 288 288 288 288 339 339 339 339 339 339 339 339 339 339 339 339 339 -9999 -9999 -9999 -9999 -9999 -9999 -9999
-9999 -9999 -9999 -9999 -9999 -9999 -9999 -9999 -9999 -9999 -9999 470 470 470 470 470 470 470 470 512 512 512 512 512 512 512 512 387 387 387 387 387 387 387 387 387 387 387 387 387 387 387 387 387 387 387 387 387 387 387 295 295 295 295 -9999 -9999 -9999 -9999 -9999 288 288 288 -9999 -9999 339 339 339 339 339 339 339 339 339 339 339 -9999 -9999 -9999 -9999 -9999 -9999 -9999
-9999 -9999 -9999 -9999 -9999 -9999 -9999 -9999 -9999 -9999 -9999 470 470 470 470 470 470 470 470 470 512 512 512 512 512 512 512 381 387 387 387 387 387 387 387 387 387 387 387 387 387 387 387 387 387 387 387 387 387 387 387 387 295 -9999 -9999 -9999 -9999 -9999 -9999 -9999 -9999 -9999 -9999 -9999 -9999 -9999 339 -9999 -9999 -9999 339 339 339 339 -9999 -9999 -9999 -9999 -9999 -9999 -9999 -9999
-9999 -9999 -9999 -9999 -9999 -9999 -9999 -9999 -9999 470 470 470 470 470 470 470 470 470 470 512 512 512 512 512 512 512 381 381 381 387 387 387 356 356 356 356 356 356 356 387 387 387 387 387 387 387 387 387 387 387 387 -9999 -9999 -9999 -9999 -9999 -9999 -9999 -9999 -9999 -9999 -9999 -9999 -9999 -9999 -9999 -9999 -9999 -9999 -9999 -9999 -9999 -9999 -9999 -9999 -9999 -9999 -9999 -9999 -9999 -9999 -9999
-9999 -9999 -9999 -9999 -9999 -9999 -9999 -9999 -9999 -9999 527 470 470 470 470 470 470 470 470 512 512 512 512 512 512 512 381 381 381 387 387 387 356 356 356 356 356 356 356 387 387 312 312 387 387 387 387 387 387 387 387 387 -9999 -9999 -9999 -9999 -9999 -9999 -9999 -9999 -9999 -9999 -9999 -9999 -9999 -9999 -9999 -9999 -9999 -9999 -9999 -9999 -9999 -9999 -9999 -9999 -9999 -9999 -9999 -9999 -9999 -9999
-9999 -9999 -9999 -9999 -9999 -9999 -9999 -9999 -9999 -9999 527 527 527 527 470 470 470 470 512 512 512 512 512 512 512 512 381 381 381 387 381 381 356 356 356 356 356 356 356 356 356 356 312 312 312 387 387 387 387 387 387 312 312 312 -9999 -9999 -9999 -9999 -9999 -9999 -9999 -9999 -9999 -9999 -9999 -9999 -9999 -9999 -9999 -9999 -9999 -9999 -9999 -9999 -9999 -9999 -9999 -9999 -9999 -9999 -9999 -9999
-9999 -9999 -9999 -9999 -9999 -9999 -9999 -9999 -9999 -9999 527 527 527 492 492 419 419 470 399 399 512 512 512 512 512 381 381 381 381 381 381 381 381 356 356 356 356 356 356 356 356 312 312 312 312 312 387 387 387 312 312 312 312 312 312 312 -9999 -9999 -9999 -9999 -9999 -9999 -9999 -9999 -9999 -9999 -9999 -9999 -9999 -9999 -9999 -9999 -9999 -9999 -9999 -9999 -9999 -9999 -9999 -9999 -9999 -9999
-9999 -9999 -9999 -9999 -9999 -9999 -9999 -9999 -9999 -9999 -9999 527 527 492 492 492 492 419 419 419 419 512 512 512 512 381 381 381 381 381 381 381 381 356 356 356 356 356 356 356 356 312 312 312 312 312 387 387 312 312 312 312 312 312 312 312 -9999 -9999 -9999 -9999 -9999 -9999 -9999 -9999 -9999 -9999 -9999 -9999 -9999 -9999 -9999 -9999 -9999 -9999 -9999 -9999 -9999 -9999 -9999 -9999 -9999 -9999
