layers/rainwind/HTI_rain_wind_comb_score.asc
NCOLS 343 
NROWS 248 
XLLCORNER -74.4803996469999 
YLLCORNER 18.0221399550001 
CELLSIZE 0.00833308698833808 
NODATA_value -9999 
[rows 108 to 143 of 248, columns 243 to 323 of 343]
2.69 2.69 2.69 2.69 2.69 2.54 2.54 2.54 2.54 2.54 2.54 2.54 2.54 2.54 2.54 2.54 2.54 2.54 2.54 2.54 2.54 2.54 2.54 2.49 2.49 2.49 2.49 2.49 2.49 2.49 2.49 2.49 2.49 2.49 2.49 2.49 2.49 2.49 2.49 2.24 2.24 2.24 2.24 2.24 1.83 1.83 1.83 1.83 1.83 1.83 1.83 1.83 1.83 1.83 1.83 1.83 1.88 1.88 1.88 1.88 1.88 1.88 1.88 1.88 1.88 1.88 1.88 1.88 1.88 1.88 1.88 1.98 1.98 1.77 1.77 1.77 1.77 1.77 1.77 1.77 1.77
2.69 2.69 2.69 2.69 2.69 2.54 2.54 2.54 2.54 2.54 2.54 2.75 2.75 2.54 2.54 2.54 2.54 2.54 2.54 2.54 2.54 2.54 2.54 2.49 2.49 2.49 2.49 2.49 2.49 2.49 2.49 2.49 2.49 2.49 2.49 2.49 2.49 2.49 2.49 2.49 2.49 2.49 2.49 2.49 1.83 1.83 1.83 1.83 1.83 1.83 1.83 1.83 1.83 1.83 1.83 1.83 1.88 1.88 1.88 1.88 1.88 1.88 1.88 1.88 1.88 1.88 1.88 1.88 1.88 1.88 1.88 1.98 1.98 1.77 1.77 1.77 1.77 1.77 1.77 1.77 1.77
2.69 2.69 2.69 2.69 2.69 2.69 2.54 2.54 2.54 2.54 2.54 2.75 2.75 2.75 2.75 2.75 2.75 2.54 2.54 2.54 2.54 2.54 2.54 2.7 2.49 2.49 2.49 2.49 2.49 2.49 2.49 2.49 2.49 2.49 2.49 2.49 2.49 2.49 2.49 2.49 2.49 2.49 2.49 2.49 2.54 2.54 1.83 1.83 1.83 1.83 1.83 1.83 1.83 1.83 1.83 1.88 1.88 1.88 1.88 1.88 1.88 1.88 1.88 1.88 1.88 1.88 1.88 1.88 1.88 1.88 1.88 1.98 1.98 1.98 1.77 1.77 1.77 1.77 1.77 1.77 1.77
3.16 2.69 2.69 2.69 2.69 2.69 2.54 2.54 2.54 2.75 2.75 2.75 2.75 2.75 2.75 2.75 2.75 2.54 2.54 2.54 2.54 2.54 2.7 2.7 2.7 2.49 2.49 2.49 2.49 2.49 2.49 2.49 2.49 2.49 2.49 2.49 2.49 2.49 2.49 2.49 2.49 2.49 2.49 2.54 2.54 2.54 2.54 1.83 1.83 2.54 1.83 2.54 1.83 1.83 1.83 1.83 1.88 1.88 1.88 1.88 1.88 1.88 1.88 1.88 1.88 1.88 1.88 1.88 1.88 1.88 1.88 1.88 1.98 1.98 1.98 1.77 1.77 1.77 1.77 1.77 1.9
3.16 2.69 2.69 2.69 2.69 2.69 2.69 2.69 2.75 2.75 2.75 2.75 2.75 2.75 2.75 2.75 2.75 2.75 2.75 2.7 2.7 2.7 2.7 2.7 2.7 2.7 2.49 2.49 2.49 2.49 2.49 2.49 2.49 2.49 2.49 2.49 2.49 2.49 2.49 2.49 2.49 2.49 2.54 2.54 2.54 2.54 2.54 2.54 2.54 2.54 2.54 2.54 1.83 1.83 1.83 1.88 1.88 1.88 1.88 1.88 1.88 1.88 1.88 1.88 1.88 1.88 1.88 1.88 1.88 1.88 1.88 1.88 1.98 1.98 1.98 1.98 1.98 1.98 1.77 1.9 1.9
3.16 2.69 2.69 2.69 2.69 2.69 2.69 2.75 2.75 2.75 2.75 2.75 2.75 2.75 2.75 2.75 2.75 2.75 2.7 2.7 2.7 2.7 2.7 2.7 2.7 2.7 2.7 2.49 2.49 2.49 2.49 2.49 2.49 2.49 2.49 2.49 2.49 2.49 2.49 2.49 2.49 2.49 2.54 2.54 2.54 2.54 2.54 2.54 2.54 2.54 2.54 2.54 2.54 2.54 2.54 1.88 1.88 1.88 1.88 1.88 1.88 1.88 1.88 1.88 1.88 1.88 1.88 1.88 1.88 1.88 1.88 1.98 1.98 1.98 1.98 1.98 1.98 1.98 1.9 1.9 1.9
3.16 2.69 2.69 2.69 2.69 2.69 2.7 2.7 2.7 2.75 2.75 2.75 2.75 2.75 2.75 2.75 2.75 2.75 2.7 2.7 2.7 2.7 2.7 2.7 2.7 2.7 2.7 2.7 2.49 2.49 2.49 2.49 2.49 2.49 2.49 2.49 2.49 2.49 2.49 2.49 2.54 2.54 2.54 2.54 2.54 2.54 2.54 2.54 2.54 2.54 2.54 2.54 2.54 2.54 2.54 1.88 1.88 1.88 1.88 1.88 1.88 1.88 1.88 1.88 1.88 1.88 1.88 1.88 1.88 1.88 1.98 1.98 1.98 1.98 1.98 1.98 1.98 1.9 1.9 1.9 1.9
3.1 3.1 2.7 2.7 2.7 2.7 2.7 2.7 2.7 2.7 2.7 2.75 2.75 2.75 2.75 2.75 2.75 2.7 2.7 2.7 2.7 2.7 2.7 2.7 2.7 2.7 2.7 2.7 2.49 2.49 2.49 2.49 2.49 2.49 2.49 2.49 2.49 2.49 2.49 2.49 2.54 2.54 2.54 2.54 2.54 2.54 2.54 2.54 2.54 2.54 2.54 2.54 2.54 2.54 2.54 1.88 1.88 2.03 2.03 2.03 2.03 1.88 1.88 1.88 1.88 1.88 1.88 1.88 1.88 1.98 1.98 1.98 1.98 1.98 1.98 1.98 1.98 1.98 1.98 1.98 2.06
3.1 3.1 3.1 2.7 2.7 2.7 2.7 2.7 2.7 2.7 2.7 2.7 2.7 2.75 2.75 2.75 2.7 2.7 2.7 2.7 2.7 2.7 2.7 2.7 2.7 2.7 2.49 2.49 2.49 2.49 2.49 2.49 2.49 2.49 2.49 2.49 2.49 2.49 2.49 2.49 2.54 2.54 2.54 2.54 2.54 2.54 2.54 2.54 2.54 2.54 2.54 2.54 2.54 2.54 2.03 2.03 2.03 2.03 2.03 2.03 2.03 2.03 2.03 1.88 1.88 1.88 1.88 1.88 1.88 1.98 1.98 1.98 1.98 1.98 1.98 1.98 1.98 1.98 2.06 2.06 2.06
3.1 3.1 3.1 3.1 3.1 2.7 2.7 2.7 2.7 2.7 2.7 2.7 2.7 2.7 2.7 2.7 2.7 2.7 2.7 2.7 2.7 2.7 2.7 2.7 2.7 2.7 2.49 2.49 2.49 2.49 2.49 2.49 2.49 2.49 2.49 2.49 2.54 2.49 2.49 2.54 2.54 2.54 2.54 2.54 2.54 2.54 2.54 2.54 2.54 2.54 2.54 2.54 2.03 2.03 2.03 2.03 2.03 2.03 2.03 2.03 2.03 2.03 2.03 1.88 1.88 1.88 1.88 1.88 1.98 1.98 1.98 1.98 1.98 1.98 1.98 1.98 2.06 2.06 2.06 2.06 2.06
3.1 3.1 3.1 3.1 3.1 2.7 2.7 3 2.7 2.7 2.7 2.7 2.7 2.7 2.7 2.7 2.7 2.7 2.7 2.7 2.7 2.7 2.7 2.7 2.7 2.7 2.49 2.49 2.49 2.49 2.49 2.49 2.49 2.49 2.54 2.54 2.54 2.54 2.54 2.54 2.54 2.54 2.54 2.54 2.54 2.54 2.54 2.54 2.54 2.54 2.54 2.54 2.03 2.03 2.03 2.03 2.03 2.03 2.03 2.03 2.03 2.03 2.03 2.03 1.88 1.88 1.88 1.98 1.98 1.98 1.98 1.98 1.98 1.98 2.06 2.06 2.06 2.06 2.06 2.06 2.06
3.1 3.1 3.1 3.1 3.1 3.1 3 3 3 3 3 3 3 2.7 2.7 2.7 2.7 2.7 2.7 2.7 2.7 2.7 2.7 2.7 2.7 2.7 2.7 2.49 2.49 2.49 2.49 2.49 2.49 2.49 2.54 2.54 2.54 2.54 2.54 2.54 2.54 2.54 2.54 2.54 2.54 2.54 2.54 2.54 2.54 2.54 2.54 2.03 2.03 2.03 2.03 2.03 2.03 2.03 2.03 2.03 2.03 2.03 2.03 2.03 1.98 1.98 1.98 1.98 1.98 1.98 1.98 1.98 1.98 1.98 2.06 2.06 2.06 2.06 2.06 2.06 2.06
3.1 3.1 3.1 3.1 3.1 3.1 3.1 3 3 3 3 3 3 3 2.7 2.7 2.7 2.7 2.7 2.7 2.7 2.7 2.7 2.7 3 3 3 3 2.49 2.49 2.49 2.49 2.54 2.54 2.54 2.54 2.54 2.54 2.54 2.54 2.54 2.54 2.54 2.54 2.54 2.54 2.54 2.54 2.54 2.54 2.54 2.03 2.03 2.03 2.03 2.03 2.03 2.03 2.03 2.03 2.03 2.03 2.03 2.03 2.03 1.98 1.98 1.98 1.98 1.98 1.98 1.98 1.98 1.98 2.06 2.06 2.06 2.06 2.06 2.06 2.06
3.54 3.1 3.1 3.1 3.1 3.1 3.1 3 3 3 3 3 3 3 3 2.7 2.7 2.7 2.7 2.7 2.7 2.7 2.7 2.7 3 3 3 3 2.65 2.65 2.65 2.65 2.54 2.54 2.54 2.54 2.54 2.54 2.54 2.54 2.54 2.54 2.54 2.54 2.54 2.54 2.54 2.54 2.54 2.54 2.03 2.03 2.03 2.03 2.03 2.03 2.03 2.03 2.03 2.03 2.03 2.03 2.03 2.03 2.03 1.98 1.98 1.98 1.98 1.98 1.98 1.98 1.98 2.06 2.06 2.06 2.06 2.06 2.06 2.06 2.06
3.54 3.1 3.1 3.1 3.1 3.1 3.1 3.1 3.1 3 3 3 3 3 3 3 3 3 3 2.7 2.7 2.7 2.7 3 3 3 3 2.65 2.65 2.65 2.65 2.65 2.54 2.54 2.54 2.54 2.54 2.54 2.54 2.54 2.54 2.54 2.54 2.54 2.54 2.54 2.54 2.54 2.54 2.54 2.03 2.03 2.03 2.03 2.03 2.03 2.03 2.03 2.03 2.03 2.03 2.03 2.03 2.03 2.03 2.03 1.98 1.98 1.98 1.98 1.98 1.98 1.98 1.98 1.98 2.06 2.06 2.06 2.06 2.06 2.06
3.13 3.13 3.1 3.1 3.1 3.1 3.1 3.1 3.1 3.1 3.1 3 3 3 3 3 3 3 3 3 3 3 3 3 3 3 3 2.65 2.65 2.65 2.65 2.65 2.65 2.54 2.54 2.54 2.54 2.54 2.54 2.54 2.54 2.54 2.54 2.54 2.1 2.54 2.54 2.54 2.54 2.1 2.03 2.03 2.03 2.1 2.1 2.03 2.03 2.03 2.03 2.03 2.03 2.03 2.03 2.03 2.03 2.03 1.98 1.98 1.98 1.98 1.98 1.98 1.98 1.98 1.98 2.06 2.06 2.06 2.06 2.06 2.06
3.13 3.13 3.1 3.1 3.1 3.1 3.1 3.1 3.1 3.1 3.1 3.1 3 3 3 3 3 3 3 3 3 3 3 3 3 3 2.65 2.65 2.65 2.65 2.65 2.65 2.65 2.65 2.54 2.54 2.54 2.54 2.54 2.54 2.54 2.54 2.54 2.54 2.1 2.1 2.1 2.1 2.1 2.1 2.1 2.1 2.1 2.1 2.1 2.1 2.1 2.03 2.03 2.03 2.03 2.03 2.03 2.03 2.03 2.03 2.03 1.98 1.98 1.98 1.98 1.98 1.98 1.98 1.98 2.06 2.06 2.06 2.06 2.06 2.06
3.59 3.13 3.13 3.13 3.13 3.1 3.1 3.1 3.1 3.1 3.1 3.1 3.1 3 3 3 3 3 3 3 3 3 3 3 3 3 2.65 2.65 2.65 2.65 2.65 2.65 2.65 2.65 2.65 2.54 2.54 2.54 2.54 2.54 2.54 2.54 2.54 2.1 2.1 2.1 2.1 2.1 2.1 2.1 2.1 2.1 2.1 2.1 2.1 2.1 2.1 2.1 2.03 2.03 2.03 2.03 2.03 2.03 2.03 2.03 1.98 1.98 1.98 1.98 1.98 1.98 1.98 1.98 2.06 2.06 2.06 2.06 2.06 2.06 2.06
3.59 3.59 3.59 3.13 3.13 3.13 3.13 3.1 3.1 3.1 3.1 3.1 3.1 3 3 3 3 3 3 3 3 3 3 3 3 3 2.65 2.65 2.65 2.65 2.65 2.65 2.65 2.65 2.65 2.65 2.54 2.54 2.54 2.54 2.54 2.54 2.1 2.1 2.1 2.1 2.1 2.1 2.1 2.1 2.1 2.1 2.1 2.1 2.1 2.1 2.1 2.1 2.1 2.1 2.03 2.03 2.03 2.03 2.03 2.03 2.03 2.1 1.98 1.98 1.98 1.98 1.98 1.98 2.06 2.06 2.06 2.06 2.06 2.06 2.06
3.59 3.59 3.59 3.13 3.13 3.13 3.13 3.13 3.13 3.1 3.1 3.1 3.1 3.1 3 3 3 3 3 3 3 3 3 3 3 2.65 2.65 2.65 2.65 2.65 2.65 2.65 2.65 2.65 2.65 2.65 2.65 2.54 2.54 2.54 2.1 2.1 2.1 2.1 2.1 2.1 2.1 2.1 2.1 2.1 2.1 2.1 2.1 2.1 2.1 2.1 2.1 2.1 2.1 2.1 2.1 2.03 2.03 2.03 2.03 2.03 2.1 2.1 2.1 2.1 2.1 1.98 1.98 2.06 2.06 2.06 2.06 2.06 2.06 2.06 2.06
3.59 3.59 3.59 3.13 3.13 3.13 3.13 3.13 3.13 3.1 3.1 3.1 3.1 3.1 3.1 3.1 3 3 3 3.1 3 3 3 3 3 2.65 2.65 2.65 2.65 2.65 2.65 2.65 2.65 2.65 2.65 2.65 2.65 2.65 2.43 2.43 2.43 2.1 2.1 2.1 2.1 2.1 2.1 2.1 2.1 2.1 2.1 2.1 2.1 2.1 2.1 2.1 2.1 2.1 2.1 2.1 2.1 2.1 2.1 2.1 2.1 2.1 2.1 2.1 2.1 2.1 2.1 2.1 1.98 2.06 2.06 2.06 2.06 2.06 2.06 2.06 2.06
3.59 3.59 3.59 3.59 3.13 3.13 3.13 3.13 3.13 3.13 3.1 3.1 3.1 3.1 3.1 3.1 3.1 3.1 3.1 3.1 3.1 3.1 3.1 3.1 3.1 2.65 2.65 2.65 2.65 2.65 2.65 2.65 2.65 2.65 2.65 2.65 2.65 2.43 2.43 2.43 2.43 2.1 2.1 2.1 2.1 2.1 2.1 2.1 2.1 2.1 2.1 2.1 2.1 2.1 2.1 2.1 2.1 2.1 2.1 2.1 2.1 2.1 2.1 2.1 2.1 2.1 2.1 2.1 2.1 2.1 2.1 1.98 2.06 2.06 2.06 2.06 2.06 2.06 2.06 2.06 -9999
3.59 3.59 3.59 3.59 3.59 3.59 3.13 3.13 3.13 3.13 3.1 3.1 3.1 3.1 3.1 3.1 3.1 3.1 3.1 3.1 3.1 3.1 3.1 3.1 3.1 3.1 2.65 2.65 2.65 2.65 2.65 2.65 2.65 2.65 2.65 2.65 2.43 2.43 2.43 2.43 2.43 2.43 2.1 2.1 2.1 2.1 2.1 2.1 2.1 2.1 2.1 2.1 2.1 2.1 2.1 2.1 2.1 2.1 2.1 2.1 2.1 2.1 2.1 2.1 2.1 2.1 2.1 2.1 2.1 2.1 1.98 1.98 1.98 2.06 -9999 2.06 2.06 2.06 -9999 2.06 -9999
3.59 3.59 3.59 3.59 3.59 3.59 3.59 3.59 3.13 3.13 3.1 3.1 3.1 3.1 3.1 3.1 3.1 3.1 3.1 3.1 3.1 3.1 3.1 3.1 3.1 3.1 2.65 2.65 2.65 2.65 2.65 2.65 2.65 2.65 2.65 2.65 2.65 2.43 2.43 2.43 2.43 2.43 2.43 2.1 2.1 2.1 2.1 2.1 2.1 2.1 2.1 2.1 2.1 2.1 2.1 2.1 2.1 2.1 2.1 2.1 2.1 2.1 2.1 2.1 2.1 2.1 2.1 2.1 2.1 2.1 2.1 1.98 2.06 -9999 -9999 -9999 -9999 -9999 -9999 -9999 -9999
3.59 3.59 3.59 3.59 3.59 3.59 3.59 3.59 3.13 3.13 3.13 3.13 3.1 3.1 3.1 3.1 3.1 3.1 3.1 3.1 3.1 3.1 3.1 3.1 3.1 3.1 2.65 2.65 2.65 2.65 2.65 2.65 3.27 3.27 3.27 3.27 3.27 2.65 2.43 2.43 2.43 2.43 2.43 2.1 2.1 2.1 2.1 2.1 2.1 2.1 2.1 2.1 2.1 2.1 2.1 2.1 2.1 2.1 2.1 2.1 2.1 2.1 2.1 2.1 2.1 2.1 2.1 2.1 2.1 2.1 1.98 2.06 -9999 -9999 -9999 -9999 -9999 -9999 -9999 -9999 -9999
3.59 3.59 3.59 3.59 3.59 3.59 3.59 3.59 3.59 3.42 3.42 3.1 3.1 3.1 3.1 3.1 3.1 3.1 3.1 3.1 3.1 3.1 3.1 3.1 3.1 3.1 2.65 2.65 2.65 2.65 2.65 2.65 3.27 3.27 3.27 3.27 3.27 3.27 2.43 2.43 2.43 2.43 2.43 2.43 2.1 2.1 2.1 2.1 2.1 2.1 2.1 2.1 2.1 2.1 2.1 2.1 2.1 2.1 2.1 2.1 2.1 2.1 2.1 2.1 2.1 2.1 2.1 2.1 2.1 2.1 -9999 -9999 -9999 -9999 -9999 -9999 -9999 -9999 -9999 -9999 -9999
3.59 3.59 3.59 3.59 3.59 3.59 3.59 3.59 3.59 3.42 3.42 3.42 3.42 3.42 3.1 3.1 3.1 3.1 3.1 3.1 3.1 3.1 3.1 3.1 3.1 3.1 2.65 3.27 3.27 3.27 2.65 3.27 3.27 3.27 3.27 3.27 3.27 2.43 2.43 2.43 2.43 2.43 2.43 2.43 2.43 2.1 2.1 2.1 2.1 2.1 2.1 2.1 2.1 2.1 2.1 2.1 2.1 2.1 2.1 2.1 2.1 2.1 2.1 2.1 2.1 2.1 2.1 2.1 2.1 2.1 -9999 -9999 -9999 -9999 -9999 2.22 -9999 -9999 -9999 -9999 -9999
3.59 3.59 3.59 3.59 3.59 3.59 3.59 3.59 3.42 3.42 3.42 3.42 3.42 3.42 3.1 3.1 3.1 3.1 3.1 3.1 3.1 3.1 3.1 3.1 3.1 3.1 3.1 3.27 3.27 3.27 3.27 3.27 3.27 3.27 3.27 3.27 3.27 2.43 2.43 2.43 2.43 2.43 2.43 2.43 2.43 2.43 2.1 2.1 2.1 2.1 2.1 2.1 2.1 2.1 2.07 2.07 2.07 2.1 2.1 2.1 2.1 2.1 2.1 2.1 2.1 2.1 2.1 2.1 2.1 2.1 -9999 2.22 -9999 -9999 2.22 2.22 2.22 2.22 -9999 -9999 -9999
3.59 3.59 3.59 3.59 3.59 3.59 3.59 3.59 3.42 3.42 3.42 3.42 3.42 3.42 3.1 3.1 3.1 3.1 3.1 3.1 3.1 3.1 3.1 3.1 3.1 3.1 3.1 3.1 3.27 3.27 3.27 3.27 3.27 3.27 3.27 3.27 3.27 3.27 2.43 2.43 2.43 2.43 2.43 2.43 2.43 2.43 2.43 2.1 2.1 2.1 2.1 2.1 2.1 2.1 2.07 2.07 2.07 2.07 2.1 2.1 2.1 2.1 2.1 2.1 2.1 2.07 2.07 2.07 2.07 -9999 -9999 2.22 2.22 2.22 2.22 2.22 2.22 2.22 2.22 2.22 2.22
3.59 3.59 3.59 3.59 3.59 3.59 3.59 3.42 3.42 3.42 3.42 3.42 3.42 3.42 3.42 3.1 3.1 3.1 3.1 3.1 3.1 3.1 3.1 3.1 3.1 3.1 3.1 3.27 3.27 3.27 3.27 3.27 3.27 3.27 3.27 3.27 3.27 3.27 2.43 2.43 2.43 2.43 2.43 2.43 2.43 2.43 2.43 2.43 2.1 2.1 2.1 2.1 2.1 2.1 2.1 2.07 2.07 2.07 2.07 2.07 2.1 2.07 2.07 2.07 2.07 2.07 2.07 2.07 2.07 2.22 2.22 2.22 2.22 2.22 2.22 2.22 2.22 2.22 2.22 2.22 2.22
3.59 3.59 3.59 3.59 3.59 3.42 3.42 3.42 3.42 3.42 3.42 3.42 3.42 3.42 3.42 3.42 3.47 3.1 3.1 3.1 3.1 3.1 3.1 3.1 3.1 3.1 3.27 3.27 3.27 3.27 3.27 3.27 3.27 3.27 3.27 3.27 3.27 3.27 2.43 2.43 2.43 2.43 2.43 2.43 2.43 2.43 2.43 2.43 2.43 2.1 2.43 2.43 2.43 2.43 2.43 2.07 2.07 2.07 2.07 2.07 2.07 2.07 2.07 2.07 2.07 2.07 2.07 2.07 2.22 2.22 2.22 2.22 2.22 2.22 2.22 2.22 2.22 2.22 2.22 2.22 2.22
3.59 3.59 3.59 3.59 3.59 3.42 3.42 3.42 3.42 3.42 3.42 3.42 3.42 3.42 3.42 3.42 3.47 3.47 3.47 3.1 3.1 3.1 3.1 3.1 3.1 3.1 3.27 3.27 3.27 3.27 3.27 3.27 3.27 3.27 3.27 3.27 3.27 3.27 2.43 2.43 2.43 2.43 2.43 2.43 2.43 2.43 2.43 2.43 2.43 2.43 2.43 2.43 2.43 2.43 2.43 2.07 2.07 2.07 2.07 2.07 2.07 2.07 2.07 2.07 2.07 2.07 2.07 2.07 2.22 2.22 2.22 2.22 2.22 2.22 2.22 2.22 2.22 2.22 2.22 2.22 2.22
4.23 4.23 4.23 3.59 3.42 3.42 3.42 3.42 3.42 3.42 3.42 3.42 3.42 3.42 3.42 3.47 3.47 3.47 3.47 3.47 3.47 3.1 3.47 3.1 3.47 3.27 3.27 3.27 3.27 3.27 3.27 3.27 3.27 3.27 3.27 3.27 3.27 3.27 2.43 2.43 2.43 2.43 2.43 2.43 2.43 2.43 2.43 2.43 2.43 2.43 2.43 2.43 2.43 2.43 2.07 2.07 2.07 2.07 2.07 2.07 2.07 2.07 2.07 2.07 2.07 2.07 2.07 2.07 2.22 2.22 2.22 2.22 2.22 2.22 2.22 2.22 2.22 2.22 2.22 2.32 2.32
4.23 4.23 4.23 4.1 3.42 3.42 3.42 3.42 3.42 3.42 3.42 3.47 3.47 3.47 3.47 3.47 3.47 3.47 3.47 3.47 3.47 3.47 3.47 3.47 3.47 3.27 3.27 3.27 3.27 3.27 3.27 3.27 3.27 3.27 3.27 3.27 3.27 3.27 2.43 2.43 2.43 2.43 2.43 2.43 2.43 2.43 2.43 2.43 2.43 2.43 2.43 2.43 2.43 2.07 2.07 2.07 2.07 2.07 2.07 2.07 2.07 2.07 2.07 2.07 2.07 2.07 2.07 2.07 2.07 2.22 2.22 2.22 2.22 2.22 2.22 2.22 2.22 2.22 2.32 2.32 2.32
4.23 4.23 4.1 4.1 4.1 4.1 3.42 3.42 3.42 3.42 3.42 3.47 3.47 3.47 3.47 3.47 3.47 3.47 3.47 3.47 3.47 3.47 3.47 3.47 3.47 3.2 3.27 3.27 3.27 3.27 3.27 3.27 3.27 3.27 3.27 3.27 3.27 3.27 2.43 2.43 2.43 2.43 2.43 2.43 2.43 2.15 2.15 2.43 2.43 2.43 2.07 2.07 2.07 2.07 2.1 2.1 2.1 2.07 2.07 2.07 2.07 2.07 2.07 2.07 2.07 2.07 2.07 2.07 2.22 2.22 2.22 2.22 2.22 2.22 2.22 2.22 2.32 2.32 2.32 2.32 2.32
4.23 4.1 4.1 4.1 4.1 4.1 4.1 4.1 3.42 3.42 3.42 3.47 3.47 3.47 3.47 3.47 3.47 3.47 3.47 3.47 3.47 3.47 3.47 3.47 3.47 3.2 3.2 3.2 3.27 3.27 3.27 3.27 3.27 3.27 3.27 3.27 3.27 3.27 2.43 2.43 2.43 2.43 2.43 2.43 2.15 2.15 2.15 2.1 2.1 2.1 2.07 2.07 2.07 2.1 2.1 2.1 2.1 2.07 2.07 2.07 2.07 2.07 2.07 2.07 2.07 2.07 2.22 2.22 2.22 2.22 2.22 2.22 2.22 2.22 2.22 2.22 2.22 2.32 2.32 2.32 2.32
