layers/rainwind/HTI_rain_wind_rain_total.asc
NCOLS 343 
NROWS 248 
XLLCORNER -74.4803996469999 
YLLCORNER 18.0221399550001 
CELLSIZE 0.00833308698833808 
NODATA_value -9999 
[rows 180 to 215 of 248, columns 246 to 327 of 343]
-9999 -9999 -9999 -9999 -9999 -9999 -9999 -9999 -9999 -9999 -9999 527 527 527 492 492 419 419 419 419 419 419 399 512 381 381 381 381 381 381 381 381 381 356 356 312 356 356 356 356 356 312 312 312 312 312 312 312 312 312 312 312 312 312 312 312 312 -9999 -9999 -9999 -9999 -9999 -9999 -9999 -9999 -9999 -9999 -9999 -9999 -9999 -9999 -9999 -9999 -9999 -9999 -9999 -9999 -9999 -9999 -9999 -9999 -9999
-9999 -9999 -9999 -9999 -9999 -9999 -9999 -9999 -9999 -9999 -9999 527 527 456 456 419 419 419 419 419 512 512 399 399 512 381 381 381 381 381 381 381 381 356 356 312 356 356 356 356 356 312 312 312 312 312 312 312 312 312 312 312 312 312 312 312 312 -9999 -9999 -9999 -9999 -9999 -9999 -9999 -9999 -9999 -9999 -9999 -9999 -9999 -9999 -9999 -9999 -9999 -9999 -9999 -9999 -9999 -9999 -9999 -9999 -9999
-9999 -9999 -9999 -9999 -9999 -9999 -9999 -9999 -9999 527 527 527 456 456 456 456 456 456 419 512 512 512 512 399 399 399 399 381 381 381 381 381 381 381 312 312 312 312 312 356 356 312 312 312 312 312 312 312 312 312 312 312 312 312 312 312 312 312 -9999 -9999 -9999 -9999 -9999 -9999 -9999 -9999 -9999 -9999 -9999 -9999 -9999 -9999 -9999 -9999 -9999 -9999 -9999 -9999 -9999 -9999 -9999 -9999
-9999 -9999 -9999 -9999 -9999 -9999 -9999 -9999 -9999 -9999 510 456 456 456 456 456 456 456 456 512 512 512 512 399 399 399 399 368 368 368 368 368 368 368 360 360 312 312 312 312 312 312 312 312 312 312 312 312 312 312 312 312 312 312 312 312 312 312 312 -9999 -9999 -9999 -9999 -9999 -9999 -9999 -9999 -9999 -9999 -9999 -9999 -9999 -9999 -9999 -9999 -9999 -9999 -9999 -9999 -9999 -9999 -9999
-9999 543 543 -9999 -9999 -9999 -9999 -9999 -9999 -9999 510 510 510 510 456 456 456 456 456 456 456 512 512 512 399 399 399 399 368 368 368 368 368 360 360 360 360 360 360 312 312 312 312 312 312 312 312 312 312 312 312 312 312 312 312 312 312 312 312 312 -9999 -9999 -9999 -9999 -9999 -9999 -9999 -9999 -9999 -9999 -9999 -9999 -9999 -9999 -9999 -9999 -9999 -9999 -9999 -9999 -9999 -9999
543 543 543 519 519 -9999 -9999 -9999 -9999 -9999 510 510 510 510 456 456 456 456 456 456 410 410 512 512 399 399 399 368 368 368 368 368 368 360 360 360 360 360 360 360 312 312 312 312 312 312 312 312 312 312 312 312 312 312 312 312 312 312 312 312 312 -9999 -9999 -9999 -9999 -9999 -9999 -9999 -9999 -9999 -9999 -9999 -9999 -9999 -9999 -9999 -9999 -9999 -9999 -9999 -9999 -9999
543 543 519 519 519 519 -9999 -9999 528 528 510 510 510 510 510 510 456 456 410 410 410 410 410 410 410 399 399 399 399 399 368 368 368 368 368 360 360 360 360 360 360 360 321 312 312 312 312 312 312 312 312 312 312 312 312 312 312 312 312 312 312 312 -9999 -9999 -9999 -9999 -9999 -9999 -9999 -9999 -9999 -9999 -9999 -9999 -9999 -9999 -9999 -9999 -9999 -9999 -9999 -9999
543 543 519 519 519 519 528 528 528 528 510 528 510 510 510 477 410 456 410 410 410 410 410 410 410 410 399 399 399 399 399 360 360 368 368 360 360 360 360 360 321 321 321 321 315 315 315 312 312 312 312 312 312 312 312 312 312 312 312 312 312 312 312 -9999 -9999 -9999 -9999 -9999 -9999 -9999 -9999 -9999 -9999 -9999 -9999 -9999 -9999 -9999 -9999 -9999 -9999 -9999
543 543 519 519 519 519 528 528 528 528 528 528 528 510 510 477 410 410 410 410 410 410 410 410 410 410 410 399 399 399 399 360 360 360 360 360 360 360 360 360 321 321 321 321 315 315 315 315 315 315 312 312 312 312 312 312 312 312 312 312 312 312 312 312 -9999 -9999 -9999 -9999 -9999 -9999 -9999 -9999 -9999 -9999 -9999 -9999 -9999 -9999 -9999 -9999 -9999 -9999
543 543 519 504 519 504 528 528 528 528 528 528 528 510 477 477 477 410 410 410 410 410 410 410 410 410 410 399 360 360 360 360 360 360 360 360 360 360 360 360 321 321 321 315 315 315 315 315 315 315 315 315 312 312 312 312 312 312 312 312 312 312 312 312 312 -9999 -9999 -9999 -9999 -9999 -9999 -9999 -9999 -9999 -9999 -9999 -9999 -9999 -9999 -9999 -9999 -9999
520 520 504 504 504 504 528 528 528 528 528 477 477 477 477 477 477 410 490 490 490 490 490 490 490 490 410 410 360 360 360 360 360 360 360 360 360 360 321 321 321 321 315 315 315 315 315 315 315 315 315 315 312 312 312 312 312 312 312 312 312 312 312 312 312 312 -9999 -9999 -9999 -9999 -9999 -9999 -9999 -9999 -9999 -9999 -9999 -9999 -9999 -9999 -9999 -9999
520 520 504 504 504 504 504 504 504 504 477 477 477 477 477 477 477 477 490 490 490 490 490 490 490 490 390 390 390 360 360 360 360 360 360 360 360 360 321 321 321 321 321 321 315 315 315 315 315 315 315 315 315 312 312 312 312 312 312 312 312 312 312 312 312 312 -9999 -9999 -9999 -9999 -9999 -9999 -9999 -9999 -9999 -9999 -9999 -9999 -9999 -9999 -9999 -9999
520 520 520 504 504 504 520 488 477 477 477 477 477 484 484 484 428 490 490 490 490 490 490 490 490 390 390 390 390 360 360 360 360 360 360 360 360 321 321 321 321 321 321 321 321 315 315 315 315 315 315 315 315 315 315 312 312 312 312 312 312 312 -9999 -9999 -9999 -9999 -9999 -9999 -9999 -9999 -9999 -9999 -9999 -9999 -9999 -9999 -9999 -9999 -9999 -9999 -9999 -9999
562 530 530 520 520 520 488 488 477 477 477 477 477 484 484 484 428 490 490 490 490 490 490 490 490 390 390 390 390 390 390 360 360 360 360 360 360 321 321 321 321 321 321 321 321 321 315 315 315 315 315 315 315 315 315 312 312 312 312 312 312 312 -9999 -9999 -9999 -9999 -9999 -9999 -9999 -9999 -9999 -9999 -9999 -9999 -9999 -9999 -9999 -9999 -9999 -9999 -9999 -9999
562 530 530 530 488 488 488 488 477 477 477 477 484 484 484 484 428 490 490 490 490 490 490 490 390 390 390 390 390 390 390 390 390 360 360 360 360 321 321 321 321 321 321 321 321 321 315 315 315 315 315 315 315 315 315 312 312 312 312 312 312 312 312 -9999 -9999 -9999 -9999 -9999 -9999 -9999 -9999 -9999 -9999 -9999 -9999 -9999 -9999 -9999 -9999 -9999 -9999 -9999
562 530 530 488 488 488 488 488 477 477 477 477 484 484 484 428 428 428 411 490 490 490 411 411 390 390 390 390 390 390 390 390 390 360 360 360 360 360 321 321 321 321 321 321 321 321 321 315 315 315 315 315 315 315 315 312 312 312 312 312 312 312 312 -9999 -9999 -9999 -9999 -9999 -9999 -9999 -9999 -9999 -9999 -9999 -9999 -9999 -9999 -9999 -9999 -9999 -9999 -9999
562 530 530 488 488 488 488 488 488 532 532 532 484 484 484 428 428 428 411 411 411 411 411 411 411 390 390 390 390 390 390 390 360 360 360 360 360 360 321 321 321 321 321 321 321 321 321 321 321 321 315 315 315 315 315 315 312 312 312 312 312 312 312 312 312 -9999 -9999 -9999 -9999 -9999 -9999 -9999 -9999 -9999 -9999 -9999 -9999 -9999 -9999 -9999 -9999 -9999
562 510 530 530 488 488 488 488 532 532 532 532 532 532 532 428 428 428 428 428 411 411 411 411 390 390 390 390 390 390 390 360 360 360 360 360 360 360 360 321 321 321 321 321 321 321 321 321 321 321 321 315 315 315 315 315 315 312 312 312 312 312 312 312 379 379 379 -9999 -9999 -9999 -9999 -9999 -9999 -9999 -9999 -9999 -9999 -9999 -9999 -9999 -9999 -9999
562 510 510 510 530 532 532 532 532 532 532 532 532 532 532 428 428 428 428 428 411 411 411 411 411 390 390 390 390 390 360 360 360 360 360 360 360 360 360 360 321 360 360 321 321 321 321 321 321 321 321 315 315 315 315 315 312 312 312 312 312 312 312 379 379 379 379 379 379 -9999 -9999 -9999 -9999 -9999 -9999 -9999 -9999 -9999 -9999 -9999 -9999 -9999
562 510 510 510 467 532 532 532 532 532 532 532 532 532 428 428 428 428 428 428 411 411 411 411 411 411 390 390 390 390 390 360 360 360 360 360 360 360 360 360 360 360 360 360 321 321 321 321 321 321 321 315 315 315 315 312 312 312 312 312 312 312 379 379 379 379 379 379 379 379 379 -9999 -9999 -9999 -9999 -9999 -9999 -9999 -9999 -9999 -9999 -9999
510 510 510 467 467 532 532 532 532 532 532 532 532 428 428 428 428 428 428 428 411 411 411 411 411 411 411 411 368 368 368 368 368 360 360 360 360 360 360 360 360 355 355 355 321 321 321 315 315 315 315 315 315 315 312 312 312 312 312 312 379 379 379 379 379 379 379 379 379 379 379 -9999 -9999 -9999 -9999 -9999 -9999 -9999 -9999 -9999 -9999 -9999
510 510 510 467 467 467 532 532 532 532 532 532 428 428 428 428 428 428 428 411 411 411 411 411 411 411 411 368 368 368 368 368 368 368 368 360 360 360 360 360 360 355 355 355 355 355 315 315 315 315 315 312 312 312 312 312 312 312 312 312 379 379 379 379 379 379 379 379 379 379 379 379 -9999 -9999 -9999 -9999 -9999 -9999 -9999 -9999 -9999 -9999
562 510 510 510 467 467 467 532 532 532 532 532 428 428 428 428 428 428 428 411 411 411 411 411 359 359 359 368 368 368 368 368 368 368 368 368 360 360 360 360 360 355 355 355 355 355 315 315 315 315 315 312 312 312 312 312 312 312 312 312 379 379 379 379 379 379 379 379 379 379 379 379 -9999 -9999 -9999 -9999 -9999 -9999 -9999 -9999 -9999 -9999
510 510 510 510 467 467 467 467 467 467 430 430 430 428 428 428 428 428 428 428 411 411 411 411 359 359 359 368 368 368 368 368 368 368 368 368 360 360 360 360 360 360 355 355 355 355 315 355 355 355 355 355 312 312 312 312 312 312 312 312 379 379 379 379 379 379 379 379 379 379 379 379 379 379 379 -9999 -9999 -9999 -9999 -9999 -9999 -9999
510 510 510 510 462 462 467 467 467 430 430 430 430 430 430 430 430 428 428 359 359 359 359 359 359 359 359 368 368 368 368 368 368 368 368 360 360 360 360 360 360 360 355 355 355 355 355 355 355 355 355 355 355 355 355 312 312 312 312 379 379 379 379 379 379 379 379 379 379 379 379 379 379 379 379 379 -9999 -9999 -9999 -9999 -9999 -9999
510 510 462 462 462 462 462 462 430 430 430 430 430 430 430 430 430 430 428 359 359 359 359 359 359 359 359 368 368 368 368 368 368 368 368 368 368 360 360 360 360 360 355 355 355 355 355 355 355 355 355 355 355 355 355 312 312 312 312 312 379 379 379 379 379 379 379 379 379 379 379 379 379 379 379 379 379 -9999 -9999 -9999 -9999 -9999
462 462 462 462 462 462 462 430 430 430 430 430 430 430 430 430 430 359 359 359 359 359 359 359 359 359 359 368 368 368 368 368 368 368 368 368 368 368 360 360 355 355 355 355 355 355 355 355 355 355 355 355 355 355 355 355 312 312 312 312 379 379 379 379 379 379 379 379 379 379 379 379 379 379 379 379 379 379 379 379 -9999 -9999
462 462 462 462 462 462 462 462 430 430 430 430 430 430 430 430 430 359 359 359 359 359 359 359 359 359 359 368 368 368 368 368 368 368 368 368 368 368 368 368 355 355 355 355 355 355 355 355 355 355 355 355 355 355 355 355 312 312 312 312 379 379 379 379 379 379 379 379 379 379 379 379 379 379 379 379 379 379 379 379 379 379
462 462 462 462 462 462 462 462 479 430 430 430 430 430 430 430 430 430 401 401 401 365 365 365 359 359 359 365 375 368 368 368 368 368 368 368 368 368 368 368 355 355 355 355 355 355 355 355 355 355 355 355 355 355 355 355 312 312 312 312 379 379 379 379 379 379 379 379 379 379 379 379 379 379 379 379 379 379 379 379 379 379
462 462 462 462 462 462 462 462 479 479 479 479 430 430 430 430 430 401 401 401 401 360 365 365 365 365 365 365 375 375 375 375 375 375 368 368 368 368 368 368 368 368 355 355 355 355 355 355 355 355 355 355 355 355 355 355 379 379 379 379 379 379 379 379 379 379 379 379 379 379 379 379 379 379 379 379 379 379 379 379 379 379
472 472 462 472 462 462 462 479 479 479 479 479 479 401 401 401 401 401 401 401 401 360 360 365 365 365 365 365 365 375 375 375 375 375 360 360 373 373 373 373 373 373 355 355 355 355 355 355 355 355 355 355 355 355 355 355 379 379 379 379 379 379 379 379 379 379 379 379 379 379 379 379 379 379 379 379 379 379 379 379 379 379
472 472 472 472 472 472 464 479 479 479 479 479 401 401 401 401 401 401 401 401 360 360 360 365 365 365 365 365 365 375 375 375 375 375 360 360 373 373 373 373 373 373 355 355 355 355 355 355 355 355 355 355 355 355 355 355 379 379 379 379 379 379 379 379 379 379 379 379 379 379 379 379 379 379 379 379 379 379 379 379 379 379
464 464 464 464 464 464 464 479 479 479 479 479 479 401 401 401 401 401 401 401 360 360 360 365 365 365 365 365 375 375 375 375 375 375 360 360 360 373 373 373 373 373 373 377 377 377 377 377 377 392 355 355 355 355 355 355 355 379 379 379 379 379 379 407 379 407 407 407 379 379 379 379 379 379 379 379 379 379 379 379 379 379
464 464 464 464 464 464 464 479 479 479 479 479 401 401 401 401 401 401 401 401 360 360 360 360 365 365 365 375 375 375 375 375 375 375 360 360 360 373 373 373 373 373 377 377 377 377 377 377 377 392 392 392 392 392 381 381 381 381 381 379 407 407 407 407 407 407 407 407 379 379 379 379 379 379 379 379 379 379 379 379 379 379
464 464 464 464 464 464 444 482 482 482 479 479 479 401 401 401 401 401 360 360 360 360 360 360 365 365 365 365 375 375 375 375 375 375 360 360 360 373 373 373 373 373 377 377 377 377 377 377 377 392 392 392 392 392 392 392 381 381 381 381 407 407 407 407 407 407 407 407 379 379 379 379 379 379 379 379 379 379 379 379 379 379
464 464 464 478 464 444 444 444 482 482 479 479 401 401 401 401 401 401 360 360 360 360 360 360 365 365 365 365 365 375 375 375 375 375 375 360 360 373 373 373 373 373 377 377 377 377 377 377 377 377 392 392 392 392 392 392 381 381 381 381 381 407 407 407 407 407 407 407 379 379 379 379 379 379 379 379 379 379 379 379 379 379
