layers/rainwind/HTI_rain_wind_rain_oct4.asc
NCOLS 343 
NROWS 248 
XLLCORNER -74.4803996469999 
YLLCORNER 18.0221399550001 
CELLSIZE 0.00833308698833808 
NODATA_value -9999 
[rows 54 to 80 of 248, columns 186 to 247 of 343]
1278 1219.43734126836 1219.43734126836 1219.43734126836 1219.43734126836 1219.43734126836 953.566541729533 953.566541729533 953.566541729533 953.566541729533 953.566541729533 953.566541729533 953.566541729533 953.566541729533 953.566541729533 953.566541729533 755.230606691313 755.230606691313 755.230606691313 755.230606691313 755.230606691313 755.230606691313 755.230606691313 755.230606691313 755.230606691313 755.230606691313 755.230606691313 755.230606691313 684.352800015659 684.352800015659 684.352800015659 684.352800015659 684.352800015659 684.352800015659 684.352800015659 684.352800015659 684.352800015659 887.889574278423 887.889574278423 887.889574278423 887.889574278423 887.889574278423 887.889574278423 678.685663168632 678.685663168632 679 679 679 679 783.591698899404 783.591698899404 783.591698899404 783.591698899404 810 810 810 810 810 707.976867927214 707.976867927214 707.976867927214 707.976867927214
1219.43734126836 1219.43734126836 1219.43734126836 1219.43734126836 1219.43734126836 1219.43734126836 1219.43734126836 953.566541729533 953.566541729533 953.566541729533 953.566541729533 953.566541729533 953.566541729533 953.566541729533 953.566541729533 953.566541729533 953.566541729533 953.566541729533 953.566541729533 953.566541729533 1028.69740601289 1028.69740601289 755.230606691313 755.230606691313 755.230606691313 755.230606691313 755.230606691313 684.352800015659 684.352800015659 684.352800015659 684.352800015659 684.352800015659 684.352800015659 684.352800015659 684.352800015659 684.352800015659 684.352800015659 887.889574278423 887.889574278423 887.889574278423 887.889574278423 887.889574278423 887.889574278423 887.889574278423 679 679 679 679 679 783.591698899404 783.591698899404 783.591698899404 783.591698899404 810 810 810 810 707.976867927214 707.976867927214 757.286580513716 707.976867927214 707.976867927214
1219.43734126836 1219.43734126836 1219.43734126836 1219.43734126836 1219.43734126836 1219.43734126836 1219.43734126836 1219.43734126836 1219.43734126836 953.566541729533 953.566541729533 953.566541729533 953.566541729533 953.566541729533 953.566541729533 953.566541729533 953.566541729533 953.566541729533 953.566541729533 1028.69740601289 1028.69740601289 1028.69740601289 1028.69740601289 1028.69740601289 1028.69740601289 1028.69740601289 684.352800015659 684.352800015659 684.352800015659 684.352800015659 684.352800015659 684.352800015659 684.352800015659 684.352800015659 684.352800015659 889.689095833638 889.689095833638 887.889574278423 887.889574278423 887.889574278423 887.889574278423 887.889574278423 887.889574278423 887.889574278423 887.889574278423 679 679 679 940.471166426651 940.471166426651 783.591698899404 744.622740007392 744.622740007392 810 744.622740007392 810 810 810 757.286580513716 757.286580513716 757.286580513716 757.286580513716
1219.43734126836 1219.43734126836 1219.43734126836 1219.43734126836 1219.43734126836 1219.43734126836 1219.43734126836 1219.43734126836 1219.43734126836 1219.43734126836 953.566541729533 953.566541729533 953.566541729533 953.566541729533 953.566541729533 953.566541729533 953.566541729533 953.566541729533 953.566541729533 953.566541729533 1028.69740601289 1028.69740601289 1028.69740601289 1028.69740601289 1028.69740601289 1028.69740601289 684.352800015659 684.352800015659 684.352800015659 684.352800015659 684.352800015659 684.352800015659 684.352800015659 889.689095833638 889.689095833638 889.689095833638 887.889574278423 887.889574278423 887.889574278423 887.889574278423 887.889574278423 887.889574278423 887.889574278423 887.889574278423 887.889574278423 887.889574278423 679 940.471166426651 940.471166426651 940.471166426651 744.622740007392 744.622740007392 744.622740007392 744.622740007392 744.622740007392 744.622740007392 810 757.286580513716 757.286580513716 757.286580513716 757.286580513716 757.286580513716
1219.43734126836 1219.43734126836 1219.43734126836 1219.43734126836 1219.43734126836 1219.43734126836 1219.43734126836 1219.43734126836 1219.43734126836 1219.43734126836 1219.43734126836 953.566541729533 953.566541729533 953.566541729533 953.566541729533 953.566541729533 953.566541729533 953.566541729533 953.566541729533 1028.69740601289 1028.69740601289 1028.69740601289 1028.69740601289 1028.69740601289 1391.5 1391.5 1391.5 1391.5 1391.5 684.352800015659 684.352800015659 684.352800015659 684.352800015659 889.689095833638 889.689095833638 889.689095833638 887.889574278423 887.889574278423 887.889574278423 887.889574278423 887.889574278423 887.889574278423 887.889574278423 887.889574278423 887.889574278423 887.889574278423 940.471166426651 940.471166426651 940.471166426651 940.471166426651 744.622740007392 744.622740007392 744.622740007392 744.622740007392 744.622740007392 744.622740007392 1051.03119780101 1051.03119780101 757.286580513716 757.286580513716 757.286580513716 757.286580513716
1219.43734126836 1219.43734126836 1219.43734126836 1219.43734126836 1219.43734126836 1219.43734126836 1219.43734126836 1219.43734126836 1219.43734126836 1219.43734126836 1219.43734126836 1219.43734126836 1219.43734126836 1028.69740601289 1028.69740601289 1028.69740601289 1028.69740601289 1028.69740601289 1028.69740601289 1028.69740601289 1028.69740601289 1028.69740601289 1028.69740601289 1028.69740601289 1391.5 1391.5 1391.5 1391.5 1391.5 1391.5 1391.5 1391.5 1391.5 889.689095833638 889.689095833638 889.689095833638 889.689095833638 887.889574278423 887.889574278423 887.889574278423 887.889574278423 887.889574278423 887.889574278423 887.889574278423 887.889574278423 887.889574278423 887.889574278423 940.471166426651 940.471166426651 940.471166426651 940.471166426651 940.471166426651 940.471166426651 940.471166426651 744.622740007392 1051.03119780101 1051.03119780101 1051.03119780101 757.286580513716 757.286580513716 757.286580513716 757.286580513716
1219.43734126836 1219.43734126836 1219.43734126836 1219.43734126836 1219.43734126836 1219.43734126836 1219.43734126836 1219.43734126836 1219.43734126836 1219.43734126836 1219.43734126836 1219.43734126836 1028.69740601289 1028.69740601289 1028.69740601289 1028.69740601289 1028.69740601289 1028.69740601289 1028.69740601289 1028.69740601289 1028.69740601289 1028.69740601289 1028.69740601289 1028.69740601289 1028.69740601289 1391.5 1391.5 1391.5 1391.5 1391.5 1391.5 1391.5 1391.5 1391.5 889.689095833638 889.689095833638 889.689095833638 887.889574278423 887.889574278423 887.889574278423 887.889574278423 887.889574278423 887.889574278423 887.889574278423 887.889574278423 887.889574278423 887.889574278423 940.471166426651 940.471166426651 940.471166426651 940.471166426651 940.471166426651 940.471166426651 852.299191424503 852.299191424503 1051.03119780101 1051.03119780101 1051.03119780101 1051.03119780101 757.286580513716 757.286580513716 757.286580513716
1219.43734126836 1219.43734126836 1219.43734126836 1219.43734126836 1219.43734126836 1219.43734126836 1219.43734126836 1219.43734126836 1219.43734126836 1219.43734126836 1028.69740601289 1028.69740601289 1028.69740601289 1028.69740601289 1028.69740601289 1028.69740601289 1028.69740601289 1028.69740601289 1028.69740601289 1028.69740601289 1028.69740601289 1028.69740601289 1028.69740601289 1028.69740601289 1391.5 1391.5 1391.5 1391.5 1391.5 1391.5 1391.5 1391.5 1391.5 1391.5 889.689095833638 889.689095833638 889.689095833638 887.889574278423 887.889574278423 887.889574278423 887.889574278423 887.889574278423 887.889574278423 887.889574278423 887.889574278423 887.889574278423 887.889574278423 1027.17119056442 1027.17119056442 852.299191424503 852.299191424503 852.299191424503 852.299191424503 852.299191424503 852.299191424503 1068 1051.03119780101 1051.03119780101 1051.03119780101 1051.03119780101 757.286580513716 757.286580513716
1219.43734126836 1219.43734126836 1219.43734126836 1219.43734126836 1219.43734126836 1219.43734126836 1219.43734126836 1219.43734126836 1219.43734126836 1219.43734126836 1219.43734126836 1219.43734126836 1028.69740601289 1028.69740601289 1028.69740601289 1028.69740601289 1028.69740601289 1028.69740601289 1028.69740601289 1028.69740601289 1028.69740601289 1028.69740601289 1028.69740601289 1391.5 1391.5 1391.5 1391.5 1391.5 1391.5 1391.5 1391.5 1391.5 1391.5 1391.5 889.689095833638 889.689095833638 889.689095833638 889.689095833638 889.689095833638 889.689095833638 887.889574278423 887.889574278423 887.889574278423 887.889574278423 1027.17119056442 1027.17119056442 1027.17119056442 1027.17119056442 1027.17119056442 1027.17119056442 852.299191424503 852.299191424503 852.299191424503 852.299191424503 852.299191424503 1068 1051.03119780101 1051.03119780101 1051.03119780101 1051.03119780101 1051.03119780101 873.788860216915
-9999 -9999 1219.43734126836 1219.43734126836 1219.43734126836 1219.43734126836 1219.43734126836 1219.43734126836 1219.43734126836 1219.43734126836 1219.43734126836 1219.43734126836 1028.69740601289 1028.69740601289 1028.69740601289 1028.69740601289 1028.69740601289 1028.69740601289 1028.69740601289 1028.69740601289 1028.69740601289 1028.69740601289 1028.69740601289 1391.5 1391.5 1391.5 1391.5 1391.5 1391.5 1391.5 1391.5 1391.5 1391.5 1391.5 1391.5 889.689095833638 889.689095833638 889.689095833638 889.689095833638 889.689095833638 889.689095833638 887.889574278423 887.889574278423 1027.17119056442 1027.17119056442 1027.17119056442 1027.17119056442 1027.17119056442 1027.17119056442 1027.17119056442 1027.17119056442 1027.17119056442 852.299191424503 852.299191424503 852.299191424503 1068 1068 1051.03119780101 1051.03119780101 1068 1068 873.788860216915
-9999 -9999 -9999 -9999 1219.43734126836 1219.43734126836 1219.43734126836 1219.43734126836 1219.43734126836 1219.43734126836 1219.43734126836 1219.43734126836 1219.43734126836 1028.69740601289 1028.69740601289 1028.69740601289 1028.69740601289 1028.69740601289 1028.69740601289 1028.69740601289 1028.69740601289 1028.69740601289 1391.5 1391.5 1391.5 1391.5 1391.5 1391.5 1391.5 1391.5 1391.5 1391.5 1391.5 1391.5 1391.5 1391.5 889.689095833638 889.689095833638 889.689095833638 889.689095833638 889.689095833638 889.689095833638 1027.17119056442 1027.17119056442 1027.17119056442 1027.17119056442 1027.17119056442 1027.17119056442 1027.17119056442 1027.17119056442 1027.17119056442 1027.17119056442 1027.17119056442 852.299191424503 852.299191424503 852.299191424503 1068 1068 1068 1068 1068 873.788860216915
-9999 -9999 -9999 -9999 -9999 1219.43734126836 1219.43734126836 1219.43734126836 1219.43734126836 1219.43734126836 1219.43734126836 1219.43734126836 1219.43734126836 1219.43734126836 1219.43734126836 1028.69740601289 1028.69740601289 1028.69740601289 1028.69740601289 1028.69740601289 1028.69740601289 1028.69740601289 1028.69740601289 1391.5 1391.5 1391.5 1391.5 1391.5 1391.5 1391.5 1391.5 1391.5 1391.5 1391.5 1391.5 889.689095833638 889.689095833638 889.689095833638 889.689095833638 889.689095833638 889.689095833638 889.689095833638 1027.17119056442 1027.17119056442 1027.17119056442 1027.17119056442 1027.17119056442 1027.17119056442 1027.17119056442 1027.17119056442 1027.17119056442 1027.17119056442 1027.17119056442 1027.17119056442 852.299191424503 852.299191424503 852.299191424503 1068 1068 1068 1068 1068
-9999 -9999 -9999 -9999 -9999 -9999 -9999 -9999 -9999 1219.43734126836 1219.43734126836 1219.43734126836 1219.43734126836 1219.43734126836 1219.43734126836 1219.43734126836 1219.43734126836 1028.69740601289 1028.69740601289 1028.69740601289 1028.69740601289 1028.69740601289 1028.69740601289 1028.69740601289 1391.5 1391.5 1391.5 1391.5 1391.5 1391.5 1391.5 1391.5 1391.5 1391.5 1391.5 889.689095833638 889.689095833638 889.689095833638 889.689095833638 889.689095833638 889.689095833638 889.689095833638 1027.17119056442 1027.17119056442 1027.17119056442 1027.17119056442 1027.17119056442 1027.17119056442 1027.17119056442 1027.17119056442 1027.17119056442 1027.17119056442 1027.17119056442 1027.17119056442 1027.17119056442 852.299191424503 852.299191424503 852.299191424503 1068 1068 1068 998.209525584929
-9999 -9999 -9999 -9999 -9999 -9999 -9999 -9999 -9999 -9999 1219.43734126836 1219.43734126836 1219.43734126836 1219.43734126836 1219.43734126836 1219.43734126836 1219.43734126836 1219.43734126836 1028.69740601289 1028.69740601289 1028.69740601289 1028.69740601289 1028.69740601289 1391.5 1391.5 1391.5 1391.5 1391.5 1391.5 1391.5 1391.5 1391.5 1391.5 1391.5 1391.5 889.689095833638 889.689095833638 889.689095833638 889.689095833638 1611.73209459693 1335.77750386922 1335.77750386922 1335.77750386922 1027.17119056442 1027.17119056442 1027.17119056442 1027.17119056442 1027.17119056442 1027.17119056442 1027.17119056442 1027.17119056442 1027.17119056442 1027.17119056442 1027.17119056442 1470.37715373016 1470.37715373016 852.299191424503 852.299191424503 852.299191424503 1068 998.209525584929 998.209525584929
-9999 -9999 -9999 -9999 -9999 -9999 -9999 -9999 -9999 -9999 -9999 1219.43734126836 1219.43734126836 1219.43734126836 1219.43734126836 1219.43734126836 1219.43734126836 1391.5 1391.5 1028.69740601289 1028.69740601289 1391.5 1391.5 1391.5 1391.5 1391.5 1391.5 1391.5 1391.5 1391.5 1391.5 1391.5 1391.5 1391.5 889.689095833638 889.689095833638 889.689095833638 1611.73209459693 1611.73209459693 1611.73209459693 1611.73209459693 1335.77750386922 1335.77750386922 1335.77750386922 1335.77750386922 1027.17119056442 1027.17119056442 1027.17119056442 1027.17119056442 1027.17119056442 1027.17119056442 1027.17119056442 1027.17119056442 1470.37715373016 1470.37715373016 1470.37715373016 1470.37715373016 1470.37715373016 998.209525584929 998.209525584929 998.209525584929 998.209525584929
-9999 -9999 -9999 -9999 -9999 -9999 -9999 -9999 -9999 -9999 -9999 -9999 -9999 -9999 1219.43734126836 1219.43734126836 1391.5 1391.5 1391.5 1391.5 1391.5 1391.5 1391.5 1391.5 1391.5 1391.5 1391.5 1391.5 1391.5 1391.5 1391.5 1391.5 1391.5 1391.5 889.689095833638 889.689095833638 889.689095833638 1611.73209459693 1611.73209459693 1611.73209459693 1611.73209459693 1611.73209459693 1335.77750386922 1335.77750386922 1335.77750386922 1335.77750386922 1335.77750386922 1335.77750386922 1335.77750386922 1335.77750386922 1335.77750386922 1027.17119056442 1027.17119056442 1470.37715373016 1470.37715373016 1470.37715373016 1470.37715373016 1470.37715373016 1470.37715373016 1470.37715373016 998.209525584929 998.209525584929
-9999 -9999 -9999 -9999 -9999 -9999 -9999 -9999 -9999 -9999 -9999 -9999 -9999 -9999 -9999 1391.5 1391.5 1391.5 1391.5 1391.5 1391.5 1391.5 1391.5 1391.5 1391.5 1391.5 1391.5 1391.5 1391.5 1391.5 1391.5 1391.5 1391.5 1391.5 889.689095833638 889.689095833638 889.689095833638 1611.73209459693 1611.73209459693 1611.73209459693 1611.73209459693 1611.73209459693 1335.77750386922 1335.77750386922 1335.77750386922 1335.77750386922 1335.77750386922 1335.77750386922 1335.77750386922 1335.77750386922 1335.77750386922 1027.17119056442 1027.17119056442 1470.37715373016 1470.37715373016 1470.37715373016 1470.37715373016 1470.37715373016 1470.37715373016 1470.37715373016 1470.37715373016 1470.37715373016
-9999 -9999 -9999 -9999 -9999 -9999 -9999 -9999 -9999 -9999 -9999 -9999 -9999 -9999 -9999 -9999 1391.5 1391.5 1391.5 1391.5 1391.5 1391.5 1391.5 1391.5 1391.5 1391.5 1391.5 1391.5 1391.5 1391.5 1391.5 1391.5 1391.5 889.689095833638 1356.55637372186 889.689095833638 1611.73209459693 1611.73209459693 1611.73209459693 1611.73209459693 1611.73209459693 1611.73209459693 1611.73209459693 1335.77750386922 1335.77750386922 1335.77750386922 1335.77750386922 1335.77750386922 1335.77750386922 1335.77750386922 1335.77750386922 1335.77750386922 1335.77750386922 1470.37715373016 1470.37715373016 1470.37715373016 1470.37715373016 1470.37715373016 1470.37715373016 1470.37715373016 1470.37715373016 1470.37715373016
-9999 -9999 -9999 -9999 -9999 -9999 -9999 -9999 -9999 -9999 -9999 -9999 -9999 -9999 -9999 -9999 -9999 1391.5 1391.5 1391.5 1391.5 1391.5 1391.5 1391.5 1391.5 1391.5 1391.5 1391.5 1391.5 1391.5 1391.5 1391.5 1391.5 1356.55637372186 1356.55637372186 1356.55637372186 1356.55637372186 1611.73209459693 1611.73209459693 1611.73209459693 1611.73209459693 1611.73209459693 1611.73209459693 1611.73209459693 1611.73209459693 1611.73209459693 1611.73209459693 1611.73209459693 1335.77750386922 1335.77750386922 1335.77750386922 1335.77750386922 1335.77750386922 1470.37715373016 1470.37715373016 1470.37715373016 1470.37715373016 1470.37715373016 1470.37715373016 1470.37715373016 1470.37715373016 1470.37715373016
-9999 -9999 -9999 -9999 -9999 -9999 -9999 -9999 -9999 -9999 -9999 -9999 -9999 -9999 -9999 -9999 -9999 -9999 1391.5 1391.5 1391.5 1391.5 1391.5 1391.5 1391.5 1391.5 1391.5 1391.5 1391.5 1391.5 1391.5 1391.5 1356.55637372186 1356.55637372186 1356.55637372186 1356.55637372186 1356.55637372186 1356.55637372186 1356.55637372186 1611.73209459693 1611.73209459693 1611.73209459693 1611.73209459693 1611.73209459693 1611.73209459693 1611.73209459693 1611.73209459693 1611.73209459693 1611.73209459693 1335.77750386922 1335.77750386922 1335.77750386922 1335.77750386922 1335.77750386922 1335.77750386922 1470.37715373016 1470.37715373016 1470.37715373016 1470.37715373016 1470.37715373016 1470.37715373016 1470.37715373016
-9999 -9999 -9999 -9999 -9999 -9999 -9999 -9999 -9999 -9999 -9999 -9999 -9999 -9999 -9999 -9999 -9999 -9999 1391.5 1391.5 1391.5 1391.5 1391.5 1391.5 1391.5 1391.5 1391.5 1391.5 1391.5 1391.5 1391.5 1356.55637372186 1356.55637372186 1356.55637372186 1356.55637372186 1356.55637372186 1356.55637372186 1356.55637372186 1356.55637372186 1356.55637372186 1611.73209459693 1611.73209459693 1611.73209459693 1611.73209459693 1611.73209459693 1611.73209459693 1611.73209459693 1611.73209459693 1611.73209459693 1335.77750386922 1335.77750386922 1335.77750386922 1335.77750386922 1335.77750386922 1335.77750386922 1335.77750386922 1248.1565081763 1470.37715373016 1470.37715373016 1470.37715373016 1470.37715373016 1470.37715373016
-9999 -9999 -9999 -9999 -9999 -9999 -9999 -9999 -9999 -9999 -9999 -9999 -9999 -9999 -9999 -9999 -9999 -9999 -9999 1391.5 1391.5 1391.5 1391.5 1391.5 1391.5 1391.5 1391.5 1391.5 1356.55637372186 1356.55637372186 1356.55637372186 1356.55637372186 1356.55637372186 1356.55637372186 1356.55637372186 1356.55637372186 1356.55637372186 1356.55637372186 1356.55637372186 1356.55637372186 1611.73209459693 1611.73209459693 1611.73209459693 1611.73209459693 1611.73209459693 1611.73209459693 1611.73209459693 1611.73209459693 1611.73209459693 1611.73209459693 1611.73209459693 1611.73209459693 1335.77750386922 1335.77750386922 1335.77750386922 1335.77750386922 1248.1565081763 1248.1565081763 1248.1565081763 1248.1565081763 1248.1565081763 1248.1565081763
-9999 -9999 -9999 -9999 -9999 -9999 -9999 -9999 -9999 -9999 -9999 -9999 -9999 -9999 -9999 -9999 -9999 -9999 -9999 -9999 1391.5 1391.5 1391.5 1391.5 -9999 -9999 -9999 -9999 1356.55637372186 1356.55637372186 1356.55637372186 1356.55637372186 1356.55637372186 1356.55637372186 1356.55637372186 1356.55637372186 1356.55637372186 1356.55637372186 1356.55637372186 1356.55637372186 1356.55637372186 1611.73209459693 1611.73209459693 1611.73209459693 1611.73209459693 1611.73209459693 1611.73209459693 1611.73209459693 1611.73209459693 1611.73209459693 1611.73209459693 1611.73209459693 1335.77750386922 1335.77750386922 1248.1565081763 1248.1565081763 1248.1565081763 1248.1565081763 1248.1565081763 1248.1565081763 1248.1565081763 1248.1565081763
-9999 -9999 -9999 -9999 -9999 -9999 -9999 -9999 -9999 -9999 -9999 -9999 -9999 -9999 -9999 -9999 -9999 -9999 -9999 -9999 -9999 -9999 -9999 -9999 -9999 -9999 -9999 -9999 1356.55637372186 1356.55637372186 1356.55637372186 1356.55637372186 1356.55637372186 1356.55637372186 1356.55637372186 1356.55637372186 1356.55637372186 1356.55637372186 1356.55637372186 1356.55637372186 1356.55637372186 1611.73209459693 1611.73209459693 1611.73209459693 1611.73209459693 1611.73209459693 1611.73209459693 1611.73209459693 1611.73209459693 1611.73209459693 1611.73209459693 1611.73209459693 1335.77750386922 1248.1565081763 1248.1565081763 1248.1565081763 1248.1565081763 1248.1565081763 1248.1565081763 1248.1565081763 1248.1565081763 1248.1565081763
-9999 -9999 -9999 -9999 -9999 -9999 -9999 -9999 -9999 -9999 -9999 -9999 -9999 -9999 -9999 -9999 -9999 -9999 -9999 -9999 -9999 -9999 -9999 -9999 -9999 -9999 -9999 -9999 1356.55637372186 1356.55637372186 1356.55637372186 1356.55637372186 1356.55637372186 1356.55637372186 1356.55637372186 1356.55637372186 1356.55637372186 1356.55637372186 1356.55637372186 1356.55637372186 1356.55637372186 1611.73209459693 1611.73209459693 1611.73209459693 1611.73209459693 1611.73209459693 1611.73209459693 1611.73209459693 1611.73209459693 1611.73209459693 1611.73209459693 1611.73209459693 1611.73209459693 1248.1565081763 1248.1565081763 1248.1565081763 1248.1565081763 1248.1565081763 1248.1565081763 1248.1565081763 1248.1565081763 1248.1565081763
-9999 -9999 -9999 -9999 -9999 -9999 -9999 -9999 -9999 -9999 -9999 -9999 -9999 -9999 -9999 -9999 -9999 -9999 -9999 -9999 -9999 -9999 -9999 -9999 -9999 1538.58881189999 -9999 -9999 1356.55637372186 1356.55637372186 1356.55637372186 1356.55637372186 1356.55637372186 1356.55637372186 1356.55637372186 1356.55637372186 1356.55637372186 1356.55637372186 1356.55637372186 1356.55637372186 1611.73209459693 1611.73209459693 1611.73209459693 1611.73209459693 1611.73209459693 1611.73209459693 1611.73209459693 1611.73209459693 1611.73209459693 1611.73209459693 1611.73209459693 1611.73209459693 1611.73209459693 1611.73209459693 1611.73209459693 1248.1565081763 1248.1565081763 1248.1565081763 1248.1565081763 1248.1565081763 1248.1565081763 1248.1565081763
-9999 -9999 -9999 -9999 -9999 -9999 -9999 -9999 -9999 -9999 -9999 -9999 -9999 -9999 -9999 -9999 -9999 -9999 -9999 -9999 -9999 -9999 -9999 -9999 1538.58881189999 1538.58881189999 -9999 -9999 -9999 1356.55637372186 1356.55637372186 1356.55637372186 1356.55637372186 1356.55637372186 1356.55637372186 1356.55637372186 1356.55637372186 1356.55637372186 1356.55637372186 1356.55637372186 1356.55637372186 1611.73209459693 1611.73209459693 1611.73209459693 1611.73209459693 1611.73209459693 1611.73209459693 1611.73209459693 1611.73209459693 1611.73209459693 1611.73209459693 1611.73209459693 1611.73209459693 1611.73209459693 1611.73209459693 1611.73209459693 1248.1565081763 1248.1565081763 1248.1565081763 1248.1565081763 1248.1565081763 1248.1565081763
