layers/rainwind/HTI_rain_wind_rain_oct3.asc
NCOLS 343 
NROWS 248 
XLLCORNER -74.4803996469999 
YLLCORNER 18.0221399550001 
CELLSIZE 0.00833308698833808 
NODATA_value -9999 
[rows 54 to 80 of 248, columns 186 to 247 of 343]
48 194.716051039119 194.716051039119 194.716051039119 194.716051039119 194.716051039119 99.4709148030933 99.4709148030933 99.4709148030933 99.4709148030933 99.4709148030933 99.4709148030933 99.4709148030933 99.4709148030933 99.4709148030933 99.4709148030933 105.7079269179 105.7079269179 105.7079269179 105.7079269179 105.7079269179 105.7079269179 105.7079269179 105.7079269179 105.7079269179 105.7079269179 105.7079269179 105.7079269179 119.453379865495 119.453379865495 119.453379865495 119.453379865495 119.453379865495 119.453379865495 119.453379865495 119.453379865495 119.453379865495 205.426396264401 205.426396264401 205.426396264401 205.426396264401 205.426396264401 205.426396264401 119.789394322983 119.789394322983 120 120 120 120 188.808889581817 188.808889581817 188.808889581817 188.808889581817 185 185 185 185 185 197.973710374606 197.973710374606 197.973710374606 197.973710374606
194.716051039119 194.716051039119 194.716051039119 194.716051039119 194.716051039119 194.716051039119 194.716051039119 99.4709148030933 99.4709148030933 99.4709148030933 99.4709148030933 99.4709148030933 99.4709148030933 99.4709148030933 99.4709148030933 99.4709148030933 99.4709148030933 99.4709148030933 99.4709148030933 99.4709148030933 185.107154319372 185.107154319372 105.7079269179 105.7079269179 105.7079269179 105.7079269179 105.7079269179 119.453379865495 119.453379865495 119.453379865495 119.453379865495 119.453379865495 119.453379865495 119.453379865495 119.453379865495 119.453379865495 119.453379865495 205.426396264401 205.426396264401 205.426396264401 205.426396264401 205.426396264401 205.426396264401 205.426396264401 120 120 120 120 120 188.808889581817 188.808889581817 188.808889581817 188.808889581817 185 185 185 185 197.973710374606 197.973710374606 243.377045930486 197.973710374606 197.973710374606
194.716051039119 194.716051039119 194.716051039119 194.716051039119 194.716051039119 194.716051039119 194.716051039119 194.716051039119 194.716051039119 99.4709148030933 99.4709148030933 99.4709148030933 99.4709148030933 99.4709148030933 99.4709148030933 99.4709148030933 99.4709148030933 99.4709148030933 99.4709148030933 185.107154319372 185.107154319372 185.107154319372 185.107154319372 185.107154319372 185.107154319372 185.107154319372 119.453379865495 119.453379865495 119.453379865495 119.453379865495 119.453379865495 119.453379865495 119.453379865495 119.453379865495 119.453379865495 203.603595298432 203.603595298432 205.426396264401 205.426396264401 205.426396264401 205.426396264401 205.426396264401 205.426396264401 205.426396264401 205.426396264401 120 120 120 244.161585655965 244.161585655965 188.808889581817 208.851923620995 208.851923620995 185 208.851923620995 185 185 185 243.377045930486 243.377045930486 243.377045930486 243.377045930486
194.716051039119 194.716051039119 194.716051039119 194.716051039119 194.716051039119 194.716051039119 194.716051039119 194.716051039119 194.716051039119 194.716051039119 99.4709148030933 99.4709148030933 99.4709148030933 99.4709148030933 99.4709148030933 99.4709148030933 99.4709148030933 99.4709148030933 99.4709148030933 99.4709148030933 185.107154319372 185.107154319372 185.107154319372 185.107154319372 185.107154319372 185.107154319372 119.453379865495 119.453379865495 119.453379865495 119.453379865495 119.453379865495 119.453379865495 119.453379865495 203.603595298432 203.603595298432 203.603595298432 205.426396264401 205.426396264401 205.426396264401 205.426396264401 205.426396264401 205.426396264401 205.426396264401 205.426396264401 205.426396264401 205.426396264401 120 244.161585655965 244.161585655965 244.161585655965 208.851923620995 208.851923620995 208.851923620995 208.851923620995 208.851923620995 208.851923620995 185 243.377045930486 243.377045930486 243.377045930486 243.377045930486 243.377045930486
194.716051039119 194.716051039119 194.716051039119 194.716051039119 194.716051039119 194.716051039119 194.716051039119 194.716051039119 194.716051039119 194.716051039119 194.716051039119 99.4709148030933 99.4709148030933 99.4709148030933 99.4709148030933 99.4709148030933 99.4709148030933 99.4709148030933 99.4709148030933 185.107154319372 185.107154319372 185.107154319372 185.107154319372 185.107154319372 274.5 274.5 274.5 274.5 274.5 119.453379865495 119.453379865495 119.453379865495 119.453379865495 203.603595298432 203.603595298432 203.603595298432 205.426396264401 205.426396264401 205.426396264401 205.426396264401 205.426396264401 205.426396264401 205.426396264401 205.426396264401 205.426396264401 205.426396264401 244.161585655965 244.161585655965 244.161585655965 244.161585655965 208.851923620995 208.851923620995 208.851923620995 208.851923620995 208.851923620995 208.851923620995 262.541044253814 262.541044253814 243.377045930486 243.377045930486 243.377045930486 243.377045930486
194.716051039119 194.716051039119 194.716051039119 194.716051039119 194.716051039119 194.716051039119 194.716051039119 194.716051039119 194.716051039119 194.716051039119 194.716051039119 194.716051039119 194.716051039119 185.107154319372 185.107154319372 185.107154319372 185.107154319372 185.107154319372 185.107154319372 185.107154319372 185.107154319372 185.107154319372 185.107154319372 185.107154319372 274.5 274.5 274.5 274.5 274.5 274.5 274.5 274.5 274.5 203.603595298432 203.603595298432 203.603595298432 203.603595298432 205.426396264401 205.426396264401 205.426396264401 205.426396264401 205.426396264401 205.426396264401 205.426396264401 205.426396264401 205.426396264401 205.426396264401 244.161585655965 244.161585655965 244.161585655965 244.161585655965 244.161585655965 244.161585655965 244.161585655965 208.851923620995 262.541044253814 262.541044253814 262.541044253814 243.377045930486 243.377045930486 243.377045930486 243.377045930486
194.716051039119 194.716051039119 194.716051039119 194.716051039119 194.716051039119 194.716051039119 194.716051039119 194.716051039119 194.716051039119 194.716051039119 194.716051039119 194.716051039119 185.107154319372 185.107154319372 185.107154319372 185.107154319372 185.107154319372 185.107154319372 185.107154319372 185.107154319372 185.107154319372 185.107154319372 185.107154319372 185.107154319372 185.107154319372 274.5 274.5 274.5 274.5 274.5 274.5 274.5 274.5 274.5 203.603595298432 203.603595298432 203.603595298432 205.426396264401 205.426396264401 205.426396264401 205.426396264401 205.426396264401 205.426396264401 205.426396264401 205.426396264401 205.426396264401 205.426396264401 244.161585655965 244.161585655965 244.161585655965 244.161585655965 244.161585655965 244.161585655965 290.079610326626 290.079610326626 262.541044253814 262.541044253814 262.541044253814 262.541044253814 243.377045930486 243.377045930486 243.377045930486
194.716051039119 194.716051039119 194.716051039119 194.716051039119 194.716051039119 194.716051039119 194.716051039119 194.716051039119 194.716051039119 194.716051039119 185.107154319372 185.107154319372 185.107154319372 185.107154319372 185.107154319372 185.107154319372 185.107154319372 185.107154319372 185.107154319372 185.107154319372 185.107154319372 185.107154319372 185.107154319372 185.107154319372 274.5 274.5 274.5 274.5 274.5 274.5 274.5 274.5 274.5 274.5 203.603595298432 203.603595298432 203.603595298432 205.426396264401 205.426396264401 205.426396264401 205.426396264401 205.426396264401 205.426396264401 205.426396264401 205.426396264401 205.426396264401 205.426396264401 272.237831876442 272.237831876442 290.079610326626 290.079610326626 290.079610326626 290.079610326626 290.079610326626 290.079610326626 268 262.541044253814 262.541044253814 262.541044253814 262.541044253814 243.377045930486 243.377045930486
194.716051039119 194.716051039119 194.716051039119 194.716051039119 194.716051039119 194.716051039119 194.716051039119 194.716051039119 194.716051039119 194.716051039119 194.716051039119 194.716051039119 185.107154319372 185.107154319372 185.107154319372 185.107154319372 185.107154319372 185.107154319372 185.107154319372 185.107154319372 185.107154319372 185.107154319372 185.107154319372 274.5 274.5 274.5 274.5 274.5 274.5 274.5 274.5 274.5 274.5 274.5 203.603595298432 203.603595298432 203.603595298432 203.603595298432 203.603595298432 203.603595298432 205.426396264401 205.426396264401 205.426396264401 205.426396264401 272.237831876442 272.237831876442 272.237831876442 272.237831876442 272.237831876442 272.237831876442 290.079610326626 290.079610326626 290.079610326626 290.079610326626 290.079610326626 268 262.541044253814 262.541044253814 262.541044253814 262.541044253814 262.541044253814 258.874044622562
-9999 -9999 194.716051039119 194.716051039119 194.716051039119 194.716051039119 194.716051039119 194.716051039119 194.716051039119 194.716051039119 194.716051039119 194.716051039119 185.107154319372 185.107154319372 185.107154319372 185.107154319372 185.107154319372 185.107154319372 185.107154319372 185.107154319372 185.107154319372 185.107154319372 185.107154319372 274.5 274.5 274.5 274.5 274.5 274.5 274.5 274.5 274.5 274.5 274.5 274.5 203.603595298432 203.603595298432 203.603595298432 203.603595298432 203.603595298432 203.603595298432 205.426396264401 205.426396264401 272.237831876442 272.237831876442 272.237831876442 272.237831876442 272.237831876442 272.237831876442 272.237831876442 272.237831876442 272.237831876442 290.079610326626 290.079610326626 290.079610326626 268 268 262.541044253814 262.541044253814 268 268 258.874044622562
-9999 -9999 -9999 -9999 194.716051039119 194.716051039119 194.716051039119 194.716051039119 194.716051039119 194.716051039119 194.716051039119 194.716051039119 194.716051039119 185.107154319372 185.107154319372 185.107154319372 185.107154319372 185.107154319372 185.107154319372 185.107154319372 185.107154319372 185.107154319372 274.5 274.5 274.5 274.5 274.5 274.5 274.5 274.5 274.5 274.5 274.5 274.5 274.5 274.5 203.603595298432 203.603595298432 203.603595298432 203.603595298432 203.603595298432 203.603595298432 272.237831876442 272.237831876442 272.237831876442 272.237831876442 272.237831876442 272.237831876442 272.237831876442 272.237831876442 272.237831876442 272.237831876442 272.237831876442 290.079610326626 290.079610326626 290.079610326626 268 268 268 268 268 258.874044622562
-9999 -9999 -9999 -9999 -9999 194.716051039119 194.716051039119 194.716051039119 194.716051039119 194.716051039119 194.716051039119 194.716051039119 194.716051039119 194.716051039119 194.716051039119 185.107154319372 185.107154319372 185.107154319372 185.107154319372 185.107154319372 185.107154319372 185.107154319372 185.107154319372 274.5 274.5 274.5 274.5 274.5 274.5 274.5 274.5 274.5 274.5 274.5 274.5 203.603595298432 203.603595298432 203.603595298432 203.603595298432 203.603595298432 203.603595298432 203.603595298432 272.237831876442 272.237831876442 272.237831876442 272.237831876442 272.237831876442 272.237831876442 272.237831876442 272.237831876442 272.237831876442 272.237831876442 272.237831876442 272.237831876442 290.079610326626 290.079610326626 290.079610326626 268 268 268 268 268
-9999 -9999 -9999 -9999 -9999 -9999 -9999 -9999 -9999 194.716051039119 194.716051039119 194.716051039119 194.716051039119 194.716051039119 194.716051039119 194.716051039119 194.716051039119 185.107154319372 185.107154319372 185.107154319372 185.107154319372 185.107154319372 185.107154319372 185.107154319372 274.5 274.5 274.5 274.5 274.5 274.5 274.5 274.5 274.5 274.5 274.5 203.603595298432 203.603595298432 203.603595298432 203.603595298432 203.603595298432 203.603595298432 203.603595298432 272.237831876442 272.237831876442 272.237831876442 272.237831876442 272.237831876442 272.237831876442 272.237831876442 272.237831876442 272.237831876442 272.237831876442 272.237831876442 272.237831876442 272.237831876442 290.079610326626 290.079610326626 290.079610326626 268 268 268 309.229943109752
-9999 -9999 -9999 -9999 -9999 -9999 -9999 -9999 -9999 -9999 194.716051039119 194.716051039119 194.716051039119 194.716051039119 194.716051039119 194.716051039119 194.716051039119 194.716051039119 185.107154319372 185.107154319372 185.107154319372 185.107154319372 185.107154319372 274.5 274.5 274.5 274.5 274.5 274.5 274.5 274.5 274.5 274.5 274.5 274.5 203.603595298432 203.603595298432 203.603595298432 203.603595298432 337.812891674334 305.68029437692 305.68029437692 305.68029437692 272.237831876442 272.237831876442 272.237831876442 272.237831876442 272.237831876442 272.237831876442 272.237831876442 272.237831876442 272.237831876442 272.237831876442 272.237831876442 305.563689984303 305.563689984303 290.079610326626 290.079610326626 290.079610326626 268 309.229943109752 309.229943109752
-9999 -9999 -9999 -9999 -9999 -9999 -9999 -9999 -9999 -9999 -9999 194.716051039119 194.716051039119 194.716051039119 194.716051039119 194.716051039119 194.716051039119 274.5 274.5 185.107154319372 185.107154319372 274.5 274.5 274.5 274.5 274.5 274.5 274.5 274.5 274.5 274.5 274.5 274.5 274.5 203.603595298432 203.603595298432 203.603595298432 337.812891674334 337.812891674334 337.812891674334 337.812891674334 305.68029437692 305.68029437692 305.68029437692 305.68029437692 272.237831876442 272.237831876442 272.237831876442 272.237831876442 272.237831876442 272.237831876442 272.237831876442 272.237831876442 305.563689984303 305.563689984303 305.563689984303 305.563689984303 305.563689984303 309.229943109752 309.229943109752 309.229943109752 309.229943109752
-9999 -9999 -9999 -9999 -9999 -9999 -9999 -9999 -9999 -9999 -9999 -9999 -9999 -9999 194.716051039119 194.716051039119 274.5 274.5 274.5 274.5 274.5 274.5 274.5 274.5 274.5 274.5 274.5 274.5 274.5 274.5 274.5 274.5 274.5 274.5 203.603595298432 203.603595298432 203.603595298432 337.812891674334 337.812891674334 337.812891674334 337.812891674334 337.812891674334 305.68029437692 305.68029437692 305.68029437692 305.68029437692 305.68029437692 305.68029437692 305.68029437692 305.68029437692 305.68029437692 272.237831876442 272.237831876442 305.563689984303 305.563689984303 305.563689984303 305.563689984303 305.563689984303 305.563689984303 305.563689984303 309.229943109752 309.229943109752
-9999 -9999 -9999 -9999 -9999 -9999 -9999 -9999 -9999 -9999 -9999 -9999 -9999 -9999 -9999 274.5 274.5 274.5 274.5 274.5 274.5 274.5 274.5 274.5 274.5 274.5 274.5 274.5 274.5 274.5 274.5 274.5 274.5 274.5 203.603595298432 203.603595298432 203.603595298432 337.812891674334 337.812891674334 337.812891674334 337.812891674334 337.812891674334 305.68029437692 305.68029437692 305.68029437692 305.68029437692 305.68029437692 305.68029437692 305.68029437692 305.68029437692 305.68029437692 272.237831876442 272.237831876442 305.563689984303 305.563689984303 305.563689984303 305.563689984303 305.563689984303 305.563689984303 305.563689984303 305.563689984303 305.563689984303
-9999 -9999 -9999 -9999 -9999 -9999 -9999 -9999 -9999 -9999 -9999 -9999 -9999 -9999 -9999 -9999 274.5 274.5 274.5 274.5 274.5 274.5 274.5 274.5 274.5 274.5 274.5 274.5 274.5 274.5 274.5 274.5 274.5 203.603595298432 304.05811734066 203.603595298432 337.812891674334 337.812891674334 337.812891674334 337.812891674334 337.812891674334 337.812891674334 337.812891674334 305.68029437692 305.68029437692 305.68029437692 305.68029437692 305.68029437692 305.68029437692 305.68029437692 305.68029437692 305.68029437692 305.68029437692 305.563689984303 305.563689984303 305.563689984303 305.563689984303 305.563689984303 305.563689984303 305.563689984303 305.563689984303 305.563689984303
-9999 -9999 -9999 -9999 -9999 -9999 -9999 -9999 -9999 -9999 -9999 -9999 -9999 -9999 -9999 -9999 -9999 274.5 274.5 274.5 274.5 274.5 274.5 274.5 274.5 274.5 274.5 274.5 274.5 274.5 274.5 274.5 274.5 304.05811734066 304.05811734066 304.05811734066 304.05811734066 337.812891674334 337.812891674334 337.812891674334 337.812891674334 337.812891674334 337.812891674334 337.812891674334 337.812891674334 337.812891674334 337.812891674334 337.812891674334 305.68029437692 305.68029437692 305.68029437692 305.68029437692 305.68029437692 305.563689984303 305.563689984303 305.563689984303 305.563689984303 305.563689984303 305.563689984303 305.563689984303 305.563689984303 305.563689984303
-9999 -9999 -9999 -9999 -9999 -9999 -9999 -9999 -9999 -9999 -9999 -9999 -9999 -9999 -9999 -9999 -9999 -9999 274.5 274.5 274.5 274.5 274.5 274.5 274.5 274.5 274.5 274.5 274.5 274.5 274.5 274.5 304.05811734066 304.05811734066 304.05811734066 304.05811734066 304.05811734066 304.05811734066 304.05811734066 337.812891674334 337.812891674334 337.812891674334 337.812891674334 337.812891674334 337.812891674334 337.812891674334 337.812891674334 337.812891674334 337.812891674334 305.68029437692 305.68029437692 305.68029437692 305.68029437692 305.68029437692 305.68029437692 305.563689984303 305.563689984303 305.563689984303 305.563689984303 305.563689984303 305.563689984303 305.563689984303
-9999 -9999 -9999 -9999 -9999 -9999 -9999 -9999 -9999 -9999 -9999 -9999 -9999 -9999 -9999 -9999 -9999 -9999 274.5 274.5 274.5 274.5 274.5 274.5 274.5 274.5 274.5 274.5 274.5 274.5 274.5 304.05811734066 304.05811734066 304.05811734066 304.05811734066 304.05811734066 304.05811734066 304.05811734066 304.05811734066 304.05811734066 337.812891674334 337.812891674334 337.812891674334 337.812891674334 337.812891674334 337.812891674334 337.812891674334 337.812891674334 337.812891674334 305.68029437692 305.68029437692 305.68029437692 305.68029437692 305.68029437692 305.68029437692 305.68029437692 334.598278458523 305.563689984303 305.563689984303 305.563689984303 305.563689984303 305.563689984303
-9999 -9999 -9999 -9999 -9999 -9999 -9999 -9999 -9999 -9999 -9999 -9999 -9999 -9999 -9999 -9999 -9999 -9999 -9999 274.5 274.5 274.5 274.5 274.5 274.5 274.5 274.5 274.5 304.05811734066 304.05811734066 304.05811734066 304.05811734066 304.05811734066 304.05811734066 304.05811734066 304.05811734066 304.05811734066 304.05811734066 304.05811734066 304.05811734066 337.812891674334 337.812891674334 337.812891674334 337.812891674334 337.812891674334 337.812891674334 337.812891674334 337.812891674334 337.812891674334 337.812891674334 337.812891674334 337.812891674334 305.68029437692 305.68029437692 305.68029437692 305.68029437692 334.598278458523 334.598278458523 334.598278458523 334.598278458523 334.598278458523 334.598278458523
-9999 -9999 -9999 -9999 -9999 -9999 -9999 -9999 -9999 -9999 -9999 -9999 -9999 -9999 -9999 -9999 -9999 -9999 -9999 -9999 274.5 274.5 274.5 274.5 -9999 -9999 -9999 -9999 304.05811734066 304.05811734066 304.05811734066 304.05811734066 304.05811734066 304.05811734066 304.05811734066 304.05811734066 304.05811734066 304.05811734066 304.05811734066 304.05811734066 304.05811734066 337.812891674334 337.812891674334 337.812891674334 337.812891674334 337.812891674334 337.812891674334 337.812891674334 337.812891674334 337.812891674334 337.812891674334 337.812891674334 305.68029437692 305.68029437692 334.598278458523 334.598278458523 334.598278458523 334.598278458523 334.598278458523 334.598278458523 334.598278458523 334.598278458523
-9999 -9999 -9999 -9999 -9999 -9999 -9999 -9999 -9999 -9999 -9999 -9999 -9999 -9999 -9999 -9999 -9999 -9999 -9999 -9999 -9999 -9999 -9999 -9999 -9999 -9999 -9999 -9999 304.05811734066 304.05811734066 304.05811734066 304.05811734066 304.05811734066 304.05811734066 304.05811734066 304.05811734066 304.05811734066 304.05811734066 304.05811734066 304.05811734066 304.05811734066 337.812891674334 337.812891674334 337.812891674334 337.812891674334 337.812891674334 337.812891674334 337.812891674334 337.812891674334 337.812891674334 337.812891674334 337.812891674334 305.68029437692 334.598278458523 334.598278458523 334.598278458523 334.598278458523 334.598278458523 334.598278458523 334.598278458523 334.598278458523 334.598278458523
-9999 -9999 -9999 -9999 -9999 -9999 -9999 -9999 -9999 -9999 -9999 -9999 -9999 -9999 -9999 -9999 -9999 -9999 -9999 -9999 -9999 -9999 -9999 -9999 -9999 -9999 -9999 -9999 304.05811734066 304.05811734066 304.05811734066 304.05811734066 304.05811734066 304.05811734066 304.05811734066 304.05811734066 304.05811734066 304.05811734066 304.05811734066 304.05811734066 304.05811734066 337.812891674334 337.812891674334 337.812891674334 337.812891674334 337.812891674334 337.812891674334 337.812891674334 337.812891674334 337.812891674334 337.812891674334 337.812891674334 337.812891674334 334.598278458523 334.598278458523 334.598278458523 334.598278458523 334.598278458523 334.598278458523 334.598278458523 334.598278458523 334.598278458523
-9999 -9999 -9999 -9999 -9999 -9999 -9999 -9999 -9999 -9999 -9999 -9999 -9999 -9999 -9999 -9999 -9999 -9999 -9999 -9999 -9999 -9999 -9999 -9999 -9999 322.137743890736 -9999 -9999 304.05811734066 304.05811734066 304.05811734066 304.05811734066 304.05811734066 304.05811734066 304.05811734066 304.05811734066 304.05811734066 304.05811734066 304.05811734066 304.05811734066 337.812891674334 337.812891674334 337.812891674334 337.812891674334 337.812891674334 337.812891674334 337.812891674334 337.812891674334 337.812891674334 337.812891674334 337.812891674334 337.812891674334 337.812891674334 337.812891674334 337.812891674334 334.598278458523 334.598278458523 334.598278458523 334.598278458523 334.598278458523 334.598278458523 334.598278458523
-9999 -9999 -9999 -9999 -9999 -9999 -9999 -9999 -9999 -9999 -9999 -9999 -9999 -9999 -9999 -9999 -9999 -9999 -9999 -9999 -9999 -9999 -9999 -9999 322.137743890736 322.137743890736 -9999 -9999 -9999 304.05811734066 304.05811734066 304.05811734066 304.05811734066 304.05811734066 304.05811734066 304.05811734066 304.05811734066 304.05811734066 304.05811734066 304.05811734066 304.05811734066 337.812891674334 337.812891674334 337.812891674334 337.812891674334 337.812891674334 337.812891674334 337.812891674334 337.812891674334 337.812891674334 337.812891674334 337.812891674334 337.812891674334 337.812891674334 337.812891674334 337.812891674334 334.598278458523 334.598278458523 334.598278458523 334.598278458523 334.598278458523 334.598278458523
