layers/geo/HTI_alt.asc
NCOLS 372 
NROWS 276 
XLLCORNER -74.6 
YLLCORNER 17.9 
CELLSIZE 0.00833333333333332 
NODATA_value -9999 
[rows 222 to 258 of 276, columns 82 to 163 of 372]
902 689 507 423 349 293 335 299 255 221 195 176 171 138 102 84 76 68 75 85 103 82 67 67 66 65 61 66 63 65 59 39 63 113 222 196 247 369 592 790 864 734 667 829 702 935 1067 914 731 761 820 1031 1058 1073 788 677 707 709 750 739 719 717 610 455 362 326 255 200 222 266 305 346 413 452 433 470 487 369 279 366 365 418
644 496 398 312 280 262 300 273 246 233 220 198 167 145 137 134 131 130 144 150 169 197 187 158 193 225 233 239 248 217 159 67 61 157 211 335 554 655 769 874 1010 918 832 830 524 685 855 1157 1174 1154 1112 1016 936 1042 960 1020 983 893 877 863 762 682 675 570 313 280 241 125 110 117 166 147 245 350 380 358 345 308 325 406 408 430
693 486 340 314 259 234 251 237 226 223 235 233 240 242 249 244 232 229 242 237 240 209 197 199 176 182 193 178 145 156 104 48 68 125 117 269 422 402 512 625 722 594 520 565 427 556 729 1090 1008 1047 749 554 626 658 714 1092 900 662 562 558 660 502 505 474 335 197 205 166 79 86 72 72 99 128 152 185 248 267 314 311 338 287
507 448 365 298 277 226 284 251 236 258 265 231 250 243 221 277 193 174 193 158 131 122 145 128 137 124 111 105 89 78 67 26 37 67 120 274 298 249 321 365 449 388 283 342 515 657 818 900 938 597 537 293 383 366 572 868 666 427 300 273 435 346 169 151 121 134 79 82 61 49 41 46 53 70 90 107 148 179 203 203 204 196
349 344 352 280 249 227 238 233 169 261 158 160 170 155 127 149 134 107 98 101 80 102 124 105 105 105 95 80 63 34 23 27 58 109 154 145 147 248 364 363 301 185 183 372 515 587 657 719 756 500 286 230 297 527 714 821 560 352 196 139 172 224 160 131 103 71 55 47 38 34 31 34 41 53 67 89 129 145 159 177 166 162
328 293 296 248 209 241 196 199 165 185 157 130 121 99 98 116 83 78 76 87 71 97 141 106 81 79 78 66 51 19 19 31 99 158 75 227 291 347 342 252 170 184 240 133 241 461 552 481 438 375 247 283 546 652 859 865 737 458 227 143 143 283 219 126 129 166 64 38 34 27 26 31 39 49 60 86 132 251 297 224 179 163
266 273 241 230 196 176 176 171 158 144 130 114 102 101 96 101 76 68 59 75 74 128 148 135 84 57 73 59 58 22 16 29 80 114 57 133 220 336 340 308 191 197 133 70 96 127 137 103 140 143 167 326 474 688 784 706 627 382 185 237 105 174 96 46 43 58 33 33 36 34 22 28 34 41 54 77 115 226 409 405 344 238
219 177 181 209 189 169 156 155 148 135 123 112 100 91 82 76 64 55 48 50 88 128 143 133 109 51 52 54 53 23 15 21 65 41 75 118 122 169 244 168 104 94 109 203 266 293 187 56 83 332 397 540 606 619 582 500 556 391 102 76 45 70 36 20 15 15 19 32 29 25 20 25 31 38 48 68 105 239 271 281 342 348
141 124 125 165 173 159 146 139 137 126 116 104 94 87 77 68 61 54 46 43 82 112 156 126 118 53 65 33 18 16 13 25 36 51 86 138 125 58 144 58 89 318 366 415 518 408 272 72 309 429 444 432 345 418 313 158 222 209 75 35 28 17 14 7 7 10 13 12 14 15 19 31 53 46 58 77 96 195 217 225 293 322
163 121 117 138 152 144 137 130 123 118 109 100 89 81 74 64 57 51 43 44 59 75 90 99 83 36 87 42 36 10 14 62 31 42 113 139 79 24 28 51 159 263 221 172 175 89 42 55 328 497 371 163 128 273 187 43 40 58 62 32 20 13 9 5 7 7 8 8 11 13 28 90 144 77 105 146 103 221 233 197 200 312
247 175 120 126 132 129 125 121 112 105 97 92 84 75 67 59 53 46 38 47 56 47 73 92 64 43 44 65 14 10 13 58 18 55 77 87 89 21 13 29 134 83 48 33 19 13 19 44 219 259 150 50 61 123 60 18 7 11 11 17 13 7 7 -9999 -9999 5 7 8 45 22 17 48 52 45 109 137 100 209 236 192 181 244
169 194 168 117 114 114 111 108 104 99 91 83 75 67 60 56 46 41 35 44 32 48 106 151 124 99 48 19 10 18 73 72 15 61 45 39 38 13 12 58 61 8 -9999 -9999 -9999 10 24 77 85 44 22 6 9 -9999 -9999 -9999 -9999 -9999 5 7 9 -9999 -9999 -9999 -9999 -9999 -9999 7 17 13 6 7 10 28 148 144 75 137 157 145 162 155
161 119 117 107 99 99 98 97 94 89 83 76 70 63 55 49 42 35 33 36 22 65 133 190 129 102 83 31 9 13 59 57 -9999 44 -9999 -9999 -9999 -9999 62 82 100 -9999 -9999 -9999 -9999 -9999 55 77 53 11 -9999 -9999 -9999 -9999 -9999 -9999 -9999 -9999 -9999 -9999 -9999 -9999 -9999 -9999 -9999 -9999 -9999 30 148 129 27 7 8 23 87 100 56 74 96 105 136 98
203 163 107 92 88 85 85 83 82 80 75 69 62 57 48 43 37 31 29 22 24 71 131 172 157 63 19 10 8 21 44 -9999 50 50 -9999 -9999 -9999 54 96 34 58 86 -9999 -9999 -9999 -9999 50 17 46 32 -9999 -9999 -9999 -9999 -9999 -9999 -9999 -9999 -9999 -9999 -9999 -9999 -9999 -9999 -9999 -9999 9 69 148 186 85 9 19 72 21 41 24 35 41 48 52 56
213 115 114 85 79 74 73 71 72 68 66 62 55 50 43 37 33 29 29 20 45 56 81 105 126 64 -9999 -9999 -9999 21 -9999 -9999 52 57 -9999 -9999 46 121 96 25 26 77 45 -9999 -9999 -9999 -9999 -9999 -9999 -9999 -9999 -9999 -9999 -9999 -9999 -9999 -9999 -9999 -9999 -9999 42 -9999 34 -9999 -9999 -9999 51 24 84 115 95 36 7 -9999 -9999 -9999 -9999 8 17 21 27 33
142 123 69 74 70 68 62 61 60 58 55 54 49 41 39 35 29 27 23 14 18 28 41 47 72 49 -9999 -9999 -9999 -9999 -9999 31 27 14 -9999 -9999 59 73 52 13 16 38 10 -9999 -9999 -9999 -9999 -9999 -9999 -9999 -9999 -9999 -9999 -9999 -9999 -9999 -9999 -9999 -9999 -9999 21 16 42 -9999 -9999 39 63 -9999 25 22 -9999 -9999 -9999 -9999 -9999 -9999 -9999 4 6 6 8 12
77 105 64 63 61 60 56 51 48 45 46 45 42 37 32 28 25 21 19 15 11 9 12 13 10 11 -9999 -9999 -9999 -9999 9 7 -9999 -9999 -9999 -9999 -9999 11 -9999 -9999 -9999 -9999 -9999 -9999 -9999 -9999 -9999 -9999 -9999 -9999 -9999 -9999 -9999 -9999 -9999 -9999 -9999 -9999 -9999 -9999 -9999 -9999 -9999 -9999 -9999 -9999 -9999 -9999 -9999 -9999 -9999 -9999 -9999 -9999 -9999 -9999 -9999 -9999 -9999 -9999 -9999 2
103 63 63 55 54 53 50 46 40 36 37 37 34 33 27 23 18 15 15 11 8 6 6 -9999 -9999 -9999 -9999 -9999 -9999 -9999 -9999 -9999 -9999 -9999 -9999 -9999 -9999 -9999 -9999 -9999 -9999 -9999 -9999 -9999 -9999 -9999 -9999 -9999 -9999 -9999 -9999 -9999 -9999 -9999 -9999 -9999 -9999 -9999 -9999 -9999 -9999 -9999 -9999 -9999 -9999 -9999 -9999 -9999 -9999 -9999 -9999 -9999 -9999 -9999 -9999 -9999 -9999 -9999 -9999 -9999 -9999 -9999
185 85 59 48 48 47 44 41 35 30 31 29 28 26 22 18 16 12 12 10 8 3 -9999 -9999 -9999 -9999 -9999 -9999 -9999 -9999 -9999 -9999 -9999 -9999 -9999 -9999 -9999 -9999 -9999 -9999 -9999 -9999 -9999 -9999 -9999 -9999 -9999 -9999 -9999 -9999 -9999 -9999 -9999 -9999 -9999 -9999 -9999 -9999 -9999 -9999 -9999 -9999 -9999 -9999 -9999 -9999 -9999 -9999 -9999 -9999 -9999 -9999 -9999 -9999 -9999 -9999 -9999 -9999 -9999 -9999 -9999 -9999
119 67 52 43 43 41 38 36 32 27 25 22 21 20 17 14 11 8 7 8 -9999 -9999 -9999 -9999 -9999 -9999 -9999 -9999 -9999 -9999 -9999 -9999 -9999 -9999 -9999 -9999 -9999 -9999 -9999 -9999 -9999 -9999 -9999 -9999 -9999 -9999 -9999 -9999 -9999 -9999 -9999 -9999 -9999 -9999 -9999 -9999 -9999 -9999 -9999 -9999 -9999 -9999 -9999 -9999 -9999 -9999 -9999 -9999 -9999 -9999 -9999 -9999 -9999 -9999 -9999 -9999 -9999 -9999 -9999 -9999 -9999 -9999
136 79 50 38 35 37 34 31 27 25 20 19 17 17 14 10 6 4 -9999 -9999 -9999 -9999 -9999 -9999 -9999 -9999 -9999 -9999 -9999 -9999 -9999 -9999 -9999 -9999 -9999 -9999 -9999 -9999 -9999 -9999 -9999 -9999 -9999 -9999 -9999 -9999 -9999 -9999 -9999 -9999 -9999 -9999 -9999 -9999 -9999 -9999 -9999 -9999 -9999 -9999 -9999 -9999 -9999 -9999 -9999 -9999 -9999 -9999 -9999 -9999 -9999 -9999 -9999 -9999 -9999 -9999 -9999 -9999 -9999 -9999 -9999 -9999
224 159 68 49 32 32 31 27 25 22 19 15 13 12 10 3 -9999 -9999 -9999 -9999 -9999 -9999 -9999 -9999 -9999 -9999 -9999 -9999 -9999 -9999 -9999 -9999 -9999 -9999 -9999 -9999 -9999 -9999 -9999 -9999 -9999 -9999 -9999 -9999 -9999 -9999 -9999 -9999 -9999 -9999 -9999 -9999 -9999 -9999 -9999 -9999 -9999 -9999 -9999 -9999 -9999 -9999 -9999 -9999 -9999 -9999 -9999 -9999 -9999 -9999 -9999 -9999 -9999 -9999 -9999 -9999 -9999 -9999 -9999 -9999 -9999 -9999
248 176 104 43 30 29 27 23 22 19 14 14 11 6 -9999 -9999 -9999 -9999 -9999 -9999 -9999 -9999 -9999 -9999 -9999 -9999 -9999 -9999 -9999 -9999 -9999 -9999 -9999 -9999 -9999 -9999 -9999 -9999 -9999 -9999 -9999 -9999 -9999 -9999 -9999 -9999 -9999 -9999 -9999 -9999 -9999 -9999 -9999 -9999 -9999 -9999 -9999 -9999 -9999 -9999 -9999 -9999 -9999 -9999 -9999 -9999 -9999 -9999 -9999 -9999 -9999 -9999 -9999 -9999 -9999 -9999 -9999 -9999 -9999 -9999 -9999 -9999
261 180 128 69 37 25 24 19 18 15 13 11 4 -9999 -9999 -9999 -9999 -9999 -9999 -9999 -9999 -9999 -9999 -9999 -9999 -9999 -9999 -9999 -9999 -9999 -9999 -9999 -9999 -9999 -9999 -9999 -9999 -9999 -9999 -9999 -9999 -9999 -9999 -9999 -9999 -9999 -9999 -9999 -9999 -9999 -9999 -9999 -9999 -9999 -9999 -9999 -9999 -9999 -9999 -9999 -9999 -9999 -9999 -9999 -9999 -9999 -9999 -9999 -9999 -9999 -9999 -9999 -9999 -9999 -9999 -9999 -9999 -9999 -9999 -9999 -9999 -9999
234 207 170 136 69 29 22 17 15 14 9 -9999 -9999 -9999 -9999 -9999 -9999 -9999 -9999 -9999 -9999 -9999 -9999 -9999 -9999 -9999 -9999 -9999 -9999 -9999 -9999 -9999 -9999 -9999 -9999 -9999 -9999 -9999 -9999 -9999 -9999 -9999 -9999 -9999 -9999 -9999 -9999 -9999 -9999 -9999 -9999 -9999 -9999 -9999 -9999 -9999 -9999 -9999 -9999 -9999 -9999 -9999 -9999 -9999 -9999 -9999 -9999 -9999 -9999 -9999 -9999 -9999 -9999 -9999 -9999 -9999 -9999 -9999 -9999 -9999 -9999 -9999
239 227 240 153 140 75 23 16 14 11 -9999 -9999 -9999 -9999 -9999 -9999 -9999 -9999 -9999 -9999 -9999 -9999 -9999 -9999 -9999 -9999 -9999 -9999 -9999 -9999 -9999 -9999 -9999 -9999 -9999 -9999 -9999 -9999 -9999 -9999 -9999 -9999 -9999 -9999 -9999 -9999 -9999 -9999 -9999 -9999 -9999 -9999 -9999 -9999 -9999 -9999 -9999 -9999 -9999 -9999 -9999 -9999 -9999 -9999 -9999 -9999 -9999 -9999 -9999 -9999 -9999 -9999 -9999 -9999 -9999 -9999 -9999 -9999 -9999 -9999 -9999 -9999
191 238 214 211 185 159 74 16 12 -9999 -9999 -9999 -9999 -9999 -9999 -9999 -9999 -9999 -9999 -9999 -9999 -9999 -9999 -9999 -9999 -9999 -9999 -9999 -9999 -9999 -9999 -9999 -9999 -9999 -9999 -9999 -9999 -9999 -9999 -9999 -9999 -9999 -9999 -9999 -9999 -9999 -9999 -9999 -9999 -9999 -9999 -9999 -9999 -9999 -9999 -9999 -9999 -9999 -9999 -9999 -9999 -9999 -9999 -9999 -9999 -9999 -9999 -9999 -9999 -9999 -9999 -9999 -9999 -9999 -9999 -9999 -9999 -9999 -9999 -9999 -9999 -9999
164 190 215 237 290 265 168 33 11 -9999 -9999 -9999 -9999 -9999 -9999 -9999 -9999 -9999 -9999 -9999 -9999 -9999 -9999 -9999 -9999 -9999 -9999 -9999 -9999 -9999 -9999 -9999 -9999 -9999 -9999 -9999 -9999 -9999 -9999 -9999 -9999 -9999 -9999 -9999 -9999 -9999 -9999 -9999 -9999 -9999 -9999 -9999 -9999 -9999 -9999 -9999 -9999 -9999 -9999 -9999 -9999 -9999 -9999 -9999 -9999 -9999 -9999 -9999 -9999 -9999 -9999 -9999 -9999 -9999 -9999 -9999 -9999 -9999 -9999 -9999 -9999 -9999
137 167 156 215 271 301 228 71 17 -9999 -9999 -9999 -9999 -9999 -9999 -9999 -9999 -9999 -9999 -9999 -9999 -9999 -9999 -9999 -9999 -9999 -9999 -9999 -9999 -9999 -9999 -9999 -9999 -9999 -9999 -9999 -9999 -9999 -9999 -9999 -9999 -9999 -9999 -9999 -9999 -9999 -9999 -9999 -9999 -9999 -9999 -9999 -9999 -9999 -9999 -9999 -9999 -9999 -9999 -9999 -9999 -9999 -9999 -9999 -9999 -9999 -9999 -9999 -9999 -9999 -9999 -9999 -9999 -9999 -9999 -9999 -9999 -9999 -9999 -9999 -9999 -9999
127 156 139 184 212 254 263 127 61 -9999 -9999 -9999 -9999 -9999 -9999 -9999 -9999 -9999 -9999 -9999 -9999 -9999 -9999 -9999 -9999 21 11 15 -9999 -9999 -9999 -9999 -9999 -9999 -9999 -9999 -9999 -9999 -9999 -9999 -9999 -9999 -9999 -9999 -9999 -9999 -9999 -9999 -9999 -9999 -9999 -9999 -9999 -9999 -9999 -9999 -9999 -9999 -9999 -9999 -9999 -9999 -9999 -9999 -9999 -9999 -9999 -9999 -9999 -9999 -9999 -9999 -9999 -9999 -9999 -9999 -9999 -9999 -9999 -9999 -9999 -9999
111 107 135 172 187 250 273 136 100 56 -9999 -9999 -9999 -9999 -9999 -9999 -9999 -9999 -9999 -9999 -9999 -9999 -9999 -9999 -9999 16 10 9 9 11 -9999 -9999 -9999 -9999 -9999 -9999 3 5 3 -9999 -9999 -9999 -9999 -9999 -9999 -9999 -9999 -9999 -9999 -9999 -9999 -9999 -9999 -9999 -9999 -9999 -9999 -9999 -9999 -9999 -9999 -9999 -9999 -9999 -9999 -9999 -9999 -9999 -9999 -9999 -9999 -9999 -9999 -9999 -9999 -9999 -9999 -9999 -9999 -9999 -9999 -9999
71 99 126 132 176 251 284 152 90 85 64 -9999 -9999 -9999 -9999 -9999 -9999 -9999 -9999 -9999 -9999 -9999 -9999 -9999 -9999 -9999 7 8 26 24 10 -9999 -9999 -9999 -9999 3 4 4 4 4 -9999 -9999 -9999 -9999 -9999 -9999 -9999 -9999 -9999 -9999 -9999 -9999 -9999 -9999 -9999 -9999 -9999 -9999 -9999 -9999 -9999 -9999 -9999 -9999 -9999 -9999 -9999 -9999 -9999 -9999 -9999 -9999 -9999 -9999 -9999 -9999 -9999 -9999 -9999 -9999 -9999 -9999
46 80 84 116 183 220 242 173 81 65 39 41 17 -9999 -9999 -9999 -9999 -9999 -9999 -9999 -9999 -9999 -9999 -9999 -9999 -9999 -9999 12 19 15 24 19 9 4 4 4 4 3 3 4 3 -9999 -9999 -9999 -9999 -9999 -9999 -9999 -9999 -9999 -9999 -9999 -9999 -9999 -9999 -9999 -9999 -9999 -9999 -9999 -9999 -9999 -9999 -9999 -9999 -9999 -9999 -9999 -9999 -9999 -9999 -9999 -9999 -9999 -9999 -9999 -9999 -9999 -9999 -9999 -9999 -9999
20 48 97 128 165 179 189 207 154 103 86 41 21 -9999 -9999 -9999 -9999 -9999 -9999 -9999 -9999 -9999 -9999 -9999 -9999 -9999 -9999 -9999 24 26 22 19 23 19 17 12 11 7 5 7 6 -9999 -9999 -9999 -9999 -9999 -9999 -9999 -9999 -9999 -9999 -9999 -9999 -9999 -9999 -9999 -9999 -9999 -9999 -9999 -9999 -9999 -9999 -9999 -9999 -9999 -9999 -9999 -9999 -9999 -9999 -9999 -9999 -9999 -9999 -9999 -9999 -9999 -9999 -9999 -9999 -9999
12 36 86 120 141 152 153 170 173 101 113 78 47 21 -9999 -9999 -9999 -9999 -9999 -9999 -9999 -9999 -9999 -9999 -9999 -9999 -9999 -9999 -9999 9 11 8 10 11 10 13 16 8 6 9 7 -9999 -9999 -9999 -9999 -9999 -9999 -9999 -9999 -9999 -9999 -9999 -9999 -9999 -9999 -9999 -9999 -9999 -9999 -9999 -9999 -9999 -9999 -9999 -9999 -9999 -9999 -9999 -9999 -9999 -9999 -9999 -9999 -9999 -9999 -9999 -9999 -9999 -9999 -9999 -9999 -9999
-9999 19 72 114 123 128 125 145 155 106 75 75 54 42 37 -9999 -9999 -9999 -9999 -9999 -9999 -9999 -9999 -9999 -9999 -9999 -9999 -9999 -9999 -9999 -9999 -9999 -9999 -9999 -9999 -9999 -9999 -9999 -9999 -9999 -9999 -9999 -9999 -9999 -9999 -9999 -9999 -9999 -9999 -9999 -9999 -9999 -9999 -9999 -9999 -9999 -9999 -9999 -9999 -9999 -9999 -9999 -9999 -9999 -9999 -9999 -9999 -9999 -9999 -9999 -9999 -9999 -9999 -9999 -9999 -9999 -9999 -9999 -9999 -9999 -9999 -9999
-9999 11 66 98 110 107 92 118 115 119 82 60 34 44 31 18 -9999 -9999 -9999 -9999 -9999 -9999 -9999 -9999 -9999 -9999 -9999 -9999 -9999 -9999 -9999 -9999 -9999 -9999 -9999 -9999 -9999 -9999 -9999 -9999 -9999 -9999 -9999 -9999 -9999 -9999 -9999 -9999 -9999 -9999 -9999 -9999 -9999 -9999 -9999 -9999 -9999 -9999 -9999 -9999 -9999 -9999 -9999 -9999 -9999 -9999 -9999 -9999 -9999 -9999 -9999 -9999 -9999 -9999 -9999 -9999 -9999 -9999 -9999 -9999 -9999 -9999
