layers/geo/HTI_alt.asc
NCOLS 372 
NROWS 276 
XLLCORNER -74.6 
YLLCORNER 17.9 
CELLSIZE 0.00833333333333332 
NODATA_value -9999 
[rows 37 to 73 of 276, columns 246 to 327 of 372]
-9999 -9999 -9999 -9999 -9999 -9999 -9999 -9999 -9999 -9999 -9999 -9999 -9999 -9999 -9999 -9999 -9999 -9999 -9999 -9999 -9999 -9999 -9999 -9999 -9999 -9999 -9999 -9999 -9999 -9999 -9999 -9999 -9999 -9999 -9999 -9999 -9999 -9999 -9999 -9999 -9999 -9999 -9999 -9999 -9999 -9999 -9999 -9999 -9999 -9999 -9999 -9999 -9999 -9999 -9999 -9999 -9999 -9999 -9999 -9999 -9999 -9999 -9999 -9999 -9999 -9999 -9999 -9999 -9999 -9999 -9999 -9999 -9999 -9999 -9999 -9999 -9999 -9999 -9999 -9999 -9999 -9999
-9999 -9999 -9999 -9999 -9999 -9999 -9999 -9999 -9999 -9999 -9999 -9999 -9999 -9999 -9999 -9999 -9999 -9999 -9999 -9999 -9999 -9999 -9999 -9999 -9999 -9999 -9999 -9999 -9999 -9999 -9999 -9999 -9999 -9999 -9999 -9999 -9999 -9999 -9999 -9999 -9999 -9999 -9999 -9999 -9999 -9999 -9999 -9999 -9999 -9999 -9999 -9999 -9999 -9999 -9999 -9999 -9999 -9999 -9999 -9999 -9999 -9999 -9999 -9999 -9999 -9999 -9999 -9999 -9999 -9999 -9999 -9999 -9999 -9999 -9999 -9999 -9999 -9999 -9999 -9999 -9999 -9999
-9999 -9999 -9999 -9999 -9999 -9999 -9999 -9999 -9999 -9999 -9999 -9999 -9999 -9999 -9999 -9999 -9999 -9999 -9999 -9999 -9999 -9999 -9999 -9999 -9999 -9999 -9999 -9999 -9999 -9999 -9999 -9999 -9999 -9999 -9999 -9999 -9999 -9999 -9999 -9999 -9999 -9999 -9999 -9999 -9999 -9999 -9999 -9999 -9999 -9999 -9999 -9999 -9999 -9999 -9999 -9999 -9999 -9999 -9999 -9999 -9999 -9999 -9999 -9999 -9999 -9999 -9999 -9999 -9999 -9999 -9999 -9999 -9999 -9999 -9999 -9999 -9999 -9999 -9999 -9999 -9999 -9999
73 -9999 -9999 -9999 -9999 -9999 -9999 -9999 -9999 -9999 -9999 -9999 -9999 -9999 -9999 -9999 -9999 -9999 -9999 -9999 -9999 -9999 -9999 -9999 -9999 -9999 -9999 -9999 -9999 -9999 -9999 -9999 -9999 -9999 -9999 -9999 -9999 -9999 -9999 -9999 -9999 -9999 -9999 -9999 -9999 -9999 -9999 -9999 -9999 -9999 -9999 -9999 -9999 -9999 -9999 -9999 -9999 -9999 -9999 -9999 -9999 -9999 -9999 -9999 -9999 -9999 -9999 -9999 -9999 -9999 -9999 -9999 -9999 -9999 -9999 -9999 -9999 -9999 -9999 -9999 -9999 -9999
113 14 -9999 -9999 -9999 -9999 -9999 -9999 -9999 -9999 -9999 -9999 -9999 -9999 -9999 -9999 -9999 -9999 -9999 -9999 -9999 -9999 -9999 -9999 -9999 -9999 -9999 -9999 -9999 -9999 -9999 -9999 -9999 -9999 -9999 -9999 -9999 -9999 -9999 -9999 -9999 -9999 -9999 -9999 -9999 -9999 -9999 -9999 -9999 -9999 -9999 -9999 -9999 -9999 -9999 -9999 -9999 -9999 -9999 -9999 -9999 -9999 -9999 -9999 -9999 -9999 -9999 -9999 -9999 -9999 -9999 -9999 -9999 -9999 -9999 -9999 -9999 -9999 -9999 -9999 -9999 -9999
158 50 5 12 -9999 -9999 -9999 -9999 -9999 -9999 -9999 -9999 -9999 -9999 -9999 -9999 -9999 -9999 -9999 -9999 -9999 -9999 -9999 -9999 -9999 -9999 -9999 -9999 -9999 -9999 -9999 -9999 -9999 -9999 -9999 -9999 -9999 -9999 -9999 -9999 -9999 -9999 -9999 -9999 -9999 -9999 -9999 -9999 -9999 -9999 -9999 -9999 -9999 -9999 -9999 -9999 -9999 -9999 -9999 -9999 -9999 -9999 -9999 -9999 -9999 -9999 -9999 -9999 -9999 -9999 -9999 -9999 -9999 -9999 -9999 -9999 -9999 -9999 -9999 -9999 -9999 -9999
310 92 90 70 53 22 -9999 -9999 -9999 -9999 -9999 -9999 -9999 -9999 -9999 -9999 -9999 -9999 -9999 -9999 -9999 -9999 -9999 -9999 -9999 -9999 -9999 -9999 -9999 -9999 -9999 -9999 -9999 -9999 -9999 -9999 -9999 -9999 -9999 -9999 -9999 -9999 -9999 -9999 -9999 -9999 -9999 -9999 -9999 -9999 -9999 -9999 -9999 -9999 -9999 -9999 -9999 -9999 -9999 -9999 -9999 -9999 -9999 -9999 -9999 -9999 -9999 -9999 -9999 -9999 -9999 -9999 -9999 -9999 -9999 -9999 -9999 -9999 -9999 -9999 -9999 -9999
149 186 323 259 199 57 -9999 23 -9999 -9999 13 -9999 -9999 -9999 40 -9999 -9999 -9999 -9999 -9999 -9999 -9999 -9999 -9999 -9999 -9999 -9999 -9999 -9999 -9999 -9999 -9999 -9999 -9999 -9999 -9999 -9999 -9999 -9999 -9999 -9999 -9999 -9999 -9999 -9999 -9999 -9999 -9999 -9999 -9999 -9999 -9999 -9999 -9999 -9999 -9999 -9999 -9999 -9999 -9999 -9999 -9999 -9999 -9999 -9999 -9999 -9999 -9999 -9999 -9999 -9999 -9999 -9999 -9999 -9999 -9999 -9999 -9999 -9999 -9999 -9999 -9999
65 361 540 536 502 398 149 15 6 5 8 8 -9999 -9999 16 -9999 -9999 -9999 -9999 -9999 -9999 -9999 -9999 -9999 -9999 -9999 -9999 -9999 -9999 -9999 -9999 -9999 -9999 -9999 -9999 -9999 -9999 -9999 -9999 -9999 -9999 -9999 -9999 -9999 -9999 -9999 -9999 -9999 -9999 -9999 -9999 -9999 -9999 -9999 -9999 -9999 -9999 -9999 -9999 -9999 -9999 -9999 -9999 -9999 -9999 -9999 -9999 -9999 -9999 -9999 -9999 -9999 -9999 -9999 -9999 -9999 -9999 -9999 -9999 -9999 -9999 -9999
87 377 706 676 684 715 531 254 117 62 46 10 8 7 6 7 -9999 -9999 -9999 14 10 -9999 -9999 -9999 -9999 -9999 -9999 -9999 -9999 -9999 -9999 -9999 -9999 -9999 -9999 -9999 -9999 -9999 -9999 -9999 -9999 -9999 -9999 -9999 -9999 -9999 -9999 -9999 -9999 -9999 -9999 -9999 -9999 -9999 -9999 -9999 -9999 -9999 -9999 -9999 -9999 -9999 -9999 -9999 -9999 -9999 -9999 -9999 -9999 -9999 -9999 -9999 -9999 -9999 -9999 -9999 -9999 -9999 -9999 -9999 -9999 -9999
144 232 540 806 844 921 928 691 394 268 209 42 11 11 17 36 7 8 6 5 4 -9999 -9999 -9999 -9999 -9999 -9999 -9999 -9999 -9999 -9999 -9999 -9999 -9999 -9999 -9999 -9999 -9999 -9999 -9999 -9999 -9999 -9999 -9999 -9999 -9999 -9999 -9999 -9999 -9999 -9999 -9999 -9999 -9999 -9999 -9999 -9999 -9999 -9999 -9999 -9999 -9999 -9999 -9999 -9999 -9999 -9999 -9999 -9999 -9999 -9999 -9999 -9999 -9999 -9999 -9999 -9999 -9999 -9999 -9999 -9999 -9999
327 231 359 699 1023 1083 1046 903 699 402 294 135 34 15 23 138 64 4 7 5 5 -9999 -9999 -9999 -9999 -9999 -9999 -9999 -9999 -9999 -9999 -9999 -9999 -9999 -9999 -9999 -9999 -9999 -9999 -9999 -9999 -9999 -9999 -9999 -9999 -9999 -9999 -9999 -9999 -9999 -9999 -9999 -9999 -9999 -9999 -9999 -9999 -9999 -9999 -9999 -9999 -9999 -9999 -9999 -9999 -9999 -9999 -9999 -9999 -9999 -9999 -9999 -9999 -9999 -9999 -9999 -9999 -9999 -9999 -9999 -9999 -9999
488 458 453 608 913 962 876 746 718 544 417 288 108 16 16 149 143 12 9 6 7 5 33 -9999 -9999 -9999 -9999 -9999 -9999 -9999 -9999 -9999 -9999 -9999 -9999 -9999 -9999 33 -9999 -9999 -9999 -9999 43 -9999 -9999 -9999 -9999 -9999 -9999 -9999 -9999 -9999 -9999 -9999 -9999 -9999 -9999 -9999 -9999 -9999 -9999 -9999 -9999 -9999 -9999 -9999 -9999 -9999 -9999 -9999 -9999 -9999 -9999 -9999 -9999 -9999 -9999 -9999 -9999 -9999 -9999 -9999
436 596 723 767 803 691 527 440 396 397 311 207 46 20 19 101 235 90 14 8 9 8 57 37 -9999 -9999 -9999 -9999 -9999 -9999 -9999 -9999 -9999 -9999 -9999 -9999 -9999 178 175 129 105 172 171 -9999 -9999 -9999 -9999 -9999 -9999 -9999 -9999 -9999 -9999 -9999 -9999 -9999 -9999 -9999 -9999 -9999 -9999 -9999 -9999 -9999 -9999 -9999 -9999 -9999 -9999 -9999 -9999 -9999 -9999 -9999 -9999 -9999 -9999 -9999 -9999 -9999 -9999 -9999
359 406 583 653 794 751 415 249 177 191 185 110 31 25 22 43 82 51 10 10 12 115 143 57 6 2 -9999 -9999 -9999 -9999 -9999 -9999 -9999 -9999 -9999 150 77 219 385 409 191 157 87 -9999 -9999 -9999 -9999 -9999 -9999 -9999 -9999 -9999 -9999 -9999 -9999 -9999 -9999 -9999 -9999 -9999 -9999 -9999 -9999 -9999 -9999 -9999 -9999 -9999 -9999 -9999 -9999 -9999 -9999 -9999 -9999 -9999 -9999 -9999 -9999 -9999 -9999 -9999
309 368 534 783 837 636 479 287 144 92 77 53 41 35 30 81 25 11 12 13 47 181 306 143 7 2 -9999 -9999 58 -9999 64 97 125 66 76 244 345 324 581 478 199 41 7 -9999 -9999 -9999 -9999 -9999 -9999 -9999 -9999 -9999 -9999 -9999 -9999 -9999 -9999 -9999 -9999 -9999 -9999 -9999 -9999 -9999 -9999 -9999 -9999 -9999 -9999 -9999 -9999 -9999 -9999 -9999 -9999 -9999 -9999 -9999 -9999 -9999 -9999 -9999
422 545 602 707 795 516 343 236 145 88 85 109 87 37 49 110 26 13 14 44 112 245 194 59 7 3 -9999 -9999 49 214 235 266 333 259 267 307 556 517 470 258 97 15 -9999 -9999 -9999 -9999 -9999 -9999 -9999 -9999 -9999 -9999 -9999 -9999 -9999 -9999 -9999 -9999 -9999 -9999 -9999 -9999 -9999 -9999 -9999 -9999 -9999 -9999 -9999 -9999 -9999 -9999 -9999 -9999 -9999 -9999 -9999 -9999 -9999 -9999 -9999 -9999
479 653 712 842 834 446 292 157 123 103 127 76 55 42 62 90 24 16 17 140 241 318 174 52 12 -9999 4 -9999 25 105 259 383 556 531 532 572 695 525 266 68 26 6 -9999 -9999 -9999 2 2 -9999 2 5 3 -9999 -9999 -9999 -9999 -9999 -9999 -9999 -9999 -9999 -9999 -9999 -9999 -9999 -9999 -9999 -9999 -9999 -9999 -9999 -9999 -9999 -9999 -9999 -9999 -9999 -9999 -9999 -9999 -9999 -9999 -9999
710 658 793 956 719 445 336 281 217 200 299 252 117 48 68 90 22 17 18 69 157 350 151 45 17 5 -9999 -9999 -9999 41 106 206 317 437 525 544 463 327 122 23 6 4 5 4 4 4 6 4 5 7 3 -9999 -9999 -9999 -9999 -9999 -9999 -9999 -9999 -9999 -9999 -9999 -9999 -9999 -9999 -9999 -9999 -9999 -9999 -9999 -9999 -9999 -9999 -9999 -9999 -9999 -9999 -9999 -9999 -9999 -9999 -9999
785 657 775 821 734 473 313 212 244 216 154 166 81 74 141 60 31 20 20 42 183 353 168 66 22 8 -9999 -9999 9 19 38 64 110 150 191 197 136 116 35 7 5 5 6 7 6 8 9 8 6 9 6 3 1 -9999 -9999 -9999 0 2 1 1 3 5 -9999 -9999 -9999 -9999 -9999 -9999 4 4 4 4 2 4 5 -9999 -9999 -9999 -9999 -9999 -9999 -9999
611 567 752 606 684 625 375 224 150 118 96 79 86 109 143 108 36 22 25 44 192 458 269 85 28 9 -9999 -9999 3 8 21 38 55 64 74 46 30 23 10 6 6 8 9 8 9 10 11 10 8 10 9 5 4 3 3 4 3 3 3 3 4 7 -9999 -9999 -9999 -9999 -9999 4 4 4 4 4 4 3 3 4 4 5 4 3 3 -9999
461 599 595 568 686 551 336 185 186 133 179 106 132 241 161 68 51 27 28 54 75 179 275 115 28 16 10 -9999 4 5 13 23 31 34 34 21 10 8 9 8 8 9 11 12 11 11 12 13 12 14 12 7 7 7 4 4 4 4 4 4 4 6 -9999 -9999 -9999 -9999 -9999 -9999 4 4 4 3 4 3 3 3 5 5 6 6 6 6
414 459 445 568 743 588 372 329 279 282 224 158 226 195 168 73 46 33 31 35 38 53 86 126 73 47 26 13 9 5 12 18 15 17 13 8 7 8 11 10 9 10 12 13 13 13 13 13 12 13 12 9 9 9 6 3 4 -9999 4 5 4 4 -9999 -9999 -9999 -9999 -9999 5 4 4 5 5 5 4 4 4 5 8 6 6 7 8
388 504 531 741 676 683 546 524 556 463 316 228 302 194 156 97 54 40 37 36 35 40 52 94 195 157 103 36 24 11 10 10 8 9 10 8 8 8 11 12 12 14 13 15 19 18 16 16 15 13 13 12 11 9 6 4 5 5 3 -9999 -9999 4 4 2 5 7 5 4 5 5 7 7 7 7 6 7 7 8 8 7 8 10
417 525 619 756 547 581 503 480 534 625 523 464 479 370 320 136 51 70 116 111 62 58 60 102 196 249 119 54 31 17 30 35 11 12 14 11 9 9 11 13 15 17 16 17 19 18 18 17 18 18 15 13 13 13 9 6 4 5 4 5 4 6 7 8 10 9 7 4 4 7 10 10 10 9 10 11 8 6 8 8 9 9
345 435 513 599 472 494 453 446 497 678 861 710 453 288 215 113 50 51 117 89 158 199 143 88 239 266 199 74 38 24 20 24 15 16 16 14 13 12 11 13 16 20 19 20 20 22 21 21 20 19 16 14 17 15 12 8 7 8 9 9 8 9 10 13 13 12 11 6 6 8 12 14 14 13 14 13 8 7 7 4 -9999 -9999
314 343 416 419 397 409 424 537 554 613 831 640 423 218 141 87 110 59 51 57 145 346 305 154 147 287 336 98 48 31 23 19 17 19 19 18 15 13 11 13 18 22 24 22 22 32 25 25 23 20 19 20 22 21 16 12 13 13 12 12 12 13 13 15 14 14 14 11 9 12 14 17 17 16 17 14 13 14 7 4 -9999 -9999
289 342 337 346 460 565 600 643 684 699 802 636 397 313 264 97 178 154 109 76 87 183 174 122 138 190 264 161 68 40 30 24 29 24 23 20 17 16 15 15 18 25 26 33 39 31 27 26 25 22 22 25 29 34 27 22 21 19 18 16 15 16 14 18 18 19 19 13 15 35 22 20 21 21 19 18 18 13 12 8 5 3
308 294 314 397 436 474 650 638 565 616 756 519 333 204 226 190 211 365 233 160 120 76 101 140 266 229 219 292 104 53 37 29 30 27 25 23 22 23 27 27 20 28 31 31 33 30 29 30 28 27 36 67 51 59 104 44 30 26 26 22 19 17 18 22 23 23 24 21 21 28 23 23 25 24 22 24 22 24 26 19 15 7
326 308 297 362 338 446 561 475 469 594 822 724 463 259 225 114 300 449 333 337 241 104 116 144 239 320 284 273 127 60 42 36 32 31 30 28 28 33 39 36 41 58 40 34 34 33 32 34 32 42 109 169 112 112 112 62 40 35 33 28 24 20 23 25 27 24 33 45 35 31 26 25 28 28 29 31 30 36 35 34 27 14
366 327 356 378 322 347 487 459 424 613 735 765 456 298 219 147 202 352 568 500 275 133 125 96 195 225 167 102 88 55 47 40 38 36 36 36 35 42 57 67 69 47 45 41 37 44 85 38 36 39 85 266 320 254 131 78 60 50 40 33 29 26 28 30 30 29 69 103 50 38 32 30 30 34 37 39 44 52 52 65 68 24
426 451 401 424 340 317 374 394 442 496 645 683 436 286 160 259 365 449 658 420 244 236 175 101 138 216 175 135 100 137 73 49 43 44 44 45 47 66 85 151 75 58 54 49 41 49 77 42 42 50 119 246 268 304 284 131 75 56 50 46 37 33 33 33 31 36 80 116 67 58 41 34 33 40 46 49 63 76 75 83 58 33
556 509 580 415 389 357 328 355 412 514 583 632 450 266 163 249 333 579 671 494 386 304 184 121 113 140 205 161 209 216 128 62 51 51 55 58 74 96 116 159 98 77 71 64 67 56 104 52 41 45 62 77 101 215 316 202 103 73 63 55 46 40 39 37 35 40 57 132 95 60 46 39 39 47 55 64 101 159 179 114 72 46
724 673 595 587 681 513 371 338 366 465 521 596 372 213 251 433 521 681 759 559 414 293 178 238 166 186 155 195 304 147 85 75 61 62 66 80 149 260 289 229 105 108 126 185 222 65 112 106 69 74 67 125 225 336 298 321 157 101 83 68 56 48 45 39 39 52 92 147 134 71 55 46 43 58 98 110 157 202 290 172 91 58
858 770 672 703 738 570 428 344 349 388 452 500 465 302 316 429 491 683 619 699 589 321 342 272 241 179 286 225 246 162 95 145 105 81 81 108 271 432 484 199 222 282 281 254 101 71 141 278 237 189 171 213 313 419 334 386 255 176 144 115 69 61 53 47 42 46 63 95 201 113 72 58 48 102 278 253 133 110 137 109 78 58
858 832 631 524 446 408 384 356 348 374 402 450 500 305 226 341 495 624 515 595 574 549 533 498 408 213 371 298 284 162 191 216 204 148 109 139 290 511 517 247 368 446 229 101 61 111 286 345 474 383 320 285 409 385 331 376 378 318 213 113 85 70 65 56 49 46 56 85 175 149 94 69 54 69 109 151 134 87 87 79 62 42
775 818 699 558 484 420 372 362 362 357 379 459 551 447 270 259 370 483 594 704 747 743 760 723 446 271 464 328 300 237 218 403 451 294 214 257 357 540 560 391 377 239 202 180 90 66 133 156 274 388 347 333 368 387 351 339 365 374 292 152 140 90 76 63 56 52 56 92 208 253 116 78 63 62 73 85 91 82 65 59 49 36
