layers/geo/HTI_alt.asc
NCOLS 372 
NROWS 276 
XLLCORNER -74.6 
YLLCORNER 17.9 
CELLSIZE 0.00833333333333332 
NODATA_value -9999 
[rows 148 to 184 of 276, columns 246 to 327 of 372]
627 665 757 860 853 1060 1257 1254 1146 994 855 694 575 514 471 389 307 217 182 139 122 136 130 126 62 56 64 100 140 195 213 235 348 408 412 346 350 277 227 304 362 358 280 294 365 297 262 328 374 360 387 531 600 681 741 680 619 615 595 612 577 514 496 447 428 401 400 385 354 283 251 248 259 255 233 218 239 246 228 190 194 215
686 728 723 719 770 857 912 1060 1254 1230 1092 910 725 632 525 431 346 291 207 147 153 153 131 120 115 67 63 77 102 134 155 212 271 337 387 329 363 314 233 270 253 302 329 281 263 262 272 256 306 311 382 375 433 512 603 595 529 602 623 630 593 576 537 502 437 440 411 404 375 356 346 271 248 249 219 226 225 248 206 188 203 218
798 775 909 912 867 1028 1002 1005 1154 1277 1279 1122 921 756 651 513 419 369 273 212 205 163 120 95 92 129 74 71 92 114 168 181 235 253 272 310 360 294 228 224 276 235 258 263 237 253 267 237 229 252 285 309 290 315 314 397 424 563 639 668 629 613 600 562 482 444 417 374 349 345 302 308 254 233 211 213 220 236 219 191 188 197
1188 956 826 999 1069 1183 1191 1089 1142 1257 1321 1252 1062 795 632 530 511 452 354 296 225 180 144 119 104 112 152 100 71 91 115 183 240 271 289 330 393 416 303 195 204 263 311 287 257 227 231 230 245 221 219 240 258 221 220 242 365 492 542 661 648 642 631 574 545 451 397 371 314 275 245 233 234 215 207 229 205 220 205 193 202 229
1501 1332 1041 988 1169 1286 1323 1262 1214 1217 1288 1243 1129 981 869 753 611 560 489 414 318 254 181 141 148 122 136 116 114 81 71 88 112 134 190 246 279 346 342 232 208 278 250 254 273 262 250 218 239 277 231 185 255 239 221 204 240 363 435 563 613 645 621 595 546 465 325 338 318 230 236 236 205 236 202 220 216 219 209 182 205 216
1385 1446 1238 1158 1145 1206 1287 1259 1195 1143 1160 1218 1311 1294 1193 1015 874 671 610 554 472 414 259 178 172 150 124 99 123 103 116 78 74 80 100 117 113 182 248 233 178 240 196 232 272 265 281 239 199 230 251 194 202 200 181 175 177 239 330 407 524 575 585 534 455 280 184 333 312 224 219 232 202 239 193 198 214 214 196 180 191 214
1074 1229 1309 1207 982 970 1091 1135 1132 1147 1168 1187 1352 1462 1368 1231 1066 916 800 628 481 399 347 249 201 170 138 126 110 93 169 153 111 101 85 98 79 98 135 194 139 199 200 264 248 271 327 276 220 186 175 166 170 170 157 153 146 172 246 322 400 437 438 365 263 164 165 245 289 199 196 233 192 189 193 212 196 202 183 177 198 228
895 989 1160 1134 863 989 1156 1254 1277 1187 1104 1069 1188 1287 1321 1274 1224 1194 1037 847 623 493 342 324 313 231 184 152 127 117 118 108 96 179 182 142 98 84 89 106 123 148 174 175 294 363 317 241 224 203 193 190 151 143 153 139 126 138 152 178 226 226 185 165 166 190 276 300 221 188 188 200 190 208 215 200 182 178 183 210 234 228
1045 812 811 907 785 1060 1087 976 1142 1054 978 945 1014 1037 1112 1222 1290 1330 1270 1053 841 659 524 442 324 270 228 181 166 161 154 126 137 119 148 176 155 142 101 88 100 121 128 144 178 263 299 262 200 196 211 189 176 146 142 131 127 168 277 268 328 258 182 168 218 349 368 319 225 175 200 195 187 207 205 176 173 177 197 210 202 211
1040 902 632 599 600 886 1064 865 744 835 856 992 950 808 860 1053 1146 1310 1324 1263 1064 836 724 561 403 321 293 261 244 264 228 195 173 172 194 253 259 224 141 96 89 92 100 121 130 153 188 195 151 148 153 184 181 146 121 118 125 153 277 465 546 486 261 176 261 351 292 233 200 173 202 185 187 191 196 173 175 191 197 187 216 229
848 689 533 460 659 920 932 831 579 555 761 1018 1023 842 663 823 953 1111 1265 1355 1164 1001 917 794 565 366 374 338 351 423 377 394 312 310 273 372 351 292 202 152 127 110 91 99 102 115 128 144 175 154 178 186 162 155 120 130 142 147 229 465 642 651 397 204 218 301 333 294 242 194 178 173 187 189 189 189 172 174 170 181 191 188
774 563 413 425 639 680 725 698 484 581 693 864 833 652 729 865 981 988 1096 1223 1183 1155 1056 889 694 590 484 531 596 677 658 600 549 485 382 422 450 388 346 243 169 151 113 95 94 101 106 127 133 124 134 144 162 172 123 122 148 152 179 390 662 737 539 307 275 294 282 274 305 298 268 195 180 171 171 170 170 167 183 204 196 209
658 546 373 348 596 510 474 564 472 644 774 749 638 583 856 981 825 816 948 1029 1046 1020 889 780 753 682 641 643 663 736 818 863 861 756 621 565 540 500 452 357 268 183 146 124 97 94 96 106 114 99 104 123 147 153 121 120 133 144 175 293 507 797 730 608 496 423 348 293 258 231 240 300 198 179 171 169 170 177 199 212 212 218
460 487 385 303 490 582 516 402 379 535 580 511 678 725 944 1125 955 783 815 893 915 940 832 780 714 658 624 600 585 590 663 794 857 812 805 756 690 619 498 416 378 270 186 149 130 106 94 100 100 100 100 118 126 134 132 111 123 136 154 197 388 747 925 875 817 680 573 455 367 285 222 215 245 187 185 188 203 209 205 225 230 236
230 246 223 194 284 377 533 505 356 430 381 506 763 1003 1140 1097 967 887 752 795 932 871 790 743 850 835 762 684 620 590 569 693 674 798 949 1008 967 861 700 574 508 395 243 160 154 137 108 98 102 116 105 105 105 111 111 111 116 121 134 165 341 564 779 1028 964 837 709 621 523 413 257 198 178 203 195 200 208 220 225 238 250 260
98 124 134 148 191 228 272 278 258 377 381 490 700 897 1041 1062 898 914 922 687 765 643 694 799 898 1011 1034 923 777 673 565 572 568 654 749 838 885 843 720 669 561 417 273 181 142 124 124 138 139 127 112 111 116 110 116 135 149 135 126 178 293 367 490 726 967 992 931 812 653 517 326 219 191 247 233 231 264 287 297 302 340 330
69 89 105 116 135 168 196 188 254 286 318 363 473 575 699 791 800 646 806 612 476 561 874 1083 1173 1130 1100 999 913 755 633 559 555 541 567 665 718 561 513 490 448 347 246 177 166 139 158 181 190 162 145 127 133 135 151 159 165 141 137 170 304 331 390 463 598 881 1049 1005 838 668 460 284 205 210 225 246 270 264 283 301 317 353
59 74 87 91 103 140 159 168 227 308 361 297 320 363 467 493 486 471 467 468 318 400 618 923 1163 1085 1074 1005 917 838 701 596 544 557 493 429 425 390 413 370 345 274 234 227 230 174 167 211 216 188 173 152 129 153 209 216 168 149 154 145 219 326 397 377 459 542 681 879 954 778 613 382 257 236 242 254 295 342 377 451 472 497
45 57 66 70 77 94 124 172 197 217 261 335 240 285 332 318 317 377 366 298 330 464 493 616 871 971 1002 1122 1053 804 797 715 578 542 508 467 420 352 303 289 265 265 273 256 221 207 203 193 177 165 139 144 132 147 173 176 189 174 159 155 152 219 321 274 408 351 439 669 809 642 548 342 428 484 349 393 546 626 641 695 634 600
29 37 45 54 68 82 103 148 178 152 167 217 227 236 230 225 247 243 281 247 285 430 608 599 675 770 947 1117 1110 903 704 648 619 538 472 425 394 356 333 331 311 278 261 219 194 180 172 167 151 142 167 172 138 133 145 159 181 194 186 167 150 171 186 215 248 270 335 449 604 459 363 304 399 541 485 678 856 993 904 878 729 591
13 25 34 47 59 65 74 96 136 131 123 132 154 172 161 180 207 185 228 211 292 424 494 637 780 640 807 1069 1074 991 782 686 656 520 456 426 400 380 365 353 340 306 310 299 196 179 187 168 162 182 182 155 150 153 147 157 166 182 202 176 159 162 169 185 204 223 233 275 332 322 276 316 480 678 715 791 941 1060 1051 1016 880 657
7 18 27 37 44 45 47 51 72 114 130 102 126 134 129 121 133 147 190 192 245 412 595 743 591 564 701 787 766 720 676 688 681 530 504 456 437 419 389 337 295 255 231 218 209 198 198 197 201 202 184 161 170 180 179 167 186 188 195 203 185 175 171 178 189 196 206 214 225 263 337 476 681 812 881 897 948 958 995 1037 1024 810
-9999 9 17 24 29 29 26 30 44 47 63 80 84 104 130 108 106 131 188 168 229 284 372 464 543 817 891 919 901 775 682 644 614 575 589 523 504 461 392 355 312 273 253 247 229 216 205 221 213 196 190 184 183 187 189 176 178 195 209 232 214 187 186 191 192 203 225 223 224 239 315 481 617 686 779 885 959 948 934 935 1040 1130
-9999 -9999 4 12 15 14 11 12 21 31 41 47 54 68 86 94 142 168 142 167 196 239 262 276 458 715 931 973 882 846 709 622 669 712 682 613 621 537 428 383 358 328 326 308 293 255 225 228 224 226 218 203 200 205 198 198 187 186 201 232 205 195 213 274 314 325 355 335 353 280 256 321 453 440 571 766 835 820 854 860 941 1043
-9999 -9999 -9999 -9999 -9999 -9999 -9999 -9999 7 14 20 25 37 52 91 120 136 112 157 161 160 186 219 285 321 474 656 800 616 568 578 585 599 663 710 766 658 538 505 537 473 427 404 399 368 367 278 258 262 247 229 226 230 234 229 215 221 210 223 229 216 208 223 362 477 534 571 567 545 515 437 321 303 320 466 564 606 643 647 730 901 985
-9999 -9999 -9999 -9999 -9999 -9999 -9999 -9999 -9999 -9999 5 16 31 48 95 94 82 97 115 124 152 222 301 386 451 395 467 497 591 649 607 593 556 608 766 787 791 622 567 625 616 587 536 533 494 466 375 312 289 277 268 274 279 281 271 254 270 231 251 278 250 235 227 278 325 400 445 601 762 814 727 603 545 499 415 404 399 450 448 466 478 535
-9999 -9999 -9999 -9999 -9999 -9999 -9999 -9999 -9999 -9999 -9999 13 25 30 43 61 95 95 105 140 169 222 295 375 478 460 447 450 452 510 571 592 582 616 713 817 770 669 754 691 716 699 639 655 620 528 441 395 393 357 318 332 324 362 329 281 286 274 289 345 318 274 266 265 269 296 342 451 658 921 960 917 871 794 791 772 609 520 505 513 467 451
-9999 -9999 -9999 -9999 -9999 -9999 -9999 -9999 -9999 -9999 -9999 9 18 26 35 46 67 75 106 134 142 135 241 363 443 488 530 529 484 457 491 616 739 754 808 835 766 739 752 757 707 776 792 746 662 614 571 497 527 452 460 436 431 391 338 322 349 398 465 505 405 386 368 330 312 323 445 532 634 796 907 952 1039 1043 1058 1054 947 887 816 794 698 688
-9999 -9999 -9999 -9999 -9999 -9999 -9999 -9999 -9999 -9999 -9999 -9999 13 20 27 35 79 113 112 115 137 102 116 194 259 307 382 486 497 491 486 547 707 851 973 988 884 795 740 688 676 624 753 730 685 654 581 568 641 611 668 590 509 446 392 419 569 815 899 873 702 598 497 410 352 401 381 414 452 549 587 612 852 1045 1140 1209 1241 1209 1118 1030 1048 1060
-9999 -9999 -9999 -9999 -9999 -9999 -9999 -9999 -9999 -9999 -9999 -9999 6 11 17 22 27 47 57 78 64 68 99 120 153 211 313 447 530 584 567 521 590 740 953 992 927 801 676 648 703 638 587 641 649 658 602 620 743 794 763 686 673 658 589 639 908 1001 962 1052 1066 1013 852 593 537 619 721 800 784 584 535 530 571 749 945 1029 1159 1249 1291 1249 1272 1310
-9999 -9999 -9999 -9999 -9999 -9999 -9999 -9999 -9999 -9999 -9999 -9999 -9999 -9999 -9999 5 5 6 -9999 23 48 52 61 82 105 146 257 347 474 563 575 527 580 640 699 771 922 764 650 623 622 649 568 499 678 756 679 649 701 786 823 797 791 840 766 783 822 868 983 1083 1200 1281 1111 867 728 813 971 1007 1025 954 848 660 601 696 687 769 895 1043 1116 1304 1387 1350
-9999 -9999 -9999 -9999 -9999 -9999 -9999 -9999 -9999 -9999 -9999 -9999 -9999 -9999 -9999 -9999 -9999 -9999 -9999 -9999 21 37 48 54 66 81 121 215 313 435 484 441 430 521 626 672 728 806 653 569 586 570 575 563 539 809 608 525 561 716 800 823 748 682 703 631 721 861 1017 1177 1240 1065 786 814 777 751 932 1029 1052 1109 1128 973 780 718 893 878 858 841 1008 1226 1354 1333
-9999 -9999 -9999 -9999 -9999 -9999 -9999 -9999 -9999 -9999 -9999 -9999 -9999 -9999 -9999 -9999 -9999 -9999 -9999 -9999 -9999 -9999 9 20 35 42 64 118 208 308 438 544 468 305 366 422 507 664 679 553 421 471 599 607 463 468 510 554 657 665 661 736 584 430 535 686 835 967 1010 892 790 666 782 957 856 829 800 889 981 1086 1132 1107 1011 819 785 845 960 936 922 1014 1097 1047
-9999 -9999 -9999 -9999 -9999 -9999 -9999 -9999 -9999 -9999 -9999 -9999 -9999 -9999 -9999 -9999 -9999 -9999 -9999 -9999 -9999 -9999 -9999 -9999 9 17 44 71 87 168 305 382 437 343 266 302 282 454 529 541 419 315 290 342 364 369 534 556 596 615 505 616 485 429 640 770 812 780 569 426 483 680 888 970 944 926 794 832 918 948 980 1029 1150 1158 1086 966 867 875 850 976 980 1076
-9999 -9999 -9999 -9999 -9999 -9999 -9999 -9999 -9999 -9999 -9999 -9999 -9999 -9999 -9999 -9999 -9999 -9999 -9999 -9999 -9999 -9999 -9999 -9999 -9999 -9999 -9999 17 52 103 172 204 281 347 247 224 191 212 308 407 364 265 271 183 181 263 443 424 399 469 353 366 266 288 445 568 555 506 383 324 479 691 852 933 954 878 912 867 845 980 987 1013 994 1039 1135 1201 1077 1045 966 888 884 929
-9999 -9999 -9999 -9999 -9999 -9999 -9999 -9999 -9999 -9999 -9999 -9999 -9999 -9999 -9999 -9999 -9999 -9999 -9999 -9999 -9999 -9999 -9999 -9999 -9999 -9999 -9999 -9999 8 39 95 120 167 191 170 130 110 107 108 213 341 240 184 146 138 154 159 173 207 279 230 140 124 138 191 251 260 289 246 276 406 529 680 823 894 948 953 920 862 904 929 971 1048 1023 1067 1123 1170 1175 1164 1069 1002 966
-9999 -9999 -9999 -9999 -9999 -9999 -9999 -9999 -9999 -9999 -9999 -9999 -9999 -9999 -9999 -9999 -9999 -9999 -9999 -9999 -9999 -9999 -9999 -9999 -9999 -9999 -9999 -9999 3 5 18 65 113 102 67 51 64 65 46 41 97 118 82 101 103 103 89 68 62 100 110 77 83 91 82 105 125 115 140 188 272 294 466 616 832 960 1017 985 969 962 987 997 1057 1033 1024 1031 1043 1099 1126 1107 1117 1110
