layers/geo/HTI_alt.asc
NCOLS 372 
NROWS 276 
XLLCORNER -74.6 
YLLCORNER 17.9 
CELLSIZE 0.00833333333333332 
NODATA_value -9999 
[rows 74 to 110 of 276, columns 246 to 327 of 372]
655 799 878 742 611 477 406 387 374 362 374 408 454 509 488 353 350 503 650 827 805 709 734 615 475 455 572 463 334 398 301 518 604 523 465 441 529 654 565 589 330 365 438 282 204 82 71 152 253 359 268 262 359 394 365 348 380 436 432 297 197 125 115 73 65 60 59 78 115 154 144 89 76 74 93 98 83 103 103 68 48 38
708 665 696 830 675 541 464 414 378 372 377 378 385 422 574 521 361 430 585 669 705 722 630 623 644 644 772 604 452 563 536 651 566 526 524 557 693 599 479 532 459 392 325 332 214 143 84 166 175 364 239 222 311 384 409 397 404 497 492 499 321 204 150 89 77 66 66 67 78 95 127 176 118 104 87 139 99 101 129 98 50 34
606 574 477 564 642 704 614 472 412 406 429 443 405 406 478 505 524 514 448 495 572 548 597 684 705 643 726 821 730 624 583 568 568 518 518 498 705 498 445 450 460 331 275 195 211 229 94 116 211 212 169 200 234 327 344 374 469 583 547 547 496 305 162 122 87 93 88 76 81 94 123 181 267 162 108 104 79 68 66 88 60 40
420 423 419 466 601 680 779 626 470 470 537 543 447 447 481 564 632 653 707 712 647 639 699 841 841 707 719 780 684 653 644 614 702 717 701 593 561 443 499 483 492 372 329 243 162 192 108 138 123 156 128 163 254 300 329 357 407 442 441 452 482 235 149 137 101 123 234 127 94 103 135 177 297 273 144 109 82 78 74 56 59 53
331 373 510 565 523 600 633 733 597 513 597 672 575 577 563 614 602 596 616 695 770 802 762 803 965 807 723 642 562 610 678 625 609 665 738 591 506 433 514 651 549 368 315 179 167 156 169 197 120 107 210 225 363 327 347 347 336 348 360 386 476 466 376 331 182 133 242 154 156 122 128 192 198 194 196 123 102 80 67 61 80 80
417 440 497 544 553 540 515 590 732 704 598 693 818 814 713 714 693 688 638 618 632 740 873 924 976 829 699 568 543 663 678 614 526 665 734 671 597 427 510 677 595 393 222 190 234 227 378 307 293 136 271 398 367 397 352 333 342 363 393 488 586 696 565 356 279 237 305 343 260 166 237 215 148 137 138 149 127 110 69 77 88 91
328 397 376 401 485 426 532 646 735 783 801 762 931 1011 949 888 824 815 822 795 688 642 742 827 860 846 781 644 522 557 605 574 493 588 575 722 504 447 507 583 560 393 232 272 195 333 348 264 179 120 279 481 502 503 447 389 418 421 475 464 573 637 735 729 611 526 623 509 297 208 284 236 163 143 118 109 110 108 77 81 87 81
254 296 281 316 324 376 490 555 640 713 839 907 972 975 990 931 884 819 790 813 767 714 710 771 742 643 620 603 524 512 596 612 480 473 471 461 428 421 460 557 611 438 332 286 228 369 363 419 234 117 286 457 563 555 535 506 546 513 481 435 445 547 606 661 628 620 761 672 401 406 451 384 263 214 131 114 100 95 85 88 97 88
294 282 297 297 288 308 421 457 588 715 778 790 876 873 972 966 755 792 683 786 798 847 837 835 805 754 700 632 530 502 563 557 538 555 484 440 469 433 437 511 743 517 362 275 276 341 253 256 172 123 215 375 445 510 652 611 651 524 450 417 442 475 478 557 536 536 615 619 733 701 660 503 315 210 150 113 108 96 90 95 112 106
471 490 447 357 365 304 368 441 545 662 665 702 791 772 796 901 804 671 671 812 850 999 916 971 982 965 851 700 647 612 656 673 648 563 499 459 476 428 409 513 665 583 430 369 376 361 396 406 237 134 179 290 377 470 581 539 492 487 416 403 420 439 500 573 506 483 490 550 733 881 842 593 407 297 164 129 119 104 94 103 110 143
692 750 622 473 467 372 324 387 521 530 610 747 792 709 666 733 732 688 813 817 937 985 837 880 815 965 1001 859 788 799 814 756 695 639 521 522 571 530 435 438 537 478 679 586 560 455 473 384 263 143 142 209 326 414 499 536 454 430 393 431 518 520 542 506 456 475 479 554 682 695 801 649 545 304 174 133 116 105 108 116 125 140
724 872 778 642 559 417 386 329 386 478 591 678 720 645 608 648 722 666 754 773 826 821 844 764 748 856 963 885 726 701 767 748 636 561 561 641 766 769 635 473 429 418 613 556 720 747 591 414 259 209 136 164 250 307 400 466 442 406 398 397 467 493 533 500 446 467 462 499 558 583 783 724 590 402 233 186 131 122 166 128 134 152
667 819 917 878 742 564 465 366 353 363 448 596 647 557 561 633 714 621 658 733 756 761 834 693 724 739 791 766 695 716 808 882 801 703 839 880 904 738 634 512 442 395 504 737 1008 1015 736 483 353 248 184 143 169 272 356 400 440 403 359 409 431 572 692 628 499 438 445 465 476 556 776 794 581 548 438 270 184 151 202 145 157 187
417 673 763 937 996 847 584 416 489 486 396 513 483 470 558 558 585 602 624 708 685 740 705 651 654 684 664 724 756 641 750 874 962 958 1020 1014 1017 776 640 567 510 397 491 792 965 920 891 617 430 362 226 179 144 215 299 369 385 367 315 395 431 547 711 673 597 477 423 460 506 546 651 683 542 633 597 481 322 238 283 272 226 219
294 498 669 813 954 933 760 541 564 665 447 405 486 488 486 534 567 624 649 694 670 685 660 622 679 653 602 628 622 681 737 724 821 858 991 958 962 954 767 604 494 408 528 858 916 782 836 771 531 355 309 231 186 166 247 346 306 290 362 495 511 529 590 576 515 466 430 508 470 493 550 540 533 678 596 590 531 560 501 458 395 328
298 334 456 641 760 938 787 730 676 741 541 434 431 514 527 578 650 637 622 646 674 628 617 652 717 620 572 555 578 625 634 611 648 713 866 893 882 981 878 744 615 420 525 779 839 749 882 935 679 470 388 254 187 201 208 211 248 277 356 410 443 484 589 489 427 436 404 452 420 452 482 471 571 679 653 537 543 546 528 555 564 563
208 313 410 469 609 730 863 707 711 782 595 477 431 477 524 587 639 611 571 599 608 626 617 653 722 596 543 535 553 578 588 578 602 634 733 823 824 906 899 806 594 383 382 478 613 665 908 952 854 522 404 317 262 229 200 178 250 290 227 273 293 447 560 423 360 372 382 429 444 414 430 444 487 580 624 534 552 505 596 786 786 771
161 230 290 284 408 565 838 865 724 682 654 472 446 452 504 561 603 568 549 556 564 558 549 576 585 540 521 545 585 604 575 554 577 632 793 887 868 797 781 780 516 379 371 381 418 518 786 873 882 624 393 334 245 216 354 326 187 199 219 226 230 379 370 397 494 443 466 550 623 528 446 486 458 466 495 480 509 552 620 836 973 969
237 182 206 212 289 492 703 893 979 763 626 541 522 492 526 586 611 592 542 539 542 540 526 524 519 505 531 574 567 568 550 534 555 590 669 792 825 812 738 767 548 377 366 373 395 465 691 803 839 677 423 341 298 254 344 470 395 334 324 392 301 273 357 446 538 554 525 604 755 743 555 565 540 477 494 493 483 529 581 661 797 981
229 245 242 248 260 358 566 805 1026 1015 859 710 649 600 738 716 602 558 534 513 503 522 517 500 491 536 704 617 537 555 518 518 538 555 592 719 776 778 730 670 514 377 364 366 374 392 468 608 732 634 519 351 275 282 330 396 467 552 526 526 433 356 356 454 563 669 658 716 743 883 793 683 645 574 631 548 519 512 525 563 676 774
242 241 305 324 402 433 517 640 823 1026 1140 985 811 730 843 846 693 584 576 536 495 489 509 486 480 527 672 655 523 539 506 508 528 528 551 607 722 733 698 482 402 382 370 361 366 376 388 412 487 589 582 344 260 305 342 376 422 530 577 605 527 463 413 406 504 627 605 600 707 897 805 736 690 691 706 693 631 539 577 640 761 692
207 243 307 347 451 509 571 674 789 903 1245 1341 1097 886 710 630 661 672 578 553 515 478 477 469 500 581 633 599 543 495 484 489 512 505 522 573 681 694 641 432 390 380 369 358 359 365 371 387 431 595 569 357 266 302 347 380 422 459 504 535 651 610 523 469 446 496 517 612 721 935 873 719 678 684 725 789 815 658 646 623 739 754
180 190 234 351 484 533 568 673 769 831 1189 1394 1240 1037 784 597 625 774 652 627 540 486 458 453 454 496 524 557 574 566 474 476 522 489 547 629 652 593 624 445 389 373 365 356 355 360 362 368 383 482 497 346 304 300 350 374 400 424 460 531 553 662 694 579 519 519 602 638 769 892 866 740 657 682 709 731 836 788 801 834 784 853
207 170 204 254 341 414 545 594 666 703 937 1264 1397 1200 923 642 534 587 737 752 587 505 486 449 441 453 469 476 484 572 516 466 529 492 491 535 523 492 531 432 389 370 359 353 352 357 357 359 361 375 391 360 347 313 322 358 391 410 436 463 495 543 586 647 630 586 580 621 665 692 813 673 633 657 678 708 727 733 721 850 911 833
385 251 208 234 297 367 474 564 603 678 744 923 1203 1258 978 712 551 501 576 715 606 513 477 459 435 435 445 444 440 454 479 464 480 473 461 486 472 440 427 406 386 368 358 354 350 353 354 356 357 357 359 406 423 378 364 352 370 395 419 444 503 585 608 574 630 604 535 539 581 655 802 701 615 680 698 664 658 670 718 811 866 970
386 368 239 256 282 344 423 570 647 689 661 743 923 1082 1120 824 598 490 485 562 622 589 488 453 436 422 429 428 422 421 431 432 432 437 443 454 463 424 406 395 381 372 363 356 346 348 351 355 356 358 357 373 437 486 531 428 366 384 409 432 466 510 502 543 571 624 574 507 535 589 693 626 630 680 665 642 638 680 773 925 1037 994
281 397 345 291 334 386 407 473 621 576 589 609 712 827 1065 823 566 511 464 469 574 560 459 431 425 414 418 417 411 412 419 420 417 419 426 429 418 408 393 388 384 367 359 352 346 342 345 356 359 355 354 376 385 402 465 498 404 470 426 419 438 452 472 479 476 492 493 559 550 576 625 578 594 608 606 609 643 678 761 875 943 969
152 381 532 444 382 467 555 483 545 596 538 533 552 639 849 800 531 482 453 455 446 457 446 420 408 409 405 409 404 403 408 409 409 408 413 417 405 394 382 374 367 359 354 347 340 339 345 372 364 350 350 471 541 379 374 379 379 400 428 404 417 432 463 446 457 536 591 585 683 664 631 576 553 553 584 599 627 665 706 738 821 935
152 277 452 561 448 553 627 604 513 512 504 503 519 580 624 737 536 442 422 426 458 484 594 508 414 397 399 400 402 393 399 398 399 400 402 403 397 390 380 371 363 354 347 342 333 337 340 377 362 345 345 383 537 364 359 365 371 377 385 387 402 414 425 431 477 492 554 586 591 547 619 660 545 543 563 579 607 650 669 719 847 850
221 277 326 579 580 615 694 589 518 460 451 487 511 500 523 614 571 449 414 403 418 479 707 607 445 392 392 391 393 385 390 386 391 391 391 392 389 383 375 368 365 359 350 342 334 331 335 378 356 333 338 346 352 346 350 355 366 364 362 383 387 396 409 418 438 457 482 468 474 513 520 539 576 581 583 594 599 607 649 690 772 849
368 356 333 559 648 701 662 637 523 490 429 435 499 490 499 493 506 449 412 394 399 430 634 577 442 395 383 379 381 377 378 378 383 383 381 382 380 374 371 364 357 355 353 343 335 332 329 361 340 328 337 338 343 358 366 399 493 511 421 397 443 453 419 435 440 433 442 494 513 543 600 557 611 722 733 718 716 661 655 720 816 823
425 409 360 358 565 669 604 575 478 536 457 415 432 466 511 467 447 485 420 394 387 414 592 524 428 398 388 373 365 370 368 370 377 375 375 373 371 365 362 359 353 348 344 341 338 331 327 343 328 333 339 344 352 373 380 447 558 616 603 496 553 643 551 459 606 493 438 479 537 593 667 697 706 768 868 911 897 773 692 713 772 825
414 536 354 314 332 535 630 535 512 461 493 403 398 408 462 477 425 418 410 396 382 397 445 433 403 380 380 380 369 358 355 364 371 371 368 366 366 365 357 351 347 343 339 335 333 332 323 332 331 323 333 337 346 357 369 379 402 502 593 598 437 498 474 510 681 671 481 449 489 528 558 620 686 730 850 826 816 781 684 676 724 827
335 552 527 410 273 355 497 349 388 488 494 419 396 388 391 407 492 488 429 409 381 383 417 389 380 366 368 370 371 361 349 348 364 368 365 362 357 365 363 357 351 352 351 344 338 329 325 315 319 311 312 329 337 346 355 355 364 399 463 508 422 431 496 602 721 735 625 468 468 492 513 569 656 737 793 704 674 653 658 668 685 795
230 488 549 388 291 202 203 196 202 344 460 520 416 389 377 395 487 524 470 413 393 372 370 373 364 360 363 355 356 370 354 344 359 363 362 359 353 353 358 360 358 356 357 355 349 337 327 326 329 320 323 309 326 333 336 344 361 377 389 431 521 575 598 661 707 706 721 513 483 485 486 499 532 596 741 675 610 609 654 640 696 811
316 429 537 500 444 267 177 104 96 132 226 532 492 388 371 373 399 440 480 449 401 377 370 359 355 349 347 349 338 354 359 343 344 355 358 355 353 347 344 351 356 357 354 354 352 347 342 339 335 333 327 319 309 311 321 338 352 364 375 393 468 545 633 628 666 654 692 631 538 476 471 468 485 505 560 566 542 580 652 673 702 819
83 280 413 495 439 387 301 180 69 70 105 348 618 509 371 363 371 397 465 428 421 413 411 379 365 370 368 344 341 334 352 347 333 343 355 352 350 347 342 339 350 348 350 354 349 342 348 349 350 352 344 326 313 301 307 328 338 351 361 383 397 470 537 578 597 556 641 554 647 492 456 452 462 469 480 527 664 722 817 859 830 894
